0.5568703 0.1349074 0.1285294 0.1511746 0.1624015 0.1540678 -0.0071846 -0.0269387 -0.0351113 -0.0478247 -0.0389665 0.0814255 0.0797715 0.0728992 0.0471653 0.0771180 0.0714092 0.0421088 0.0469643 0.0536173 0.0430503 0.0517565 0.0466849 0.1186106 0.1183981 0.1157883 0.1286591 0.1228782 0.1334340 0.1107641 0.1392662 0.1015388 0.1151191 -0.7570122 -0.0569193 -0.0799683 -0.1129370 -0.0704880 -0.0885371 -0.0015556 0.0156512 -0.0040682 0.0203600 0.0204406 0.0156654 0.0418077 0.0460671 0.0375069 0.0358898 0.0401953 0.1347350 0.1339709 0.1296745 0.1084838 0.1410029 0.1374818 -0.1655280 -0.0836766 -0.1391439 -0.1770606 -0.1817800 -0.6029375 -0.6682351 -0.7443742 -0.0269394 -0.0626804 -0.0899170 -0.0748635 -0.0375668 -0.0502620 -0.0306873
0.1349074 0.5503457 0.1128940 0.1186128 0.1276601 0.1252426 0.0008637 -0.0175854 -0.0269271 -0.0428750 -0.0284357 0.0672137 0.0755983 0.0631315 0.0456225 0.0632588 0.0577866 0.0397346 0.0449518 0.0412714 0.0377252 0.0424875 0.0313016 0.0961309 0.0973032 0.0991276 0.1031468 0.1009737 0.1096227 0.0990992 0.1147587 0.0841984 0.0991998 -0.6402881 -0.0450742 -0.0579635 -0.0969780 -0.0574759 -0.0680948 0.0029936 0.0184491 -0.0016717 0.0176978 0.0215634 0.0163023 0.0347286 0.0396495 0.0216626 0.0248648 0.0330158 0.1087704 0.1070930 0.1026901 0.0911794 0.1127898 0.1092873 -0.1469255 -0.0655447 -0.1236519 -0.1550500 -0.1558902 -0.5038383 -0.5524603 -0.6251441 -0.0135702 -0.0548682 -0.0782323 -0.0621079 -0.0272129 -0.0352583 -0.0239981
0.1285294 0.1128940 0.5393360 0.1120742 0.1361168 0.1203055 0.0019252 -0.0231585 -0.0292032 -0.0431904 -0.0311135 0.0744821 0.0756111 0.0640258 0.0482720 0.0681818 0.0578514 0.0466240 0.0435720 0.0383379 0.0383381 0.0502452 0.0408268 0.0996762 0.0961446 0.0966378 0.1074196 0.1053597 0.1082656 0.1008970 0.1175558 0.0909465 0.1020064 -0.6575829 -0.0514389 -0.0612099 -0.0963318 -0.0582075 -0.0721047 0.0019267 0.0159891 0.0024826 0.0207917 0.0215234 0.0172736 0.0412655 0.0437377 0.0328538 0.0266513 0.0291290 0.1144538 0.1131350 0.1044677 0.0909774 0.1123918 0.1138798 -0.1506394 -0.0662936 -0.1240209 -0.1597483 -0.1588432 -0.5143646 -0.5672446 -0.6427881 -0.0200654 -0.0532928 -0.0737460 -0.0614169 -0.0314771 -0.0356343 -0.0232076
0.1511746 0.1186128 0.1120742 0.5434039 0.1374765 0.1452678 0.0020653 -0.0141690 -0.0306580 -0.0429221 -0.0320343 0.0754236 0.0817366 0.0742377 0.0509348 0.0729586 0.0642346 0.0449200 0.0452785 0.0460617 0.0430446 0.0415360 0.0436051 0.1096445 0.1017156 0.1028243 0.1240623 0.1096592 0.1168882 0.1008517 0.1208748 0.0899377 0.1082010 -0.7037369 -0.0549455 -0.0648814 -0.1011600 -0.0617539 -0.0747086 0.0025039 0.0146206 -0.0011951 0.0201704 0.0240534 0.0168411 0.0410103 0.0486566 0.0314477 0.0305931 0.0379416 0.1210823 0.1227195 0.1150251 0.1029266 0.1248330 0.1230334 -0.1632121 -0.0724648 -0.1341138 -0.1677151 -0.1675229 -0.5571852 -0.6219330 -0.6950765 -0.0181943 -0.0599490 -0.0801244 -0.0706292 -0.0321260 -0.0447165 -0.0255387
0.1624015 0.1276601 0.1361168 0.1374765 0.5624584 0.1620669 -0.0078298 -0.0269670 -0.0337661 -0.0459386 -0.0371791 0.0894129 0.0916915 0.0845498 0.0465591 0.0907694 0.0746414 0.0434121 0.0471722 0.0437502 0.0434394 0.0452971 0.0567406 0.1266109 0.1148647 0.1198233 0.1456570 0.1356869 0.1416994 0.1099903 0.1431735 0.1017987 0.1140240 -0.7836995 -0.0676514 -0.0799661 -0.1113945 -0.0767295 -0.0853816 0.0042729 0.0123253 0.0030265 0.0197371 0.0175477 0.0122789 0.0395491 0.0425173 0.0421697 0.0425790 0.0462007 0.1436362 0.1476194 0.1191366 0.1090673 0.1498584 0.1466829 -0.1678307 -0.0860014 -0.1431563 -0.1846168 -0.1858783 -0.6285923 -0.7034569 -0.7745020 -0.0257597 -0.0705218 -0.0934614 -0.0723436 -0.0448556 -0.0570877 -0.0399123
0.1540678 0.1252426 0.1203055 0.1452678 0.1620669 0.5582710 -0.0019050 -0.0219123 -0.0339051 -0.0405611 -0.0372972 0.0751209 0.0835770 0.0728646 0.0446246 0.0785760 0.0657724 0.0444519 0.0485207 0.0425122 0.0446776 0.0493880 0.0464102 0.1214292 0.1102902 0.1159695 0.1307073 0.1262432 0.1312938 0.1010924 0.1344382 0.0935540 0.1075578 -0.7407992 -0.0591288 -0.0714824 -0.1080072 -0.0661564 -0.0790618 0.0084750 0.0169125 0.0011171 0.0200768 0.0223563 0.0161137 0.0375192 0.0458730 0.0307198 0.0313126 0.0465768 0.1283168 0.1348635 0.1178151 0.1038909 0.1368928 0.1329738 -0.1690094 -0.0842890 -0.1375005 -0.1758076 -0.1813746 -0.5925917 -0.6597860 -0.7316703 -0.0233941 -0.0630389 -0.0828672 -0.0682211 -0.0400470 -0.0523858 -0.0345999
-0.0071846 0.0008637 0.0019252 0.0020653 -0.0078298 -0.0019050 0.7354660 0.1155220 0.1270825 0.1454078 0.1349505 -0.0045634 0.0051073 -0.0036058 0.0167350 0.0001043 0.0013603 0.0126144 0.0135845 0.0101226 0.0049032 0.0026114 -0.0007927 -0.0080846 -0.0011343 -0.0017173 -0.0075601 -0.0005114 -0.0118364 0.0164740 -0.0023492 0.0109943 0.0069738 -0.4056294 0.0264093 0.0331955 0.0423250 0.0262416 0.0346657 0.0112701 0.0158961 0.0075931 0.0162071 0.0171988 0.0112347 0.0060326 0.0127334 -0.0013494 -0.0006160 0.0042966 -0.0106262 -0.0051391 -0.0024166 0.0043744 -0.0106636 -0.0106212 -0.0020991 0.0112924 0.0020082 -0.0105691 -0.0065448 -0.3317916 -0.3775749 -0.4070454 0.0724486 -0.0070684 -0.0128022 -0.0027656 0.0252494 0.0279163 0.0220089
-0.0269387 -0.0175854 -0.0231585 -0.0141690 -0.0269670 -0.0219123 0.1155220 0.8378303 0.2444673 0.2234052 0.2063886 -0.0181813 -0.0100874 -0.0178259 -0.0044412 -0.0179625 -0.0100911 0.0030079 0.0041561 -0.0021815 -0.0039982 -0.0086659 -0.0020385 -0.0250715 -0.0214604 -0.0157861 -0.0255008 -0.0228122 -0.0310522 -0.0074309 -0.0209902 -0.0059275 -0.0112058 -0.4680036 0.0464954 0.0493905 0.0764868 0.0514289 0.0541681 0.0181313 0.0134178 0.0185689 0.0164030 0.0205930 0.0216011 0.0032383 0.0010367 0.0051585 0.0036336 0.0027892 -0.0327263 -0.0315787 -0.0221347 -0.0170711 -0.0310884 -0.0323412 0.0302979 0.0181118 0.0261779 0.0341510 0.0352386 -0.3962176 -0.4622361 -0.4778835 0.0982529 0.0060773 0.0051114 0.0118214 0.0341093 0.0276331 0.0281656
-0.0351113 -0.0269271 -0.0292032 -0.0306580 -0.0337661 -0.0339051 0.1270825 0.2444673 0.9226009 0.2576952 0.2413844 -0.0329060 -0.0254620 -0.0281753 -0.0141672 -0.0335160 -0.0300745 -0.0085265 0.0027658 0.0004804 -0.0063118 -0.0134128 -0.0070423 -0.0382169 -0.0333101 -0.0310528 -0.0375618 -0.0316508 -0.0479586 -0.0165251 -0.0316849 -0.0190455 -0.0235542 -0.4774022 0.0545704 0.0620146 0.0932786 0.0572920 0.0660616 0.0174246 0.0261195 0.0303270 0.0117211 0.0204558 0.0228788 -0.0019260 -0.0082088 -0.0022871 -0.0056884 0.0046247 -0.0433419 -0.0387661 -0.0343726 -0.0327933 -0.0455040 -0.0485538 0.0491117 0.0359245 0.0534052 0.0686653 0.0609917 -0.4193584 -0.4802125 -0.4953427 0.1173656 0.0122321 0.0193719 0.0230908 0.0352916 0.0309522 0.0312831
-0.0478247 -0.0428750 -0.0431904 -0.0429221 -0.0459386 -0.0405611 0.1454078 0.2234052 0.2576952 1.0012479 0.2662216 -0.0322164 -0.0282444 -0.0287145 -0.0200482 -0.0335021 -0.0307280 -0.0124373 -0.0049554 -0.0085254 -0.0088482 -0.0092809 -0.0070233 -0.0427512 -0.0389334 -0.0272669 -0.0425135 -0.0347928 -0.0484797 -0.0264134 -0.0440926 -0.0316083 -0.0306768 -0.4767764 0.0564913 0.0696769 0.1030097 0.0713199 0.0670364 0.0279502 0.0202656 0.0340443 0.0148768 0.0137557 0.0144072 -0.0015734 -0.0051512 -0.0024687 -0.0000383 -0.0004762 -0.0511272 -0.0465149 -0.0360440 -0.0342158 -0.0519121 -0.0505395 0.0683638 0.0369494 0.0559768 0.0643311 0.0651451 -0.4189118 -0.4909433 -0.5064976 0.1216451 0.0170639 0.0348790 0.0312206 0.0375606 0.0319199 0.0344206
-0.0389665 -0.0284357 -0.0311135 -0.0320343 -0.0371791 -0.0372972 0.1349505 0.2063886 0.2413844 0.2662216 0.9447384 -0.0316538 -0.0220927 -0.0308490 -0.0148556 -0.0349015 -0.0191209 -0.0056517 -0.0021800 -0.0019257 -0.0064952 -0.0066791 -0.0071584 -0.0455443 -0.0358337 -0.0316948 -0.0353859 -0.0369562 -0.0408548 -0.0164514 -0.0332685 -0.0202474 -0.0196493 -0.4871929 0.0592305 0.0697425 0.0991021 0.0585086 0.0740183 0.0244815 0.0180123 0.0309076 0.0161064 0.0193412 0.0104901 -0.0117328 -0.0045342 0.0019228 0.0003127 0.0077408 -0.0421606 -0.0396266 -0.0389070 -0.0313770 -0.0453205 -0.0475399 0.0686872 0.0313688 0.0485293 0.0575110 0.0594005 -0.4231869 -0.4955176 -0.5033513 0.1243688 0.0146152 0.0230906 0.0259952 0.0372056 0.0394333 0.0307219
0.0814255 0.0672137 0.0744821 0.0754236 0.0894129 0.0751209 -0.0045634 -0.0181813 -0.0329060 -0.0322164 -0.0316538 0.6418690 0.1482511 0.2546640 0.0905304 0.2414341 0.2279315 0.0478502 0.0516596 0.0499922 0.0541508 0.0440610 0.0499907 0.0765870 0.0731076 0.0866722 0.0888559 0.0864230 0.0955883 0.0623618 0.0682571 0.0602993 0.0649973 -0.7153311 -0.0573324 -0.0623701 -0.0946453 -0.0621168 -0.0735773 0.0154588 0.0182690 -0.0002320 0.0145366 0.0216465 0.0215526 0.0440952 0.0499924 0.0428181 0.0549905 0.0423080 0.0719955 0.0760318 0.0733557 0.0621583 0.0772466 0.0802787 -0.1385939 -0.0743547 -0.1217145 -0.1506810 -0.1534452 -0.5776166 -0.6503164 -0.7148955 -0.0181832 -0.0512738 -0.0610099 -0.0628525 -0.0410744 -0.0441560 -0.0337524
0.0797715 0.0755983 0.0756111 0.0817366 0.0916915 0.0835770 0.0051073 -0.0100874 -0.0254620 -0.0282444 -0.0220927 0.1482511 0.5811518 0.1377877 0.0795600 0.1384763 0.1349361 0.0428001 0.0520570 0.0474923 0.0428234 0.0456411 0.0406917 0.0809788 0.0797344 0.0900991 0.0881901 0.0875849 0.0982059 0.0667925 0.0745568 0.0619615 0.0684760 -0.6423575 -0.0450946 -0.0569122 -0.0831549 -0.0552955 -0.0653944 0.0084950 0.0163385 0.0067752 0.0162308 0.0222916 0.0159258 0.0416926 0.0449299 0.0380157 0.0362073 0.0375979 0.0770877 0.0812177 0.0763120 0.0659728 0.0773793 0.0823089 -0.1326492 -0.0619474 -0.1122770 -0.1470715 -0.1422419 -0.5109734 -0.5738741 -0.6354520 -0.0135453 -0.0454613 -0.0629834 -0.0545032 -0.0284301 -0.0383263 -0.0224097
0.0728992 0.0631315 0.0640258 0.0742377 0.0845498 0.0728646 -0.0036058 -0.0178259 -0.0281753 -0.0287145 -0.0308490 0.2546640 0.1377877 0.6126816 0.0873859 0.2710945 0.2731155 0.0409570 0.0507272 0.0464381 0.0513512 0.0585916 0.0457633 0.0778962 0.0684153 0.0763291 0.0787935 0.0814771 0.0926453 0.0543029 0.0596737 0.0543899 0.0609356 -0.7017490 -0.0600508 -0.0561336 -0.0907789 -0.0589134 -0.0683484 0.0185193 0.0146702 0.0091070 0.0204679 0.0206727 0.0155890 0.0439737 0.0453431 0.0442057 0.0433577 0.0473088 0.0767795 0.0713880 0.0698777 0.0573957 0.0696365 0.0749441 -0.1296926 -0.0664860 -0.1175643 -0.1416880 -0.1476755 -0.5715618 -0.6476935 -0.7018082 -0.0192262 -0.0528344 -0.0664924 -0.0558047 -0.0438768 -0.0453156 -0.0384772
0.0471653 0.0456225 0.0482720 0.0509348 0.0465591 0.0446246 0.0167350 -0.0044412 -0.0141672 -0.0200482 -0.0148556 0.0905304 0.0795600 0.0873859 0.5810996 0.0946287 0.0912783 0.0319350 0.0336025 0.0258195 0.0253260 0.0243697 0.0242422 0.0424784 0.0438933 0.0453065 0.0427316 0.0490047 0.0464764 0.0517304 0.0482055 0.0510050 0.0515184 -0.3871107 -0.0236447 -0.0299248 -0.0521219 -0.0297531 -0.0364508 0.0014266 0.0129142 -0.0006122 0.0111369 0.0224189 0.0117750 0.0249350 0.0353225 0.0166629 0.0202905 0.0199657 0.0424690 0.0430310 0.0449332 0.0529438 0.0413190 0.0423568 -0.0964702 -0.0416583 -0.0767649 -0.1021148 -0.1017547 -0.2988551 -0.3313018 -0.3806328 -0.0039994 -0.0269739 -0.0452561 -0.0321367 -0.0061083 -0.0163390 -0.0027037
0.0771180 0.0632588 0.0681818 0.0729586 0.0907694 0.0785760 0.0001043 -0.0179625 -0.0335160 -0.0335021 -0.0349015 0.2414341 0.1384763 0.2710945 0.0946287 0.6591120 0.2406775 0.0460488 0.0540116 0.0561515 0.0479671 0.0554869 0.0618092 0.0818271 0.0793578 0.0867751 0.0955919 0.0852206 0.0925208 0.0588852 0.0709420 0.0617954 0.0643032 -0.7365647 -0.0606896 -0.0646247 -0.0913559 -0.0596308 -0.0735800 0.0118351 0.0098025 0.0073017 0.0185729 0.0188457 0.0139524 0.0530776 0.0459024 0.0524996 0.0572075 0.0510374 0.0744988 0.0747483 0.0666103 0.0590429 0.0709061 0.0750777 -0.1410434 -0.0690528 -0.1186553 -0.1469434 -0.1449040 -0.5951908 -0.6736785 -0.7375334 -0.0200028 -0.0532650 -0.0720541 -0.0571197 -0.0427576 -0.0471096 -0.0367447
0.0714092 0.0577866 0.0578514 0.0642346 0.0746414 0.0657724 0.0013603 -0.0100911 -0.0300745 -0.0307280 -0.0191209 0.2279315 0.1349361 0.2731155 0.0912783 0.2406775 0.6838567 0.0491027 0.0565360 0.0471556 0.0602393 0.0597651 0.0641528 0.0734861 0.0690093 0.0735623 0.0773198 0.0756580 0.0871813 0.0534983 0.0576997 0.0526229 0.0585418 -0.7156606 -0.0594475 -0.0638086 -0.0850738 -0.0611701 -0.0643319 0.0240687 0.0187286 0.0111482 0.0205390 0.0224377 0.0286402 0.0425856 0.0436360 0.0497125 0.0547419 0.0495267 0.0583223 0.0690396 0.0639594 0.0536591 0.0651361 0.0618672 -0.1220049 -0.0664969 -0.1116981 -0.1512697 -0.1434787 -0.5859306 -0.6603804 -0.7167726 -0.0116117 -0.0445790 -0.0636196 -0.0502040 -0.0415313 -0.0411797 -0.0359826
0.0421088 0.0397346 0.0466240 0.0449200 0.0434121 0.0444519 0.0126144 0.0030079 -0.0085265 -0.0124373 -0.0056517 0.0478502 0.0428001 0.0409570 0.0319350 0.0460488 0.0491027 0.6428888 0.0684055 0.0687109 0.0697857 0.0813497 0.0757420 0.0502357 0.0487911 0.0416594 0.0513580 0.0504314 0.0449580 0.0397895 0.0409271 0.0383610 0.0414410 -0.5615982 -0.0243569 -0.0309024 -0.0511510 -0.0278927 -0.0379365 0.0427207 0.0373522 0.0341417 0.0359491 0.0326876 0.0348494 0.0598577 0.0501995 0.0663691 0.0644021 0.0611602 0.0478187 0.0466319 0.0383791 0.0452253 0.0432662 0.0428125 -0.0833568 -0.0358857 -0.0714608 -0.0890941 -0.0960624 -0.4524550 -0.5156627 -0.5587676 0.0026713 -0.0182049 -0.0357209 -0.0318698 -0.0159205 -0.0205293 -0.0098285
0.0469643 0.0449518 0.0435720 0.0452785 0.0471722 0.0485207 0.0135845 0.0041561 0.0027658 -0.0049554 -0.0021800 0.0516596 0.0520570 0.0507272 0.0336025 0.0540116 0.0565360 0.0684055 0.6412881 0.0687912 0.0701227 0.0786043 0.0769890 0.0484471 0.0483012 0.0509639 0.0509773 0.0538460 0.0475895 0.0443844 0.0494971 0.0443991 0.0423848 -0.5799978 -0.0312854 -0.0315274 -0.0517197 -0.0291188 -0.0381946 0.0330280 0.0333851 0.0417320 0.0388542 0.0356613 0.0448133 0.0628400 0.0600608 0.0647378 0.0753222 0.0667327 0.0469931 0.0415526 0.0451037 0.0414461 0.0428479 0.0400927 -0.0991014 -0.0429374 -0.0787498 -0.1036937 -0.1069778 -0.4732015 -0.5310479 -0.5835598 0.0093860 -0.0226504 -0.0378208 -0.0284223 -0.0202997 -0.0245400 -0.0156344
0.0536173 0.0412714 0.0383379 0.0460617 0.0437502 0.0425122 0.0101226 -0.0021815 0.0004804 -0.0085254 -0.0019257 0.0499922 0.0474923 0.0464381 0.0258195 0.0561515 0.0471556 0.0687109 0.0687912 0.6938170 0.0807580 0.0871354 0.0924944 0.0497757 0.0463400 0.0488960 0.0530996 0.0514050 0.0515070 0.0333230 0.0419625 0.0347787 0.0363738 -0.6252934 -0.0279676 -0.0350050 -0.0575419 -0.0351426 -0.0369941 0.0413383 0.0407603 0.0545957 0.0450596 0.0400237 0.0427242 0.0766832 0.0572557 0.0880444 0.0868445 0.0825605 0.0469816 0.0480630 0.0335533 0.0412062 0.0374739 0.0405338 -0.0875632 -0.0491935 -0.0742205 -0.0890004 -0.0891618 -0.5173396 -0.5847078 -0.6352119 0.0042245 -0.0236204 -0.0348486 -0.0297081 -0.0230369 -0.0253231 -0.0217679
0.0430503 0.0377252 0.0383381 0.0430446 0.0434394 0.0446776 0.0049032 -0.0039982 -0.0063118 -0.0088482 -0.0064952 0.0541508 0.0428234 0.0513512 0.0253260 0.0479671 0.0602393 0.0697857 0.0701227 0.0807580 0.6954876 0.0916875 0.0901113 0.0533273 0.0460910 0.0425689 0.0580722 0.0464957 0.0560340 0.0343647 0.0362583 0.0352521 0.0304508 -0.6173285 -0.0280288 -0.0344097 -0.0437370 -0.0287715 -0.0425825 0.0492751 0.0401507 0.0444918 0.0383795 0.0351417 0.0513748 0.0748219 0.0548825 0.0832127 0.0824039 0.0859582 0.0426420 0.0420805 0.0413816 0.0392217 0.0389531 0.0347386 -0.0846090 -0.0436951 -0.0643339 -0.0849354 -0.0945912 -0.5089632 -0.5853781 -0.6198546 -0.0006024 -0.0253523 -0.0305276 -0.0266426 -0.0202751 -0.0296664 -0.0174284
0.0517565 0.0424875 0.0502452 0.0415360 0.0452971 0.0493880 0.0026114 -0.0086659 -0.0134128 -0.0092809 -0.0066791 0.0440610 0.0456411 0.0585916 0.0243697 0.0554869 0.0597651 0.0813497 0.0786043 0.0871354 0.0916875 0.7094960 0.0967158 0.0525274 0.0479092 0.0488764 0.0556227 0.0547884 0.0522649 0.0357112 0.0370371 0.0342115 0.0369779 -0.6500384 -0.0379006 -0.0318521 -0.0515611 -0.0385765 -0.0485079 0.0448185 0.0396044 0.0414318 0.0445184 0.0362464 0.0433862 0.0768779 0.0616721 0.0924098 0.0913136 0.0936870 0.0504405 0.0489438 0.0409598 0.0350023 0.0422111 0.0411120 -0.0828092 -0.0427210 -0.0685009 -0.0882878 -0.1008578 -0.5390826 -0.6115134 -0.6556544 0.0076982 -0.0276614 -0.0281734 -0.0186761 -0.0280437 -0.0334577 -0.0254179
0.0466849 0.0313016 0.0408268 0.0436051 0.0567406 0.0464102 -0.0007927 -0.0020385 -0.0070423 -0.0070233 -0.0071584 0.0499907 0.0406917 0.0457633 0.0242422 0.0618092 0.0641528 0.0757420 0.0769890 0.0924944 0.0901113 0.0967158 0.7362102 0.0570215 0.0434564 0.0526192 0.0593617 0.0500170 0.0567265 0.0328189 0.0481711 0.0294824 0.0332571 -0.6697857 -0.0381585 -0.0380596 -0.0505278 -0.0349108 -0.0501203 0.0437245 0.0418995 0.0501915 0.0458553 0.0354030 0.0430567 0.0908461 0.0594820 0.1000141 0.0926353 0.0994511 0.0455159 0.0461574 0.0359565 0.0358124 0.0411452 0.0349825 -0.0839599 -0.0441405 -0.0699654 -0.0757167 -0.0913038 -0.5530761 -0.6364279 -0.6730744 0.0034314 -0.0261888 -0.0299250 -0.0182453 -0.0272875 -0.0347703 -0.0272821
0.1186106 0.0961309 0.0996762 0.1096445 0.1266109 0.1214292 -0.0080846 -0.0250715 -0.0382169 -0.0427512 -0.0455443 0.0765870 0.0809788 0.0778962 0.0424784 0.0818271 0.0734861 0.0502357 0.0484471 0.0497757 0.0533273 0.0525274 0.0570215 0.5984021 0.1096201 0.1209044 0.1410733 0.1215915 0.1482088 0.0808384 0.1023573 0.0770011 0.0861451 -0.7181684 -0.0566816 -0.0654663 -0.0880646 -0.0670006 -0.0742558 0.0082628 0.0136401 0.0029278 0.0154014 0.0278270 0.0135766 0.0494010 0.0473952 0.0397431 0.0501534 0.0546904 0.1156046 0.1101551 0.1022687 0.0879880 0.1075412 0.1124803 -0.1454683 -0.0726405 -0.1275762 -0.1590566 -0.1568633 -0.5762452 -0.6407705 -0.7125279 -0.0184225 -0.0547778 -0.0643034 -0.0592079 -0.0384200 -0.0446460 -0.0350539
0.1183981 0.0973032 0.0961446 0.1017156 0.1148647 0.1102902 -0.0011343 -0.0214604 -0.0333101 -0.0389334 -0.0358337 0.0731076 0.0797344 0.0684153 0.0438933 0.0793578 0.0690093 0.0487911 0.0483012 0.0463400 0.0460910 0.0479092 0.0434564 0.1096201 0.5753848 0.1241478 0.1290030 0.1138617 0.1279707 0.0880800 0.1025781 0.0778500 0.0878248 -0.6815860 -0.0502673 -0.0575488 -0.0888890 -0.0603676 -0.0711943 0.0103325 0.0140666 0.0068159 0.0169845 0.0227242 0.0153300 0.0423449 0.0428959 0.0345948 0.0347771 0.0391837 0.1066204 0.1036147 0.0931395 0.0843191 0.1052087 0.1060699 -0.1400611 -0.0693031 -0.1206451 -0.1524927 -0.1531391 -0.5389558 -0.6020891 -0.6666626 -0.0173269 -0.0467103 -0.0670945 -0.0586808 -0.0302825 -0.0386034 -0.0230974
0.1157883 0.0991276 0.0966378 0.1028243 0.1198233 0.1159695 -0.0017173 -0.0157861 -0.0310528 -0.0272669 -0.0316948 0.0866722 0.0900991 0.0763291 0.0453065 0.0867751 0.0735623 0.0416594 0.0509639 0.0488960 0.0425689 0.0488764 0.0526192 0.1209044 0.1241478 0.5819992 0.1266832 0.1186850 0.1289427 0.0845489 0.1039474 0.0754448 0.0852560 -0.7082131 -0.0540221 -0.0657338 -0.0949134 -0.0612618 -0.0724789 0.0102890 0.0141270 0.0023882 0.0172542 0.0213757 0.0114865 0.0498577 0.0458606 0.0361367 0.0338123 0.0467063 0.1122698 0.1110228 0.0983042 0.0873856 0.1074181 0.1055260 -0.1474820 -0.0733204 -0.1216786 -0.1489690 -0.1545962 -0.5628379 -0.6289245 -0.6955686 -0.0161470 -0.0537913 -0.0710826 -0.0628825 -0.0376600 -0.0432777 -0.0300132
0.1286591 0.1031468 0.1074196 0.1240623 0.1456570 0.1307073 -0.0075601 -0.0255008 -0.0375618 -0.0425135 -0.0353859 0.0888559 0.0881901 0.0787935 0.0427316 0.0955919 0.0773198 0.0513580 0.0509773 0.0530996 0.0580722 0.0556227 0.0593617 0.1410733 0.1290030 0.1266832 0.5925753 0.1410236 0.1487911 0.0878025 0.1159674 0.0821564 0.0937504 -0.7705183 -0.0598954 -0.0766526 -0.1033636 -0.0683666 -0.0830181 0.0147999 0.0173660 0.0044071 0.0181239 0.0236846 0.0121217 0.0486238 0.0507861 0.0515244 0.0437810 0.0509849 0.1237792 0.1265718 0.1106462 0.0908433 0.1228187 0.1308844 -0.1506900 -0.0813476 -0.1345287 -0.1654618 -0.1704011 -0.6197216 -0.6938622 -0.7663273 -0.0264124 -0.0591521 -0.0805967 -0.0705628 -0.0446074 -0.0555902 -0.0405104
0.1228782 0.1009737 0.1053597 0.1096592 0.1356869 0.1262432 -0.0005114 -0.0228122 -0.0316508 -0.0347928 -0.0369562 0.0864230 0.0875849 0.0814771 0.0490047 0.0852206 0.0756580 0.0504314 0.0538460 0.0514050 0.0464957 0.0547884 0.0500170 0.1215915 0.1138617 0.1186850 0.1410236 0.5882578 0.1350496 0.0913233 0.1086506 0.0827622 0.0929086 -0.7323530 -0.0588672 -0.0690328 -0.1017392 -0.0674518 -0.0778911 0.0130142 0.0196308 0.0068264 0.0231032 0.0257240 0.0163952 0.0426262 0.0485061 0.0522627 0.0472709 0.0444456 0.1158777 0.1198461 0.1059742 0.0909142 0.1210499 0.1149785 -0.1633035 -0.0798128 -0.1336201 -0.1668843 -0.1717132 -0.5908799 -0.6558303 -0.7269064 -0.0171412 -0.0538315 -0.0791554 -0.0703560 -0.0412210 -0.0484109 -0.0305902
0.1334340 0.1096227 0.1082656 0.1168882 0.1416994 0.1312938 -0.0118364 -0.0310522 -0.0479586 -0.0484797 -0.0408548 0.0955883 0.0982059 0.0926453 0.0464764 0.0925208 0.0871813 0.0449580 0.0475895 0.0515070 0.0560340 0.0522649 0.0567265 0.1482088 0.1279707 0.1289427 0.1487911 0.1350496 0.6193062 0.0893401 0.1140923 0.0804230 0.0993631 -0.7634611 -0.0698463 -0.0849736 -0.1079101 -0.0785343 -0.0936846 0.0092304 0.0155407 0.0153554 0.0167242 0.0200837 0.0152067 0.0493640 0.0439194 0.0534074 0.0505900 0.0482534 0.1242975 0.1250983 0.1089510 0.0946544 0.1266960 0.1256300 -0.1515778 -0.0868596 -0.1339161 -0.1632926 -0.1678633 -0.6214683 -0.6886842 -0.7584972 -0.0264383 -0.0593549 -0.0727103 -0.0710225 -0.0503715 -0.0536545 -0.0441736
0.1107641 0.0990992 0.1008970 0.1008517 0.1099903 0.1010924 0.0164740 -0.0074309 -0.0165251 -0.0264134 -0.0164514 0.0623618 0.0667925 0.0543029 0.0517304 0.0588852 0.0534983 0.0397895 0.0443844 0.0333230 0.0343647 0.0357112 0.0328189 0.0808384 0.0880800 0.0845489 0.0878025 0.0913233 0.0893401 0.5103446 0.1392199 0.1064123 0.1355889 -0.6229470 -0.0424804 -0.0549520 -0.0861990 -0.0517222 -0.0616496 -0.0011455 0.0108786 -0.0009995 0.0154872 0.0254332 0.0193954 0.0283741 0.0410341 0.0212625 0.0258168 0.0315305 0.1051508 0.1064907 0.0998086 0.0934064 0.1090366 0.1050308 -0.1471688 -0.0639269 -0.1150719 -0.1512392 -0.1568368 -0.4771129 -0.5341517 -0.6032395 -0.0081550 -0.0502776 -0.0711125 -0.0580840 -0.0194433 -0.0318222 -0.0116244
0.1392662 0.1147587 0.1175558 0.1208748 0.1431735 0.1344382 -0.0023492 -0.0209902 -0.0316849 -0.0440926 -0.0332685 0.0682571 0.0745568 0.0596737 0.0482055 0.0709420 0.0576997 0.0409271 0.0494971 0.0419625 0.0362583 0.0370371 0.0481711 0.1023573 0.1025781 0.1039474 0.1159674 0.1086506 0.1140923 0.1392199 0.5419664 0.1207550 0.1450267 -0.7298884 -0.0594111 -0.0701890 -0.1046609 -0.0604410 -0.0749914 -0.0001931 0.0162653 0.0062283 0.0155397 0.0207949 0.0147760 0.0434800 0.0442462 0.0333132 0.0320082 0.0382883 0.1317800 0.1344590 0.1237920 0.1096294 0.1419291 0.1349969 -0.1559938 -0.0755594 -0.1373698 -0.1725778 -0.1724039 -0.5731291 -0.6390367 -0.7092149 -0.0185643 -0.0590605 -0.0853825 -0.0695292 -0.0360643 -0.0406829 -0.0253710
0.1015388 0.0841984 0.0909465 0.0899377 0.1017987 0.0935540 0.0109943 -0.0059275 -0.0190455 -0.0316083 -0.0202474 0.0602993 0.0619615 0.0543899 0.0510050 0.0617954 0.0526229 0.0383610 0.0443991 0.0347787 0.0352521 0.0342115 0.0294824 0.0770011 0.0778500 0.0754448 0.0821564 0.0827622 0.0804230 0.1064123 0.1207550 0.5103176 0.1066323 -0.5792426 -0.0391392 -0.0473240 -0.0791822 -0.0454464 -0.0558126 0.0032487 0.0142413 0.0021220 0.0164545 0.0290918 0.0182182 0.0282710 0.0410271 0.0212218 0.0275163 0.0269829 0.0928904 0.0958892 0.0915897 0.0858143 0.1009671 0.0969966 -0.1290108 -0.0541683 -0.1097308 -0.1396465 -0.1443946 -0.4453788 -0.4949448 -0.5623599 -0.0050336 -0.0457622 -0.0678313 -0.0582042 -0.0149872 -0.0219670 -0.0077451
0.1151191 0.0991998 0.1020064 0.1082010 0.1140240 0.1075578 0.0069738 -0.0112058 -0.0235542 -0.0306768 -0.0196493 0.0649973 0.0684760 0.0609356 0.0515184 0.0643032 0.0585418 0.0414410 0.0423848 0.0363738 0.0304508 0.0369779 0.0332571 0.0861451 0.0878248 0.0852560 0.0937504 0.0929086 0.0993631 0.1355889 0.1450267 0.1066323 0.5067027 -0.6563720 -0.0464986 -0.0543187 -0.0877494 -0.0531244 -0.0608239 0.0022285 0.0164289 0.0100677 0.0199549 0.0246888 0.0220682 0.0292243 0.0455457 0.0241025 0.0258506 0.0319966 0.1068410 0.1106676 0.1112579 0.0988341 0.1223096 0.1185247 -0.1465217 -0.0660854 -0.1232838 -0.1594962 -0.1605353 -0.5056843 -0.5620600 -0.6344165 -0.0111498 -0.0501898 -0.0755878 -0.0610002 -0.0247334 -0.0325598 -0.0157965
-0.7570122 -0.6402881 -0.6575829 -0.7037369 -0.7836995 -0.7407992 -0.4056294 -0.4680036 -0.4774022 -0.4767764 -0.4871929 -0.7153311 -0.6423575 -0.7017490 -0.3871107 -0.7365647 -0.7156606 -0.5615982 -0.5799978 -0.6252934 -0.6173285 -0.6500384 -0.6697857 -0.7181684 -0.6815860 -0.7082131 -0.7705183 -0.7323530 -0.7634611 -0.6229470 -0.7298884 -0.5792426 -0.6563720 10.8565092 -0.2422510 -0.2496419 -0.2439689 -0.2245587 -0.2203614 -0.5405397 -0.4969307 -0.5637599 -0.5177349 -0.4639956 -0.5050121 -0.6013629 -0.5410461 -0.6621467 -0.6682371 -0.6496526 -0.7593966 -0.7718489 -0.7016679 -0.6229082 -0.7815576 -0.7737387 0.0004485 -0.1356019 -0.0259270 0.0391921 0.0220081 8.0460339 9.1824722 9.8611021 -0.3790322 -0.1164738 -0.0868185 -0.1251895 -0.2161153 -0.1921945 -0.2108610
-0.0569193 -0.0450742 -0.0514389 -0.0549455 -0.0676514 -0.0591288 0.0264093 0.0464954 0.0545704 0.0564913 0.0592305 -0.0573324 -0.0450946 -0.0600508 -0.0236447 -0.0606896 -0.0594475 -0.0243569 -0.0312854 -0.0279676 -0.0280288 -0.0379006 -0.0381585 -0.0566816 -0.0502673 -0.0540221 -0.0598954 -0.0588672 -0.0698463 -0.0424804 -0.0594111 -0.0391392 -0.0464986 -0.2422510 1.0116421 0.1603377 0.2090365 0.1550769 0.1644418 -0.0153292 -0.0077139 -0.0036678 -0.0152308 -0.0056014 -0.0082624 -0.0295114 -0.0272229 -0.0389737 -0.0326079 -0.0273108 -0.0632185 -0.0692763 -0.0552144 -0.0478344 -0.0699812 -0.0697838 0.1663025 0.0883395 0.1352337 0.1668918 0.1776123 -0.2325840 -0.2800871 -0.2623962 0.0372540 0.0518588 0.0698866 0.0638377 0.0869814 0.0855981 0.0708678
-0.0799683 -0.0579635 -0.0612099 -0.0648814 -0.0799661 -0.0714824 0.0331955 0.0493905 0.0620146 0.0696769 0.0697425 -0.0623701 -0.0569122 -0.0561336 -0.0299248 -0.0646247 -0.0638086 -0.0309024 -0.0315274 -0.0350050 -0.0344097 -0.0318521 -0.0380596 -0.0654663 -0.0575488 -0.0657338 -0.0766526 -0.0690328 -0.0849736 -0.0549520 -0.0701890 -0.0473240 -0.0543187 -0.2496419 0.1603377 1.0642974 0.2349173 0.1707723 0.1820460 -0.0058361 -0.0109672 -0.0074735 -0.0154144 -0.0106119 -0.0121027 -0.0358178 -0.0335472 -0.0393304 -0.0341666 -0.0332577 -0.0779423 -0.0725763 -0.0671874 -0.0567508 -0.0782990 -0.0772370 0.1884792 0.1066674 0.1499968 0.2063903 0.2047523 -0.2430836 -0.3021978 -0.2790174 0.0495030 0.0637140 0.0780365 0.0739071 0.0899639 0.0993378 0.0802546
-0.1129370 -0.0969780 -0.0963318 -0.1011600 -0.1113945 -0.1080072 0.0423250 0.0764868 0.0932786 0.1030097 0.0991021 -0.0946453 -0.0831549 -0.0907789 -0.0521219 -0.0913559 -0.0850738 -0.0511510 -0.0517197 -0.0575419 -0.0437370 -0.0515611 -0.0505278 -0.0880646 -0.0888890 -0.0949134 -0.1033636 -0.1017392 -0.1079101 -0.0861990 -0.1046609 -0.0791822 -0.0877494 -0.2439689 0.2090365 0.2349173 1.3756229 0.2300755 0.2387182 0.0007476 -0.0152231 -0.0030640 -0.0154990 -0.0250887 -0.0126756 -0.0530177 -0.0575230 -0.0593058 -0.0465784 -0.0462162 -0.1140381 -0.1194044 -0.0999846 -0.0856437 -0.1261764 -0.1235550 0.2838021 0.1541309 0.2424878 0.2861025 0.2955051 -0.2673858 -0.3330118 -0.2906653 0.0590225 0.0847410 0.1264303 0.1076197 0.1146120 0.1226327 0.1002537
-0.0704880 -0.0574759 -0.0582075 -0.0617539 -0.0767295 -0.0661564 0.0262416 0.0514289 0.0572920 0.0713199 0.0585086 -0.0621168 -0.0552955 -0.0589134 -0.0297531 -0.0596308 -0.0611701 -0.0278927 -0.0291188 -0.0351426 -0.0287715 -0.0385765 -0.0349108 -0.0670006 -0.0603676 -0.0612618 -0.0683666 -0.0674518 -0.0785343 -0.0517222 -0.0604410 -0.0454464 -0.0531244 -0.2245587 0.1550769 0.1707723 0.2300755 1.0500466 0.1792473 -0.0051986 -0.0095433 -0.0014803 -0.0156607 -0.0105068 -0.0102335 -0.0356759 -0.0318016 -0.0471323 -0.0374098 -0.0356512 -0.0764140 -0.0790712 -0.0610849 -0.0512468 -0.0788643 -0.0755874 0.1794435 0.1083145 0.1528793 0.1888001 0.2036164 -0.2333986 -0.2907601 -0.2553853 0.0412780 0.0571779 0.0712364 0.0656252 0.0876389 0.0864128 0.0696505
-0.0885371 -0.0680948 -0.0721047 -0.0747086 -0.0853816 -0.0790618 0.0346657 0.0541681 0.0660616 0.0670364 0.0740183 -0.0735773 -0.0653944 -0.0683484 -0.0364508 -0.0735800 -0.0643319 -0.0379365 -0.0381946 -0.0369941 -0.0425825 -0.0485079 -0.0501203 -0.0742558 -0.0711943 -0.0724789 -0.0830181 -0.0778911 -0.0936846 -0.0616496 -0.0749914 -0.0558126 -0.0608239 -0.2203614 0.1644418 0.1820460 0.2387182 0.1792473 1.1394327 -0.0128636 -0.0167563 -0.0053285 -0.0128439 -0.0123936 -0.0115323 -0.0451371 -0.0397286 -0.0471060 -0.0397424 -0.0412495 -0.0877680 -0.0841935 -0.0729166 -0.0639144 -0.0915978 -0.0911691 0.2118110 0.1219797 0.1841318 0.2283904 0.2266656 -0.2253565 -0.2862251 -0.2530549 0.0528136 0.0673085 0.0796516 0.0737742 0.0972560 0.1089275 0.0813168
-0.0015556 0.0029936 0.0019267 0.0025039 0.0042729 0.0084750 0.0112701 0.0181313 0.0174246 0.0279502 0.0244815 0.0154588 0.0084950 0.0185193 0.0014266 0.0118351 0.0240687 0.0427207 0.0330280 0.0413383 0.0492751 0.0448185 0.0437245 0.0082628 0.0103325 0.0102890 0.0147999 0.0130142 0.0092304 -0.0011455 -0.0001931 0.0032487 0.0022285 -0.5405397 -0.0153292 -0.0058361 0.0007476 -0.0051986 -0.0128636 0.8437479 0.1293799 0.1391331 0.0992170 0.0748152 0.1019663 0.0417955 0.0311158 0.0620228 0.0586250 0.0440891 0.0083747 -0.0002822 0.0015265 0.0009232 0.0006406 0.0009828 -0.0181537 -0.0128014 -0.0274646 -0.0225259 -0.0217411 -0.4651569 -0.5424249 -0.5552665 0.0218098 0.0063426 0.0043685 0.0032854 -0.0135523 -0.0117680 -0.0075794
0.0156512 0.0184491 0.0159891 0.0146206 0.0123253 0.0169125 0.0158961 0.0134178 0.0261195 0.0202656 0.0180123 0.0182690 0.0163385 0.0146702 0.0129142 0.0098025 0.0187286 0.0373522 0.0333851 0.0407603 0.0401507 0.0396044 0.0418995 0.0136401 0.0140666 0.0141270 0.0173660 0.0196308 0.0155407 0.0108786 0.0162653 0.0142413 0.0164289 -0.4969307 -0.0077139 -0.0109672 -0.0152231 -0.0095433 -0.0167563 0.1293799 0.7553558 0.1104875 0.0803011 0.0717287 0.0898519 0.0390523 0.0322073 0.0351898 0.0421106 0.0408353 0.0158225 0.0113916 0.0180025 0.0141324 0.0131879 0.0133824 -0.0443981 -0.0158243 -0.0411313 -0.0470521 -0.0518999 -0.4165677 -0.4767667 -0.5016784 0.0156654 -0.0043180 -0.0057532 -0.0021085 -0.0099735 -0.0035030 -0.0039760
-0.0040682 -0.0016717 0.0024826 -0.0011951 0.0030265 0.0011171 0.0075931 0.0185689 0.0303270 0.0340443 0.0309076 -0.0002320 0.0067752 0.0091070 -0.0006122 0.0073017 0.0111482 0.0341417 0.0417320 0.0545957 0.0444918 0.0414318 0.0501915 0.0029278 0.0068159 0.0023882 0.0044071 0.0068264 0.0153554 -0.0009995 0.0062283 0.0021220 0.0100677 -0.5637599 -0.0036678 -0.0074735 -0.0030640 -0.0014803 -0.0053285 0.1391331 0.1104875 0.8689084 0.1107706 0.0925961 0.1051478 0.0471257 0.0332019 0.0627025 0.0608663 0.0536379 0.0041884 0.0085078 -0.0024609 0.0001574 0.0029356 0.0035383 -0.0209111 -0.0139931 -0.0178822 -0.0217884 -0.0185697 -0.4851158 -0.5531616 -0.5808393 0.0171860 0.0069887 0.0164373 0.0111649 -0.0161501 -0.0150846 -0.0078981
0.0203600 0.0176978 0.0207917 0.0201704 0.0197371 0.0200768 0.0162071 0.0164030 0.0117211 0.0148768 0.0161064 0.0145366 0.0162308 0.0204679 0.0111369 0.0185729 0.0205390 0.0359491 0.0388542 0.0450596 0.0383795 0.0445184 0.0458553 0.0154014 0.0169845 0.0172542 0.0181239 0.0231032 0.0167242 0.0154872 0.0155397 0.0164545 0.0199549 -0.5177349 -0.0152308 -0.0154144 -0.0154990 -0.0156607 -0.0128439 0.0992170 0.0803011 0.1107706 0.7469118 0.0729571 0.0940601 0.0404325 0.0406038 0.0449989 0.0466198 0.0433895 0.0177951 0.0196178 0.0117596 0.0186942 0.0140109 0.0129878 -0.0448692 -0.0200189 -0.0373834 -0.0521930 -0.0463519 -0.4334012 -0.4932645 -0.5198544 0.0107398 -0.0000529 -0.0076575 0.0000055 -0.0052778 -0.0074801 -0.0045984
0.0204406 0.0215634 0.0215234 0.0240534 0.0175477 0.0223563 0.0171988 0.0205930 0.0204558 0.0137557 0.0193412 0.0216465 0.0222916 0.0206727 0.0224189 0.0188457 0.0224377 0.0326876 0.0356613 0.0400237 0.0351417 0.0362464 0.0354030 0.0278270 0.0227242 0.0213757 0.0236846 0.0257240 0.0200837 0.0254332 0.0207949 0.0290918 0.0246888 -0.4639956 -0.0056014 -0.0106119 -0.0250887 -0.0105068 -0.0123936 0.0748152 0.0717287 0.0925961 0.0729571 0.6827368 0.0704538 0.0313090 0.0288813 0.0333104 0.0323553 0.0367145 0.0209424 0.0191764 0.0171678 0.0242632 0.0191749 0.0135014 -0.0622371 -0.0202653 -0.0464614 -0.0621873 -0.0605612 -0.3767870 -0.4293627 -0.4661501 0.0195753 -0.0117979 -0.0132528 -0.0094047 -0.0038220 -0.0065101 -0.0011763
0.0156654 0.0163023 0.0172736 0.0168411 0.0122789 0.0161137 0.0112347 0.0216011 0.0228788 0.0144072 0.0104901 0.0215526 0.0159258 0.0155890 0.0117750 0.0139524 0.0286402 0.0348494 0.0448133 0.0427242 0.0513748 0.0433862 0.0430567 0.0135766 0.0153300 0.0114865 0.0121217 0.0163952 0.0152067 0.0193954 0.0147760 0.0182182 0.0220682 -0.5050121 -0.0082624 -0.0121027 -0.0126756 -0.0102335 -0.0115323 0.1019663 0.0898519 0.1051478 0.0940601 0.0704538 0.7497537 0.0340251 0.0338539 0.0336784 0.0410618 0.0463665 0.0122344 0.0122825 0.0114096 0.0141370 0.0112734 0.0092105 -0.0442682 -0.0151554 -0.0359806 -0.0445061 -0.0467075 -0.4279695 -0.4880595 -0.5197337 0.0148203 0.0063324 -0.0015395 0.0009030 -0.0099556 -0.0085384 -0.0050939
0.0418077 0.0347286 0.0412655 0.0410103 0.0395491 0.0375192 0.0060326 0.0032383 -0.0019260 -0.0015734 -0.0117328 0.0440952 0.0416926 0.0439737 0.0249350 0.0530776 0.0425856 0.0598577 0.0628400 0.0766832 0.0748219 0.0768779 0.0908461 0.0494010 0.0423449 0.0498577 0.0486238 0.0426262 0.0493640 0.0283741 0.0434800 0.0282710 0.0292243 -0.6013629 -0.0295114 -0.0358178 -0.0530177 -0.0356759 -0.0451371 0.0417955 0.0390523 0.0471257 0.0404325 0.0313090 0.0340251 0.7084716 0.0680483 0.0958518 0.1103192 0.0935999 0.0381000 0.0412960 0.0382341 0.0331831 0.0407671 0.0334906 -0.0764044 -0.0350376 -0.0602440 -0.0843505 -0.0738112 -0.5051102 -0.5660985 -0.6114153 0.0017389 -0.0209395 -0.0290458 -0.0205696 -0.0309812 -0.0321934 -0.0229447
0.0460671 0.0396495 0.0437377 0.0486566 0.0425173 0.0458730 0.0127334 0.0010367 -0.0082088 -0.0051512 -0.0045342 0.0499924 0.0449299 0.0453431 0.0353225 0.0459024 0.0436360 0.0501995 0.0600608 0.0572557 0.0548825 0.0616721 0.0594820 0.0473952 0.0428959 0.0458606 0.0507861 0.0485061 0.0439194 0.0410341 0.0442462 0.0410271 0.0455457 -0.5410461 -0.0272229 -0.0335472 -0.0575230 -0.0318016 -0.0397286 0.0311158 0.0322073 0.0332019 0.0406038 0.0288813 0.0338539 0.0680483 0.6500113 0.1019697 0.0904463 0.0843374 0.0418551 0.0449426 0.0482495 0.0367940 0.0423236 0.0463692 -0.0911973 -0.0428441 -0.0816245 -0.1041194 -0.1019500 -0.4370255 -0.4944140 -0.5439921 0.0048610 -0.0280908 -0.0371289 -0.0263481 -0.0214298 -0.0232450 -0.0157051
0.0375069 0.0216626 0.0328538 0.0314477 0.0421697 0.0307198 -0.0013494 0.0051585 -0.0022871 -0.0024687 0.0019228 0.0428181 0.0380157 0.0442057 0.0166629 0.0524996 0.0497125 0.0663691 0.0647378 0.0880444 0.0832127 0.0924098 0.1000141 0.0397431 0.0345948 0.0361367 0.0515244 0.0522627 0.0534074 0.0212625 0.0333132 0.0212218 0.0241025 -0.6621467 -0.0389737 -0.0393304 -0.0593058 -0.0471323 -0.0471060 0.0620228 0.0351898 0.0627025 0.0449989 0.0333104 0.0336784 0.0958518 0.1019697 0.8015301 0.2359402 0.1401237 0.0379495 0.0310489 0.0297002 0.0204406 0.0314715 0.0246188 -0.0742965 -0.0433585 -0.0672644 -0.0794360 -0.0930339 -0.5624745 -0.6329391 -0.6806469 0.0042414 -0.0291792 -0.0286875 -0.0272496 -0.0395775 -0.0380431 -0.0304771
0.0358898 0.0248648 0.0266513 0.0305931 0.0425790 0.0313126 -0.0006160 0.0036336 -0.0056884 -0.0000383 0.0003127 0.0549905 0.0362073 0.0433577 0.0202905 0.0572075 0.0547419 0.0644021 0.0753222 0.0868445 0.0824039 0.0913136 0.0926353 0.0501534 0.0347771 0.0338123 0.0437810 0.0472709 0.0505900 0.0258168 0.0320082 0.0275163 0.0258506 -0.6682371 -0.0326079 -0.0341666 -0.0465784 -0.0374098 -0.0397424 0.0586250 0.0421106 0.0608663 0.0466198 0.0323553 0.0410618 0.1103192 0.0904463 0.2359402 0.7579637 0.1206367 0.0323044 0.0344740 0.0283193 0.0273733 0.0302997 0.0254107 -0.0914532 -0.0460643 -0.0671946 -0.0822326 -0.0801410 -0.5667949 -0.6371025 -0.6846990 0.0030598 -0.0250790 -0.0172920 -0.0261847 -0.0357348 -0.0370851 -0.0292070
0.0401953 0.0330158 0.0291290 0.0379416 0.0462007 0.0465768 0.0042966 0.0027892 0.0046247 -0.0004762 0.0077408 0.0423080 0.0375979 0.0473088 0.0199657 0.0510374 0.0495267 0.0611602 0.0667327 0.0825605 0.0859582 0.0936870 0.0994511 0.0546904 0.0391837 0.0467063 0.0509849 0.0444456 0.0482534 0.0315305 0.0382883 0.0269829 0.0319966 -0.6496526 -0.0273108 -0.0332577 -0.0462162 -0.0356512 -0.0412495 0.0440891 0.0408353 0.0536379 0.0433895 0.0367145 0.0463665 0.0935999 0.0843374 0.1401237 0.1206367 0.7216116 0.0401463 0.0388551 0.0321088 0.0239647 0.0393595 0.0327243 -0.0871046 -0.0434490 -0.0673817 -0.0937089 -0.0942693 -0.5431118 -0.6143806 -0.6570808 0.0104575 -0.0213499 -0.0279524 -0.0242591 -0.0267669 -0.0311301 -0.0276580
0.1347350 0.1087704 0.1144538 0.1210823 0.1436362 0.1283168 -0.0106262 -0.0327263 -0.0433419 -0.0511272 -0.0421606 0.0719955 0.0770877 0.0767795 0.0424690 0.0744988 0.0583223 0.0478187 0.0469931 0.0469816 0.0426420 0.0504405 0.0455159 0.1156046 0.1066204 0.1122698 0.1237792 0.1158777 0.1242975 0.1051508 0.1317800 0.0928904 0.1068410 -0.7593966 -0.0632185 -0.0779423 -0.1140381 -0.0764140 -0.0877680 0.0083747 0.0158225 0.0041884 0.0177951 0.0209424 0.0122344 0.0381000 0.0418551 0.0379495 0.0323044 0.0401463 0.5921959 0.2011853 0.1612485 0.1355392 0.1942873 0.1943174 -0.1687849 -0.0856699 -0.1421309 -0.1725624 -0.1771236 -0.6067664 -0.6789196 -0.7537114 -0.0297947 -0.0614360 -0.0822713 -0.0704218 -0.0445493 -0.0566694 -0.0401194
0.1339709 0.1070930 0.1131350 0.1227195 0.1476194 0.1348635 -0.0051391 -0.0315787 -0.0387661 -0.0465149 -0.0396266 0.0760318 0.0812177 0.0713880 0.0430310 0.0747483 0.0690396 0.0466319 0.0415526 0.0480630 0.0420805 0.0489438 0.0461574 0.1101551 0.1036147 0.1110228 0.1265718 0.1198461 0.1250983 0.1064907 0.1344590 0.0958892 0.1106676 -0.7718489 -0.0692763 -0.0725763 -0.1194044 -0.0790712 -0.0841935 -0.0002822 0.0113916 0.0085078 0.0196178 0.0191764 0.0122825 0.0412960 0.0449426 0.0310489 0.0344740 0.0388551 0.2011853 0.6077937 0.1667709 0.1461066 0.1997504 0.2014647 -0.1743337 -0.0896204 -0.1454014 -0.1755980 -0.1882984 -0.6144125 -0.6875477 -0.7625253 -0.0305394 -0.0651598 -0.0930697 -0.0730464 -0.0463469 -0.0525012 -0.0397533
0.1296745 0.1026901 0.1044677 0.1150251 0.1191366 0.1178151 -0.0024166 -0.0221347 -0.0343726 -0.0360440 -0.0389070 0.0733557 0.0763120 0.0698777 0.0449332 0.0666103 0.0639594 0.0383791 0.0451037 0.0335533 0.0413816 0.0409598 0.0359565 0.1022687 0.0931395 0.0983042 0.1106462 0.1059742 0.1089510 0.0998086 0.1237920 0.0915897 0.1112579 -0.7016679 -0.0552144 -0.0671874 -0.0999846 -0.0610849 -0.0729166 0.0015265 0.0180025 -0.0024609 0.0117596 0.0171678 0.0114096 0.0382341 0.0482495 0.0297002 0.0283193 0.0321088 0.1612485 0.1667709 0.5524812 0.1236401 0.1762072 0.1753421 -0.1494256 -0.0732513 -0.1381866 -0.1694402 -0.1646430 -0.5533041 -0.6209416 -0.6898400 -0.0207873 -0.0608286 -0.0795977 -0.0721808 -0.0345108 -0.0497153 -0.0299261
0.1084838 0.0911794 0.0909774 0.1029266 0.1090673 0.1038909 0.0043744 -0.0170711 -0.0327933 -0.0342158 -0.0313770 0.0621583 0.0659728 0.0573957 0.0529438 0.0590429 0.0536591 0.0452253 0.0414461 0.0412062 0.0392217 0.0350023 0.0358124 0.0879880 0.0843191 0.0873856 0.0908433 0.0909142 0.0946544 0.0934064 0.1096294 0.0858143 0.0988341 -0.6229082 -0.0478344 -0.0567508 -0.0856437 -0.0512468 -0.0639144 0.0009232 0.0141324 0.0001574 0.0186942 0.0242632 0.0141370 0.0331831 0.0367940 0.0204406 0.0273733 0.0239647 0.1355392 0.1461066 0.1236401 0.5370537 0.1423643 0.1448457 -0.1453959 -0.0666808 -0.1191445 -0.1511972 -0.1561704 -0.4861954 -0.5420486 -0.6087002 -0.0133188 -0.0508673 -0.0760786 -0.0624200 -0.0266286 -0.0388722 -0.0214950
