0.8185486 0.0993697 0.0829459 0.1151034 0.1139305 0.1185232 -0.0887328 -0.1304184 -0.1419572 -0.1647609 -0.1462460 -0.0231736 -0.0097638 -0.0388748 -0.0121006 -0.0375179 -0.0410855 -0.0539636 -0.0493315 -0.0467942 -0.0651551 -0.0548435 -0.0704790 0.0462804 0.0572666 0.0418533 0.0563895 0.0515105 0.0618942 0.0587754 0.0976188 0.0527836 0.0610045 -0.1246235 -0.0842813 -0.1314596 -0.0773265 -0.0702431 -0.0871832 -0.0645504 -0.0457017 -0.0941867 -0.0901437 -0.0773602 0.0661614 0.0619386 0.0699729 0.0504258 0.0709878 0.0694700 -0.1155620
0.0993697 0.7242997 0.0769191 0.0784476 0.0777318 0.0885175 -0.0563619 -0.0940056 -0.1075691 -0.1382457 -0.1115377 -0.0229596 0.0072064 -0.0302344 0.0047402 -0.0345463 -0.0410438 -0.0356454 -0.0289930 -0.0455528 -0.0485775 -0.0476962 -0.0712064 0.0325204 0.0455690 0.0404824 0.0356739 0.0374381 0.0432293 0.0618297 0.0732068 0.0431923 0.0570729 -0.0913269 -0.0583869 -0.0997753 -0.0619176 -0.0472390 -0.0630249 -0.0564626 -0.0331442 -0.0923122 -0.0828545 -0.0662309 0.0427398 0.0410751 0.0458968 0.0457435 0.0490096 0.0440099 -0.0731792
0.0829459 0.0769191 0.7355519 0.0650047 0.0941189 0.0719558 -0.0574838 -0.1073895 -0.1147034 -0.1391028 -0.1178152 -0.0121300 0.0057913 -0.0324072 0.0073686 -0.0265417 -0.0435427 -0.0261858 -0.0359519 -0.0534548 -0.0527703 -0.0344659 -0.0588348 0.0354256 0.0400149 0.0322902 0.0391782 0.0424810 0.0387706 0.0609470 0.0791054 0.0531419 0.0569611 -0.0992516 -0.0654010 -0.0984405 -0.0576908 -0.0504656 -0.0650697 -0.0436997 -0.0294769 -0.0750332 -0.0821965 -0.0755218 0.0518947 0.0476064 0.0469326 0.0401036 0.0410516 0.0472990 -0.0890954
0.1151034 0.0784476 0.0650047 0.7689766 0.0801215 0.1133230 -0.0644899 -0.0962319 -0.1241523 -0.1500412 -0.1277373 -0.0234333 0.0059448 -0.0238624 0.0038402 -0.0309527 -0.0450033 -0.0382584 -0.0433334 -0.0508666 -0.0546865 -0.0614769 -0.0627279 0.0455343 0.0395077 0.0333121 0.0610988 0.0398226 0.0444267 0.0528893 0.0699302 0.0403530 0.0590814 -0.1068042 -0.0749931 -0.1149551 -0.0699799 -0.0531953 -0.0733276 -0.0558890 -0.0298480 -0.0886619 -0.0876781 -0.0713824 0.0515932 0.0516854 0.0554950 0.0529224 0.0544083 0.0549624 -0.0922698
0.1139305 0.0777318 0.0941189 0.0801215 0.8635715 0.1263470 -0.0959923 -0.1345467 -0.1404129 -0.1653016 -0.1489017 -0.0206654 0.0092606 -0.0271637 -0.0206066 -0.0209862 -0.0473045 -0.0552030 -0.0566219 -0.0733161 -0.0710187 -0.0725863 -0.0554351 0.0589106 0.0479172 0.0442695 0.0822253 0.0672358 0.0717229 0.0486905 0.0936234 0.0450396 0.0516110 -0.1191488 -0.0961992 -0.1217096 -0.0859384 -0.0803485 -0.0979846 -0.0761013 -0.0597024 -0.0882370 -0.0836759 -0.0745414 0.0725510 0.0781133 0.0450757 0.0451600 0.0795517 0.0757173 -0.1166719
0.1185232 0.0885175 0.0719558 0.1133230 0.1263470 0.8940265 -0.0844392 -0.1257616 -0.1461370 -0.1562645 -0.1537745 -0.0368602 0.0021871 -0.0395048 -0.0172139 -0.0318489 -0.0570010 -0.0504222 -0.0472620 -0.0686113 -0.0647202 -0.0623686 -0.0714379 0.0614125 0.0491071 0.0571028 0.0701621 0.0666294 0.0693331 0.0459848 0.0943296 0.0408154 0.0504899 -0.1105502 -0.0882294 -0.1267728 -0.0826173 -0.0683107 -0.0905927 -0.0751980 -0.0475409 -0.1064577 -0.1039929 -0.0690867 0.0625721 0.0723809 0.0590213 0.0484617 0.0732136 0.0690973 -0.1143703
-0.0887328 -0.0563619 -0.0574838 -0.0644899 -0.0959923 -0.0844392 1.0592719 0.2382390 0.2653984 0.3047502 0.2784561 -0.0744940 -0.0482781 -0.0714226 0.0077129 -0.0672091 -0.0593098 -0.0076159 -0.0092209 -0.0187852 -0.0263227 -0.0338802 -0.0387312 -0.0824239 -0.0612763 -0.0680851 -0.0895314 -0.0703215 -0.0978007 -0.0249040 -0.0827963 -0.0276573 -0.0454912 0.0176158 0.0213685 0.0098517 0.0234215 0.0230986 0.0148685 -0.0201647 -0.0063305 -0.0398744 -0.0373041 -0.0294694 -0.0964979 -0.0884886 -0.0704821 -0.0516192 -0.1003228 -0.0990327 0.1686444
-0.1304184 -0.0940056 -0.1073895 -0.0962319 -0.1345467 -0.1257616 0.2382390 1.3757745 0.5014205 0.4693453 0.4417566 -0.0997095 -0.0787654 -0.0980132 -0.0323143 -0.1012478 -0.0838780 -0.0228403 -0.0241139 -0.0376280 -0.0407130 -0.0533338 -0.0365685 -0.1161224 -0.1036534 -0.0947721 -0.1236258 -0.1182955 -0.1353571 -0.0750055 -0.1220695 -0.0614556 -0.0829289 0.0426676 0.0316715 0.0519199 0.0322275 0.0395101 0.0453516 -0.0242168 -0.0290924 -0.0200536 -0.0265720 -0.0284719 -0.1425882 -0.1426842 -0.1103444 -0.0935364 -0.1459240 -0.1461461 0.2297884
-0.1419572 -0.1075691 -0.1147034 -0.1241523 -0.1404129 -0.1461370 0.2653984 0.5014205 1.5550816 0.5493127 0.5115562 -0.1251755 -0.1034391 -0.1128507 -0.0462192 -0.1273139 -0.1155823 -0.0348672 -0.0236198 -0.0242147 -0.0336096 -0.0501346 -0.0352187 -0.1364464 -0.1186028 -0.1199126 -0.1427254 -0.1311142 -0.1646865 -0.0844862 -0.1394968 -0.0831457 -0.1008296 0.0499809 0.0598759 0.0850513 0.0332349 0.0443247 0.0514252 -0.0215737 -0.0404023 -0.0265514 -0.0335605 -0.0158749 -0.1558224 -0.1513924 -0.1278718 -0.1179767 -0.1658225 -0.1705696 0.2790168
-0.1647609 -0.1382457 -0.1391028 -0.1500412 -0.1653016 -0.1562645 0.3047502 0.4693453 0.5493127 1.7128429 0.5719613 -0.1158355 -0.1069883 -0.1090297 -0.0581308 -0.1226810 -0.1161949 -0.0411396 -0.0329374 -0.0402233 -0.0260398 -0.0431080 -0.0310588 -0.1426672 -0.1296754 -0.1088860 -0.1497018 -0.1321042 -0.1638733 -0.1026932 -0.1650306 -0.1062512 -0.1146491 0.0741522 0.0534237 0.0888450 0.0450563 0.0331919 0.0484269 -0.0246364 -0.0321391 -0.0218875 -0.0215733 -0.0182554 -0.1705854 -0.1617655 -0.1292512 -0.1183744 -0.1772620 -0.1729256 0.2897897
-0.1462460 -0.1115377 -0.1178152 -0.1277373 -0.1489017 -0.1537745 0.2784561 0.4417566 0.5115562 0.5719613 1.5684315 -0.1220229 -0.0981326 -0.1172349 -0.0489481 -0.1294338 -0.0909990 -0.0285195 -0.0282776 -0.0280479 -0.0315775 -0.0398730 -0.0334175 -0.1493968 -0.1228848 -0.1174934 -0.1351595 -0.1368968 -0.1471506 -0.0860609 -0.1410860 -0.0838746 -0.0917984 0.0608442 0.0497742 0.0835063 0.0427634 0.0438717 0.0265335 -0.0432999 -0.0297619 -0.0191992 -0.0276180 -0.0067656 -0.1539036 -0.1511840 -0.1388109 -0.1154766 -0.1671411 -0.1690872 0.2880146
-0.0231736 -0.0229596 -0.0121300 -0.0234333 -0.0206654 -0.0368602 -0.0744940 -0.0997095 -0.1251755 -0.1158355 -0.1220229 1.0403863 0.1564984 0.3415420 0.0830900 0.3023857 0.2902436 -0.0319230 -0.0297162 -0.0437134 -0.0346603 -0.0596540 -0.0510117 -0.0242951 -0.0213504 0.0019699 -0.0135771 -0.0102859 0.0015693 -0.0257582 -0.0452048 -0.0183064 -0.0283315 -0.0778350 -0.0660716 -0.1101132 -0.0782591 -0.0556250 -0.0624050 -0.0492124 -0.0284554 -0.0704982 -0.0428702 -0.0634112 -0.0489973 -0.0428275 -0.0289796 -0.0296894 -0.0422373 -0.0326882 -0.0842331
-0.0097638 0.0072064 0.0057913 0.0059448 0.0092606 0.0021871 -0.0482781 -0.0787654 -0.1034391 -0.1069883 -0.0981326 0.1564984 0.9149856 0.1420241 0.0829170 0.1291665 0.1359632 -0.0335139 -0.0171193 -0.0347013 -0.0431391 -0.0469914 -0.0566276 0.0023832 0.0125422 0.0248026 0.0069981 0.0146545 0.0285528 -0.0003540 -0.0137531 0.0004845 -0.0039664 -0.0857795 -0.0612099 -0.0919224 -0.0679846 -0.0490097 -0.0651409 -0.0431026 -0.0272723 -0.0690184 -0.0690320 -0.0617491 -0.0209075 -0.0118815 -0.0040854 -0.0042449 -0.0226694 -0.0086583 -0.0757421
-0.0388748 -0.0302344 -0.0324072 -0.0238624 -0.0271637 -0.0395048 -0.0714226 -0.0980132 -0.1128507 -0.1090297 -0.1172349 0.3415420 0.1420241 0.9875844 0.0846988 0.3669697 0.3832403 -0.0455591 -0.0293081 -0.0475978 -0.0382113 -0.0299060 -0.0558096 -0.0178454 -0.0232438 -0.0166882 -0.0286338 -0.0154746 -0.0031238 -0.0404570 -0.0596713 -0.0296918 -0.0347437 -0.0694738 -0.0696029 -0.0883260 -0.0669839 -0.0534660 -0.0706500 -0.0437633 -0.0328921 -0.0600554 -0.0624797 -0.0482680 -0.0363338 -0.0512961 -0.0321651 -0.0382864 -0.0569443 -0.0427740 -0.0831015
-0.0121006 0.0047402 0.0073686 0.0038402 -0.0206066 -0.0172139 0.0077129 -0.0323143 -0.0462192 -0.0581308 -0.0489481 0.0830900 0.0829170 0.0846988 0.6555345 0.0891832 0.0877203 -0.0008681 -0.0015189 -0.0232510 -0.0245450 -0.0301015 -0.0306157 -0.0148785 -0.0027032 -0.0050323 -0.0228757 -0.0056099 -0.0146995 0.0196615 -0.0052468 0.0248092 0.0132696 -0.0503637 -0.0244849 -0.0542790 -0.0296808 -0.0029964 -0.0276594 -0.0223891 0.0062864 -0.0457959 -0.0373018 -0.0375783 -0.0230265 -0.0254950 -0.0083152 0.0138998 -0.0289981 -0.0253341 -0.0237433
-0.0375179 -0.0345463 -0.0265417 -0.0309527 -0.0209862 -0.0318489 -0.0672091 -0.1012478 -0.1273139 -0.1226810 -0.1294338 0.3023857 0.1291665 0.3669697 0.0891832 1.0812411 0.3013921 -0.0372491 -0.0277630 -0.0315461 -0.0499474 -0.0388866 -0.0267781 -0.0195922 -0.0110012 -0.0025891 -0.0075074 -0.0159756 -0.0095540 -0.0341896 -0.0438455 -0.0175457 -0.0324366 -0.0915311 -0.0831393 -0.0954789 -0.0716910 -0.0619894 -0.0771540 -0.0321156 -0.0360864 -0.0511518 -0.0390963 -0.0505967 -0.0451299 -0.0481570 -0.0437331 -0.0380769 -0.0585335 -0.0452267 -0.0890151
-0.0410855 -0.0410438 -0.0435427 -0.0450033 -0.0473045 -0.0570010 -0.0593098 -0.0838780 -0.1155823 -0.1161949 -0.0909990 0.2902436 0.1359632 0.3832403 0.0877203 0.3013921 1.1509802 -0.0289044 -0.0184194 -0.0464001 -0.0215496 -0.0233701 -0.0223406 -0.0266609 -0.0244263 -0.0232108 -0.0348460 -0.0307730 -0.0137278 -0.0421830 -0.0675311 -0.0330854 -0.0406039 -0.0611216 -0.0638956 -0.0862068 -0.0676291 -0.0518540 -0.0420539 -0.0512777 -0.0378792 -0.0535763 -0.0415062 -0.0463012 -0.0728406 -0.0548601 -0.0452443 -0.0471983 -0.0655640 -0.0668979 -0.0667972
-0.0539636 -0.0356454 -0.0261858 -0.0382584 -0.0552030 -0.0504222 -0.0076159 -0.0228403 -0.0348672 -0.0411396 -0.0285195 -0.0319230 -0.0335139 -0.0455591 -0.0008681 -0.0372491 -0.0289044 0.9605417 0.0446854 0.0398495 0.0474688 0.0602689 0.0513700 -0.0242927 -0.0245692 -0.0388906 -0.0358995 -0.0319204 -0.0506252 -0.0304718 -0.0519249 -0.0219362 -0.0313671 0.0230636 0.0109887 0.0041446 0.0037181 0.0025312 0.0054870 0.0265767 0.0156716 0.0268171 0.0201476 0.0198272 -0.0418703 -0.0465427 -0.0500539 -0.0222056 -0.0595924 -0.0583594 -0.0101986
-0.0493315 -0.0289930 -0.0359519 -0.0433334 -0.0566219 -0.0472620 -0.0092209 -0.0241139 -0.0236198 -0.0329374 -0.0282776 -0.0297162 -0.0171193 -0.0293081 -0.0015189 -0.0277630 -0.0184194 0.0446854 0.9587833 0.0322229 0.0389421 0.0494355 0.0430118 -0.0375873 -0.0253464 -0.0309125 -0.0422719 -0.0328332 -0.0524304 -0.0262735 -0.0400394 -0.0170178 -0.0347438 -0.0034966 -0.0035876 0.0084223 0.0046937 0.0038266 0.0219854 0.0257236 0.0219661 0.0180380 0.0412720 0.0265314 -0.0520221 -0.0639696 -0.0448275 -0.0328026 -0.0657881 -0.0686155 -0.0013042
-0.0467942 -0.0455528 -0.0534548 -0.0508666 -0.0733161 -0.0686113 -0.0187852 -0.0376280 -0.0242147 -0.0402233 -0.0280479 -0.0437134 -0.0347013 -0.0475978 -0.0232510 -0.0315461 -0.0464001 0.0398495 0.0322229 1.1155561 0.0550490 0.0580174 0.0653209 -0.0400693 -0.0371469 -0.0401322 -0.0455738 -0.0445501 -0.0504029 -0.0550962 -0.0675147 -0.0434655 -0.0549662 0.0075074 0.0059119 0.0328622 0.0178318 0.0086501 0.0155406 0.0580192 0.0203818 0.0621990 0.0589837 0.0507162 -0.0602831 -0.0608843 -0.0746911 -0.0409463 -0.0857621 -0.0763053 -0.0137688
-0.0651551 -0.0485775 -0.0527703 -0.0546865 -0.0710187 -0.0647202 -0.0263227 -0.0407130 -0.0336096 -0.0260398 -0.0315775 -0.0346603 -0.0431391 -0.0382113 -0.0245450 -0.0499474 -0.0215496 0.0474688 0.0389421 0.0550490 1.1293182 0.0792451 0.0728354 -0.0291902 -0.0385281 -0.0518247 -0.0383046 -0.0510245 -0.0403764 -0.0508540 -0.0781259 -0.0417676 -0.0643827 0.0312709 0.0065438 0.0170896 0.0038590 0.0062360 0.0341405 0.0488552 0.0091531 0.0474033 0.0558124 0.0629604 -0.0640028 -0.0717261 -0.0577488 -0.0445031 -0.0827670 -0.0867328 -0.0168054
-0.0548435 -0.0476962 -0.0344659 -0.0614769 -0.0725863 -0.0623686 -0.0338802 -0.0533338 -0.0501346 -0.0431080 -0.0398730 -0.0596540 -0.0469914 -0.0299060 -0.0301015 -0.0388866 -0.0233701 0.0602689 0.0494355 0.0580174 0.0792451 1.1634260 0.0790058 -0.0403351 -0.0437660 -0.0438849 -0.0480104 -0.0411064 -0.0541695 -0.0521243 -0.0785498 -0.0470844 -0.0560464 0.0085510 0.0021772 0.0064080 0.0114555 -0.0011001 0.0130691 0.0459444 0.0215885 0.0615766 0.0564675 0.0704773 -0.0576020 -0.0622073 -0.0661895 -0.0580312 -0.0810253 -0.0797448 -0.0096045
-0.0704790 -0.0712064 -0.0588348 -0.0627279 -0.0554351 -0.0714379 -0.0387312 -0.0365685 -0.0352187 -0.0310588 -0.0334175 -0.0510117 -0.0566276 -0.0558096 -0.0306157 -0.0267781 -0.0223406 0.0513700 0.0430118 0.0653209 0.0728354 0.0790058 1.2453750 -0.0361941 -0.0543850 -0.0420909 -0.0475887 -0.0571806 -0.0509373 -0.0641283 -0.0621044 -0.0598204 -0.0703517 0.0072515 0.0031076 0.0200469 0.0102361 -0.0032606 0.0112689 0.0700537 0.0144364 0.0736297 0.0623516 0.0820598 -0.0720589 -0.0741467 -0.0772571 -0.0591118 -0.0890792 -0.0974218 -0.0141685
0.0462804 0.0325204 0.0354256 0.0455343 0.0589106 0.0614125 -0.0824239 -0.1161224 -0.1364464 -0.1426672 -0.1493968 -0.0242951 0.0023832 -0.0178454 -0.0148785 -0.0195922 -0.0266609 -0.0242927 -0.0375873 -0.0400693 -0.0291902 -0.0403351 -0.0361941 0.9157410 0.0541422 0.0712612 0.0909187 0.0619214 0.1058569 0.0094905 0.0301368 0.0127351 0.0111938 -0.0892292 -0.0795326 -0.1051103 -0.0769963 -0.0440180 -0.0746800 -0.0383462 -0.0323470 -0.0716158 -0.0508639 -0.0346315 0.0402659 0.0259375 0.0315599 0.0218785 0.0165026 0.0289946 -0.0853255
0.0572666 0.0455690 0.0400149 0.0395077 0.0479172 0.0491071 -0.0612763 -0.1036534 -0.1186028 -0.1296754 -0.1228848 -0.0213504 0.0125422 -0.0232438 -0.0027032 -0.0110012 -0.0244263 -0.0245692 -0.0253464 -0.0371469 -0.0385281 -0.0437660 -0.0543850 0.0541422 0.8288577 0.0831715 0.0772305 0.0544217 0.0745955 0.0336204 0.0402426 0.0250019 0.0262514 -0.0793727 -0.0690502 -0.0881638 -0.0657304 -0.0494574 -0.0653582 -0.0423151 -0.0340633 -0.0723104 -0.0714471 -0.0581881 0.0309849 0.0213486 0.0211817 0.0241273 0.0259532 0.0289539 -0.0786053
0.0418533 0.0404824 0.0322902 0.0333121 0.0442695 0.0571028 -0.0680851 -0.0947721 -0.1199126 -0.1088860 -0.1174934 0.0019699 0.0248026 -0.0166882 -0.0050323 -0.0025891 -0.0232108 -0.0388906 -0.0309125 -0.0401322 -0.0518247 -0.0438849 -0.0420909 0.0712612 0.0831715 0.8684398 0.0626198 0.0560566 0.0702797 0.0194796 0.0363848 0.0134163 0.0155755 -0.0860943 -0.0741762 -0.1025148 -0.0691471 -0.0553843 -0.0795768 -0.0345960 -0.0334329 -0.0754006 -0.0784959 -0.0470583 0.0328488 0.0308475 0.0251413 0.0230709 0.0210633 0.0182725 -0.0817815
0.0563895 0.0356739 0.0391782 0.0610988 0.0822253 0.0701621 -0.0895314 -0.1236258 -0.1427254 -0.1497018 -0.1351595 -0.0135771 0.0069981 -0.0286338 -0.0228757 -0.0075074 -0.0348460 -0.0358995 -0.0422719 -0.0455738 -0.0383046 -0.0480104 -0.0475887 0.0909187 0.0772305 0.0626198 0.9200649 0.0809339 0.0908465 0.0104680 0.0459720 0.0127848 0.0162760 -0.0873908 -0.0798242 -0.1147997 -0.0807778 -0.0621165 -0.0918473 -0.0508554 -0.0363518 -0.0628944 -0.0742777 -0.0603790 0.0424711 0.0421258 0.0337573 0.0152282 0.0333566 0.0532449 -0.1115438
0.0515105 0.0374381 0.0424810 0.0398226 0.0672358 0.0666294 -0.0703215 -0.1182955 -0.1311142 -0.1321042 -0.1368968 -0.0102859 0.0146545 -0.0154746 -0.0056099 -0.0159756 -0.0307730 -0.0319204 -0.0328332 -0.0445501 -0.0510245 -0.0411064 -0.0571806 0.0619214 0.0544217 0.0560566 0.0809339 0.8945900 0.0686121 0.0275850 0.0364926 0.0206011 0.0210572 -0.0897436 -0.0721928 -0.0999983 -0.0673601 -0.0535977 -0.0782009 -0.0539708 -0.0364037 -0.0531912 -0.0625203 -0.0647473 0.0358789 0.0415679 0.0303112 0.0211194 0.0382210 0.0316451 -0.0946412
0.0618942 0.0432293 0.0387706 0.0444267 0.0717229 0.0693331 -0.0978007 -0.1353571 -0.1646865 -0.1638733 -0.1471506 0.0015693 0.0285528 -0.0031238 -0.0146995 -0.0095540 -0.0137278 -0.0506252 -0.0524304 -0.0504029 -0.0403764 -0.0541695 -0.0509373 0.1058569 0.0745955 0.0702797 0.0908465 0.0686121 0.9736123 0.0145648 0.0348052 0.0056815 0.0246232 -0.0973292 -0.0872201 -0.0904595 -0.0849112 -0.0690596 -0.0853811 -0.0528680 -0.0543912 -0.0634816 -0.0632593 -0.0628641 0.0394915 0.0380502 0.0277713 0.0214029 0.0393562 0.0394042 -0.1108458
0.0587754 0.0618297 0.0609470 0.0528893 0.0486905 0.0459848 -0.0249040 -0.0750055 -0.0844862 -0.1026932 -0.0860609 -0.0257582 -0.0003540 -0.0404570 0.0196615 -0.0341896 -0.0421830 -0.0304718 -0.0262735 -0.0550962 -0.0508540 -0.0521243 -0.0641283 0.0094905 0.0336204 0.0194796 0.0104680 0.0275850 0.0145648 0.6538762 0.1308392 0.0912502 0.1323867 -0.0958005 -0.0666264 -0.0992037 -0.0626010 -0.0350798 -0.0527930 -0.0594143 -0.0265006 -0.0874360 -0.0754958 -0.0621151 0.0466836 0.0455807 0.0489793 0.0533844 0.0477273 0.0434260 -0.0606643
0.0976188 0.0732068 0.0791054 0.0699302 0.0936234 0.0943296 -0.0827963 -0.1220695 -0.1394968 -0.1650306 -0.1410860 -0.0452048 -0.0137531 -0.0596713 -0.0052468 -0.0438455 -0.0675311 -0.0519249 -0.0400394 -0.0675147 -0.0781259 -0.0785498 -0.0621044 0.0301368 0.0402426 0.0363848 0.0459720 0.0364926 0.0348052 0.1308392 0.8530524 0.1043050 0.1374093 -0.1233899 -0.0819549 -0.1134813 -0.0872985 -0.0670590 -0.0892184 -0.0637913 -0.0457371 -0.0964208 -0.0992684 -0.0803357 0.0750464 0.0792964 0.0783430 0.0681189 0.0940725 0.0831814 -0.1026990
0.0527836 0.0431923 0.0531419 0.0403530 0.0450396 0.0408154 -0.0276573 -0.0614556 -0.0831457 -0.1062512 -0.0838746 -0.0183064 0.0004845 -0.0296918 0.0248092 -0.0175457 -0.0330854 -0.0219362 -0.0170178 -0.0434655 -0.0417676 -0.0470844 -0.0598204 0.0127351 0.0250019 0.0134163 0.0127848 0.0206011 0.0056815 0.0912502 0.1043050 0.6272842 0.0865941 -0.0779142 -0.0533679 -0.0815494 -0.0514480 -0.0212230 -0.0450812 -0.0517432 -0.0178954 -0.0774455 -0.0649855 -0.0613859 0.0318358 0.0391058 0.0441334 0.0474546 0.0459512 0.0397683 -0.0505217
0.0610045 0.0570729 0.0569611 0.0590814 0.0516110 0.0504899 -0.0454912 -0.0829289 -0.1008296 -0.1146491 -0.0917984 -0.0283315 -0.0039664 -0.0347437 0.0132696 -0.0324366 -0.0406039 -0.0313671 -0.0347438 -0.0549662 -0.0643827 -0.0560464 -0.0703517 0.0111938 0.0262514 0.0155755 0.0162760 0.0210572 0.0246232 0.1323867 0.1374093 0.0865941 0.6724654 -0.0951747 -0.0607745 -0.0826010 -0.0565814 -0.0410148 -0.0529570 -0.0648532 -0.0243867 -0.0891829 -0.0812708 -0.0676697 0.0421335 0.0485278 0.0631724 0.0573639 0.0674050 0.0623538 -0.0691921
-0.1246235 -0.0913269 -0.0992516 -0.1068042 -0.1191488 -0.1105502 0.0176158 0.0426676 0.0499809 0.0741522 0.0608442 -0.0778350 -0.0857795 -0.0694738 -0.0503637 -0.0915311 -0.0611216 0.0230636 -0.0034966 0.0075074 0.0312709 0.0085510 0.0072515 -0.0892292 -0.0793727 -0.0860943 -0.0873908 -0.0897436 -0.0973292 -0.0958005 -0.1233899 -0.0779142 -0.0951747 1.4383510 0.2134177 0.2354208 0.1527195 0.1090921 0.1615310 0.0148370 -0.0059201 0.0439037 0.0374120 0.0106680 -0.1027514 -0.1280976 -0.1054574 -0.0922622 -0.1272614 -0.1252713 0.0567411
-0.0842813 -0.0583869 -0.0654010 -0.0749931 -0.0961992 -0.0882294 0.0213685 0.0316715 0.0598759 0.0534237 0.0497742 -0.0660716 -0.0612099 -0.0696029 -0.0244849 -0.0831393 -0.0638956 0.0109887 -0.0035876 0.0059119 0.0065438 0.0021772 0.0031076 -0.0795326 -0.0690502 -0.0741762 -0.0798242 -0.0721928 -0.0872201 -0.0666264 -0.0819549 -0.0533679 -0.0607745 0.2134177 1.1888090 0.1728348 0.1152629 0.0962164 0.1353751 0.0115627 0.0000494 -0.0024846 0.0119173 0.0038431 -0.0844618 -0.0977980 -0.0704490 -0.0632371 -0.0935794 -0.0906958 0.0401795
-0.1314596 -0.0997753 -0.0984405 -0.1149551 -0.1217096 -0.1267728 0.0098517 0.0519199 0.0850513 0.0888450 0.0835063 -0.1101132 -0.0919224 -0.0883260 -0.0542790 -0.0954789 -0.0862068 0.0041446 0.0084223 0.0328622 0.0170896 0.0064080 0.0200469 -0.1051103 -0.0881638 -0.1025148 -0.1147997 -0.0999983 -0.0904595 -0.0992037 -0.1134813 -0.0815494 -0.0826010 0.2354208 0.1728348 1.4862412 0.1705910 0.1406597 0.1639972 0.0191149 0.0000175 0.0487724 0.0406344 0.0292958 -0.1106514 -0.1137812 -0.1172577 -0.0981705 -0.1241329 -0.1211969 0.0486032
-0.0773265 -0.0619176 -0.0576908 -0.0699799 -0.0859384 -0.0826173 0.0234215 0.0322275 0.0332349 0.0450563 0.0427634 -0.0782591 -0.0679846 -0.0669839 -0.0296808 -0.0716910 -0.0676291 0.0037181 0.0046937 0.0178318 0.0038590 0.0114555 0.0102361 -0.0769963 -0.0657304 -0.0691471 -0.0807778 -0.0673601 -0.0849112 -0.0626010 -0.0872985 -0.0514480 -0.0565814 0.1527195 0.1152629 0.1705910 1.1848198 0.1010497 0.1380296 0.0050435 0.0109794 0.0072539 0.0120621 0.0107292 -0.0835038 -0.0792305 -0.0850583 -0.0574414 -0.0967344 -0.0953114 0.0275537
-0.0702431 -0.0472390 -0.0504656 -0.0531953 -0.0803485 -0.0683107 0.0230986 0.0395101 0.0443247 0.0331919 0.0438717 -0.0556250 -0.0490097 -0.0534660 -0.0029964 -0.0619894 -0.0518540 0.0025312 0.0038266 0.0086501 0.0062360 -0.0011001 -0.0032606 -0.0440180 -0.0494574 -0.0553843 -0.0621165 -0.0535977 -0.0690596 -0.0350798 -0.0670590 -0.0212230 -0.0410148 0.1090921 0.0962164 0.1406597 0.1010497 1.0016756 0.0984741 -0.0024724 -0.0076807 -0.0092310 -0.0050071 -0.0008424 -0.0680568 -0.0751774 -0.0677646 -0.0371861 -0.0792211 -0.0874139 0.0369966
-0.0871832 -0.0630249 -0.0650697 -0.0733276 -0.0979846 -0.0905927 0.0148685 0.0453516 0.0514252 0.0484269 0.0265335 -0.0624050 -0.0651409 -0.0706500 -0.0276594 -0.0771540 -0.0420539 0.0054870 0.0219854 0.0155406 0.0341405 0.0130691 0.0112689 -0.0746800 -0.0653582 -0.0795768 -0.0918473 -0.0782009 -0.0853811 -0.0527930 -0.0892184 -0.0450812 -0.0529570 0.1615310 0.1353751 0.1639972 0.1380296 0.0984741 1.1983051 0.0038112 0.0009698 -0.0098187 0.0057068 0.0165920 -0.0910252 -0.0980651 -0.0848728 -0.0641810 -0.1021361 -0.1054170 0.0377566
-0.0645504 -0.0564626 -0.0436997 -0.0558890 -0.0761013 -0.0751980 -0.0201647 -0.0242168 -0.0215737 -0.0246364 -0.0432999 -0.0492124 -0.0431026 -0.0437633 -0.0223891 -0.0321156 -0.0512777 0.0265767 0.0257236 0.0580192 0.0488552 0.0459444 0.0700537 -0.0383462 -0.0423151 -0.0345960 -0.0508554 -0.0539708 -0.0528680 -0.0594143 -0.0637913 -0.0517432 -0.0648532 0.0148370 0.0115627 0.0191149 0.0050435 -0.0024724 0.0038112 1.1440283 0.0449056 0.0814622 0.1129590 0.0850080 -0.0743924 -0.0708808 -0.0607850 -0.0505294 -0.0758158 -0.0857927 -0.0113798
-0.0457017 -0.0331442 -0.0294769 -0.0298480 -0.0597024 -0.0475409 -0.0063305 -0.0290924 -0.0404023 -0.0321391 -0.0297619 -0.0284554 -0.0272723 -0.0328921 0.0062864 -0.0360864 -0.0378792 0.0156716 0.0219661 0.0203818 0.0091531 0.0215885 0.0144364 -0.0323470 -0.0340633 -0.0334329 -0.0363518 -0.0364037 -0.0543912 -0.0265006 -0.0457371 -0.0178954 -0.0243867 -0.0059201 0.0000494 0.0000175 0.0109794 -0.0076807 0.0009698 0.0449056 0.9524087 0.1010497 0.0694514 0.0733900 -0.0543112 -0.0508927 -0.0318018 -0.0370994 -0.0598553 -0.0490474 -0.0117220
-0.0941867 -0.0923122 -0.0750332 -0.0886619 -0.0882370 -0.1064577 -0.0398744 -0.0200536 -0.0265514 -0.0218875 -0.0191992 -0.0704982 -0.0690184 -0.0600554 -0.0457959 -0.0511518 -0.0535763 0.0268171 0.0180380 0.0621990 0.0474033 0.0615766 0.0736297 -0.0716158 -0.0723104 -0.0754006 -0.0628944 -0.0531912 -0.0634816 -0.0874360 -0.0964208 -0.0774455 -0.0891829 0.0439037 -0.0024846 0.0487724 0.0072539 -0.0092310 -0.0098187 0.0814622 0.1010497 1.3776653 0.3354011 0.1585620 -0.0919248 -0.1063588 -0.0911339 -0.0928753 -0.1089911 -0.1220706 -0.0091833
-0.0901437 -0.0828545 -0.0821965 -0.0876781 -0.0836759 -0.1039929 -0.0373041 -0.0265720 -0.0335605 -0.0215733 -0.0276180 -0.0428702 -0.0690320 -0.0624797 -0.0373018 -0.0390963 -0.0415062 0.0201476 0.0412720 0.0589837 0.0558124 0.0564675 0.0623516 -0.0508639 -0.0714471 -0.0784959 -0.0742777 -0.0625203 -0.0632593 -0.0754958 -0.0992684 -0.0649855 -0.0812708 0.0374120 0.0119173 0.0406344 0.0120621 -0.0050071 0.0057068 0.1129590 0.0694514 0.3354011 1.2904073 0.1227233 -0.0956609 -0.0969951 -0.0920883 -0.0760091 -0.1091799 -0.1159302 -0.0119450
-0.0773602 -0.0662309 -0.0755218 -0.0713824 -0.0745414 -0.0690867 -0.0294694 -0.0284719 -0.0158749 -0.0182554 -0.0067656 -0.0634112 -0.0617491 -0.0482680 -0.0375783 -0.0505967 -0.0463012 0.0198272 0.0265314 0.0507162 0.0629604 0.0704773 0.0820598 -0.0346315 -0.0581881 -0.0470583 -0.0603790 -0.0647473 -0.0628641 -0.0621151 -0.0803357 -0.0613859 -0.0676697 0.0106680 0.0038431 0.0292958 0.0107292 -0.0008424 0.0165920 0.0850080 0.0733900 0.1585620 0.1227233 1.2130498 -0.0800774 -0.0854505 -0.0830860 -0.0801968 -0.0877443 -0.0969075 -0.0024764
0.0661614 0.0427398 0.0518947 0.0515932 0.0725510 0.0625721 -0.0964979 -0.1425882 -0.1558224 -0.1705854 -0.1539036 -0.0489973 -0.0209075 -0.0363338 -0.0230265 -0.0451299 -0.0728406 -0.0418703 -0.0520221 -0.0602831 -0.0640028 -0.0576020 -0.0720589 0.0402659 0.0309849 0.0328488 0.0424711 0.0358789 0.0394915 0.0466836 0.0750464 0.0318358 0.0421335 -0.1027514 -0.0844618 -0.1106514 -0.0835038 -0.0680568 -0.0910252 -0.0743924 -0.0543112 -0.0919248 -0.0956609 -0.0800774 0.9057997 0.1902347 0.1319153 0.1012828 0.1717569 0.1757897 -0.1190876
0.0619386 0.0410751 0.0476064 0.0516854 0.0781133 0.0723809 -0.0884886 -0.1426842 -0.1513924 -0.1617655 -0.1511840 -0.0428275 -0.0118815 -0.0512961 -0.0254950 -0.0481570 -0.0548601 -0.0465427 -0.0639696 -0.0608843 -0.0717261 -0.0622073 -0.0741467 0.0259375 0.0213486 0.0308475 0.0421258 0.0415679 0.0380502 0.0455807 0.0792964 0.0391058 0.0485278 -0.1280976 -0.0977980 -0.1137812 -0.0792305 -0.0751774 -0.0980651 -0.0708808 -0.0508927 -0.1063588 -0.0969951 -0.0854505 0.1902347 0.9322785 0.1367849 0.1203792 0.1780286 0.1853255 -0.1242669
0.0699729 0.0458968 0.0469326 0.0554950 0.0450757 0.0590213 -0.0704821 -0.1103444 -0.1278718 -0.1292512 -0.1388109 -0.0289796 -0.0040854 -0.0321651 -0.0083152 -0.0437331 -0.0452443 -0.0500539 -0.0448275 -0.0746911 -0.0577488 -0.0661895 -0.0772571 0.0315599 0.0211817 0.0251413 0.0337573 0.0303112 0.0277713 0.0489793 0.0783430 0.0441334 0.0631724 -0.1054574 -0.0704490 -0.1172577 -0.0850583 -0.0677646 -0.0848728 -0.0607850 -0.0318018 -0.0911339 -0.0920883 -0.0830860 0.1319153 0.1367849 0.8099020 0.0925681 0.1539673 0.1562779 -0.0944471
0.0504258 0.0457435 0.0401036 0.0529224 0.0451600 0.0484617 -0.0516192 -0.0935364 -0.1179767 -0.1183744 -0.1154766 -0.0296894 -0.0042449 -0.0382864 0.0138998 -0.0380769 -0.0471983 -0.0222056 -0.0328026 -0.0409463 -0.0445031 -0.0580312 -0.0591118 0.0218785 0.0241273 0.0230709 0.0152282 0.0211194 0.0214029 0.0533844 0.0681189 0.0474546 0.0573639 -0.0922622 -0.0632371 -0.0981705 -0.0574414 -0.0371861 -0.0641810 -0.0505294 -0.0370994 -0.0928753 -0.0760091 -0.0801968 0.1012828 0.1203792 0.0925681 0.7094193 0.1081199 0.1157614 -0.0726724
0.0709878 0.0490096 0.0410516 0.0544083 0.0795517 0.0732136 -0.1003228 -0.1459240 -0.1658225 -0.1772620 -0.1671411 -0.0422373 -0.0226694 -0.0569443 -0.0289981 -0.0585335 -0.0655640 -0.0595924 -0.0657881 -0.0857621 -0.0827670 -0.0810253 -0.0890792 0.0165026 0.0259532 0.0210633 0.0333566 0.0382210 0.0393562 0.0477273 0.0940725 0.0459512 0.0674050 -0.1272614 -0.0935794 -0.1241329 -0.0967344 -0.0792211 -0.1021361 -0.0758158 -0.0598553 -0.1089911 -0.1091799 -0.0877443 0.1717569 0.1780286 0.1539673 0.1081199 0.8835930 0.4377989 -0.1119754
0.0694700 0.0440099 0.0472990 0.0549624 0.0757173 0.0690973 -0.0990327 -0.1461461 -0.1705696 -0.1729256 -0.1690872 -0.0326882 -0.0086583 -0.0427740 -0.0253341 -0.0452267 -0.0668979 -0.0583594 -0.0686155 -0.0763053 -0.0867328 -0.0797448 -0.0974218 0.0289946 0.0289539 0.0182725 0.0532449 0.0316451 0.0394042 0.0434260 0.0831814 0.0397683 0.0623538 -0.1252713 -0.0906958 -0.1211969 -0.0953114 -0.0874139 -0.1054170 -0.0857927 -0.0490474 -0.1220706 -0.1159302 -0.0969075 0.1757897 0.1853255 0.1562779 0.1157614 0.4377989 0.8659468 -0.1170753
-0.1155620 -0.0731792 -0.0890954 -0.0922698 -0.1166719 -0.1143703 0.1686444 0.2297884 0.2790168 0.2897897 0.2880146 -0.0842331 -0.0757421 -0.0831015 -0.0237433 -0.0890151 -0.0667972 -0.0101986 -0.0013042 -0.0137688 -0.0168054 -0.0096045 -0.0141685 -0.0853255 -0.0786053 -0.0817815 -0.1115438 -0.0946412 -0.1108458 -0.0606643 -0.1026990 -0.0505217 -0.0691921 0.0567411 0.0401795 0.0486032 0.0275537 0.0369966 0.0377566 -0.0113798 -0.0117220 -0.0091833 -0.0119450 -0.0024764 -0.1190876 -0.1242669 -0.0944471 -0.0726724 -0.1119754 -0.1170753 1.3194473
