data_analyses/maxent/chelseacur_asc/bio_8.asc
ncols         195
nrows         278
xllcorner     -122.86680578405
yllcorner     43.49152724385
cellsize      0.0083333333
NODATA_value  -9999
[rows 165 to 219 of 278, columns 96 to 191 of 195]
3 4 4 5 8 11 13 14 12 11 10 8 7 6 6 5 3 -2 -1 0 0 -1 -3 -8 -11 -13 -13 -14 -14 -10 -10 -8 -8 -9 -9 -6 -1 -7 -5 8 10 12 14 16 17 17 18 19 19 19 18 17 15 12 8 6 5 7 8 7 7 6 3 1 1 1 4 9 13 5 7 8 9 10 10 22 12 23 23 24 25 27 28 28 27 27 26 13 15 16 29 28 26 24 24 24
2 6 7 8 7 9 12 13 13 12 11 8 6 2 -2 1 0 -3 -6 -10 -11 -8 -5 -10 -10 -10 -11 -10 -8 -7 -4 -3 -2 -1 -2 -1 3 9 12 12 11 9 13 15 16 16 17 17 15 12 8 9 9 9 7 7 -4 8 9 9 9 9 7 6 6 7 9 12 14 17 7 19 9 21 22 22 24 24 24 25 25 27 25 24 25 14 23 14 16 27 28 18 30 26 25 24
11 13 14 14 13 11 11 13 14 13 10 8 5 2 0 -2 -4 -3 -5 -8 -10 -12 -11 -9 -9 -10 -11 -10 -8 -7 -5 -2 1 5 8 11 10 9 9 8 7 9 13 14 15 15 16 14 8 0 -5 -4 -3 1 4 -3 -1 9 10 10 10 10 10 9 11 11 12 14 16 6 7 19 20 21 10 21 22 22 22 23 26 25 24 25 25 13 12 15 16 26 27 26 29 27 25 25
12 11 8 9 15 15 15 16 15 13 11 9 6 2 -3 -6 -9 -7 -7 -9 -13 -16 -16 -12 -10 -10 -10 -9 -8 -7 -5 -2 1 3 6 5 5 5 6 -5 -4 10 13 14 14 14 15 13 4 -7 -18 -24 -18 -10 -1 5 10 11 11 12 10 10 11 11 12 13 14 15 16 16 7 18 10 10 20 21 11 22 24 26 25 22 22 13 12 12 13 16 15 15 15 17 30 27 25 25
0 -8 -7 -5 12 14 15 17 16 13 12 10 5 1 -3 -6 -10 -8 -8 -9 -11 -15 -12 -17 -11 -9 -9 -9 -8 -6 -5 -3 -2 1 1 0 1 2 3 6 10 12 13 14 14 15 15 14 9 -3 -13 -24 -25 -14 -2 6 10 12 13 12 11 10 10 10 12 13 14 14 15 17 18 20 20 19 19 22 24 25 25 25 23 21 11 11 12 24 26 14 24 24 14 25 26 27 24 25
-3 2 -4 7 11 13 14 16 16 14 12 9 4 -1 -5 -10 -16 -8 -6 -6 -8 -10 -9 -8 -8 -8 -8 -8 -6 -5 -4 -4 -2 -1 -9 -21 -14 -9 6 9 11 12 13 14 14 14 15 15 13 8 3 -5 -7 -3 4 9 11 13 13 12 11 11 10 10 12 13 14 15 16 17 19 20 20 20 21 24 24 22 23 23 20 10 11 12 13 25 15 24 13 14 24 14 28 27 24 25
-2 -1 5 9 11 12 14 16 18 16 12 8 3 -2 -6 -9 -12 -8 -6 -6 -7 -8 -8 -7 -7 -8 -9 -8 -7 -6 -8 -7 -9 -11 -27 -20 -13 3 7 9 9 9 11 13 13 14 14 14 15 14 13 11 9 9 12 14 14 15 15 15 14 14 13 12 13 13 14 15 17 17 18 19 19 20 23 22 19 20 24 21 20 22 24 14 24 14 14 14 25 15 16 17 28 28 26 26
3 5 8 11 11 13 13 14 18 17 14 9 4 0 -3 -6 -7 -6 -5 -6 -7 -8 -8 -7 -8 -10 -11 -11 -10 -10 -10 -10 -13 -13 -23 -6 -1 3 5 7 8 9 10 11 12 13 14 14 15 15 15 15 15 15 16 17 16 16 16 17 16 15 15 14 15 14 15 16 16 17 17 8 20 22 22 20 19 23 23 19 9 12 22 22 11 13 25 26 26 27 17 27 28 27 27 27
-2 4 10 12 11 11 13 12 17 17 14 10 6 3 0 -5 -5 -6 -9 -10 -11 -9 -7 -9 -11 -13 -14 -15 -15 -14 -12 -10 -7 -6 -6 -3 0 2 2 4 7 7 8 9 9 11 13 13 14 15 15 15 15 15 16 17 17 17 17 17 17 16 16 16 16 17 16 17 16 16 18 20 21 22 20 20 22 22 20 19 11 21 20 23 15 16 16 16 16 16 27 27 28 17 27 27
10 12 13 9 9 10 11 10 18 16 13 10 7 5 2 0 -2 -4 -5 -5 -5 -5 -7 -11 -15 -18 -21 -20 -19 -17 -14 -10 -9 -6 -3 -2 -1 0 1 3 4 4 4 5 6 8 11 13 14 15 15 15 16 16 16 17 17 17 17 17 17 17 17 16 17 17 17 16 17 19 20 21 20 20 20 22 20 19 19 10 11 20 9 14 25 16 15 25 26 27 17 27 27 27 15 15
19 19 12 9 8 8 8 18 22 16 13 12 10 8 6 5 2 0 0 0 -3 -6 -10 -14 -17 -21 -28 -26 -23 -19 -17 -14 -11 -9 -7 -4 -1 1 3 3 3 2 1 3 6 9 10 12 13 14 15 16 16 16 16 16 17 17 17 17 17 18 18 17 17 17 16 16 18 19 20 19 19 20 22 20 19 19 9 9 20 9 12 13 22 12 13 26 27 27 27 17 26 13 12 13
9 19 18 8 9 7 15 25 23 15 15 14 12 10 9 7 4 2 1 -1 -4 -7 -11 -17 -23 -25 -30 -38 -28 -29 -36 -17 -11 -8 -6 -4 -1 1 1 0 1 0 -1 -7 6 7 9 11 13 14 15 15 15 16 16 17 17 17 17 17 17 18 18 18 17 17 17 18 18 17 18 20 21 20 20 19 19 19 20 20 21 22 13 20 22 14 16 26 26 26 26 14 12 12 12 15
3 15 22 11 11 14 25 26 22 19 16 14 13 11 10 8 5 1 -2 -4 -6 -8 -11 -17 -23 -29 -35 -42 -31 -26 -21 -16 -11 -9 -8 -6 -5 -3 -2 -3 0 1 3 4 5 4 8 10 12 13 12 13 15 16 16 17 17 17 17 18 17 18 18 18 18 20 19 20 20 20 21 19 19 19 19 19 20 20 9 21 10 20 21 14 15 26 25 24 24 13 13 11 11 13 15 16
10 12 24 14 15 22 26 23 19 17 15 13 12 9 8 7 5 2 -1 -4 -6 -8 -11 -15 -19 -24 -30 -34 -28 -24 -19 -16 -13 -12 -10 -9 -8 -6 -4 -6 -2 0 2 4 6 7 8 10 10 11 12 14 15 16 16 17 17 17 17 18 18 18 18 18 18 19 21 20 19 19 20 19 20 20 20 21 21 20 20 20 10 10 25 15 14 23 21 12 24 24 21 11 14 15 16 16
14 16 25 19 28 27 24 19 14 13 12 11 9 8 7 5 3 0 -2 -4 -6 -8 -10 -13 -17 -20 -22 -23 -23 -20 -17 -15 -14 -13 -13 -11 -8 -6 -3 -2 -1 1 3 4 6 8 8 11 12 12 13 13 14 15 16 16 17 17 17 18 18 18 18 19 18 19 20 19 19 19 20 20 19 20 20 10 10 20 10 20 11 14 24 23 21 21 22 23 22 11 11 13 12 14 15 15
10 20 25 21 29 26 21 17 16 14 11 10 8 6 5 4 1 -2 -5 -7 -6 -9 -12 -15 -18 -21 -22 -23 -21 -19 -16 -15 -14 -14 -14 -10 -7 -5 -3 -2 -3 -1 1 4 6 8 10 11 12 12 13 13 14 15 15 16 17 17 17 18 18 18 19 19 18 18 19 19 19 19 9 20 19 10 20 10 10 21 10 20 13 23 22 10 10 11 12 21 11 11 11 11 13 14 14 14
14 19 25 23 32 25 18 15 13 12 10 7 7 6 2 1 0 -2 -4 -5 -7 -9 -13 -17 -20 -25 -29 -29 -27 -23 -19 -16 -14 -12 -11 -9 -8 -7 -8 -10 -10 -6 -2 3 5 8 9 10 11 11 12 13 14 15 15 16 17 17 17 18 18 18 18 19 19 17 19 20 19 19 19 20 20 10 10 10 21 21 20 22 23 22 21 21 11 12 11 11 11 11 11 11 12 12 12 12
16 25 28 32 31 25 18 14 12 10 5 2 2 4 2 0 -2 -4 -5 -6 -8 -10 -14 -17 -22 -28 -36 -34 -30 -28 -23 -19 -15 -13 -10 -10 -12 -16 -18 -16 -14 -11 -4 1 4 7 7 8 10 10 11 12 14 15 15 16 16 16 17 18 18 18 18 18 19 19 19 19 19 9 20 20 20 20 10 10 10 10 11 22 21 20 20 11 11 11 10 10 10 11 10 10 11 12 12 13
19 28 34 32 31 29 26 22 16 11 4 0 -3 -2 0 -2 -4 -7 -8 -9 -9 -11 -14 -17 -22 -28 -32 -30 -28 -27 -22 -19 -16 -13 -12 -13 -21 -27 -29 -25 -19 -13 -6 -1 3 5 6 7 8 9 11 12 13 14 15 15 16 17 17 17 17 18 18 18 18 19 19 19 19 8 19 10 20 10 21 10 10 11 12 20 20 9 20 10 10 10 10 10 10 10 9 8 10 11 12 13
23 31 35 33 31 27 27 25 22 19 12 7 6 3 -1 -4 -6 -8 -11 -11 -10 -11 -13 -16 -18 -22 -25 -24 -23 -22 -19 -17 -15 -15 -14 -17 -25 -36 -37 -33 -34 -29 -14 -7 -1 3 3 5 6 7 7 8 12 14 13 13 14 15 16 17 17 17 17 17 18 18 18 19 9 9 9 10 10 10 10 11 12 12 22 21 20 19 19 9 9 9 9 8 9 9 7 6 7 10 11 11
29 32 36 34 29 23 23 22 19 17 14 10 6 0 -4 -6 -8 -9 -12 -13 -10 -10 -11 -13 -15 -18 -19 -19 -19 -18 -17 -16 -16 -16 -18 -22 -29 -36 -41 -34 -31 -29 -24 -8 -2 0 0 -1 -1 0 2 4 10 13 12 10 12 14 15 16 16 16 16 17 17 17 18 18 19 9 9 20 10 9 10 11 11 12 22 21 9 19 9 9 9 9 9 8 8 7 6 3 2 7 10 11
32 31 34 36 24 19 19 19 17 16 13 10 5 0 -6 -10 -14 -16 -15 -15 -13 -12 -11 -11 -13 -14 -15 -15 -16 -16 -15 -16 -18 -19 -21 -25 -26 -27 -30 -27 -23 -26 -10 -6 -3 -2 -5 -7 -7 -4 0 3 8 11 10 10 12 14 15 15 16 16 15 16 16 17 18 18 18 8 19 9 9 9 10 11 11 21 11 9 9 9 9 9 9 10 9 8 6 5 2 -2 1 7 9 11
34 32 36 33 22 18 18 16 15 13 11 7 3 -2 -7 -13 -18 -23 -22 -20 -17 -13 -10 -10 -11 -12 -13 -15 -15 -16 -17 -18 -20 -22 -22 -28 -25 -24 -26 -20 -16 -11 -8 -6 -4 -6 -12 -16 -15 -9 -13 2 5 8 8 8 10 12 12 13 14 14 15 15 15 16 16 18 8 8 18 9 9 9 9 9 10 10 10 9 8 18 8 8 9 9 9 7 5 6 6 5 7 9 10 10
33 37 28 24 22 20 17 16 15 13 10 6 1 -4 -8 -12 -17 -21 -23 -21 -18 -14 -10 -11 -13 -15 -15 -16 -18 -19 -20 -21 -24 -26 -25 -28 -23 -21 -19 -17 -15 -12 -10 -7 -5 -9 -14 -16 -15 -10 -14 1 4 5 7 7 7 9 10 11 13 14 15 15 14 3 4 6 7 7 7 8 8 8 9 9 9 9 9 9 8 8 8 8 8 9 9 8 8 8 8 8 9 9 9 10
37 33 26 25 23 20 19 17 14 12 10 6 0 -3 -6 -10 -13 -17 -19 -18 -16 -13 -9 -10 -13 -17 -19 -19 -20 -21 -23 -24 -27 -28 -28 -28 -23 -20 -19 -16 -13 -11 -9 -9 -9 -9 -11 -12 -11 -7 -1 2 3 4 5 6 7 8 10 11 10 12 12 12 2 3 3 5 6 7 17 8 8 8 9 9 9 9 9 9 9 9 8 7 8 8 8 8 9 9 9 9 8 9 9 9
34 34 28 23 24 23 20 18 14 12 9 6 2 -1 -5 -7 -10 -14 -16 -14 -11 -9 -9 -10 -12 -17 -20 -22 -22 -23 -25 -27 -30 -33 -31 -30 -24 -20 -18 -15 -14 -12 -12 -12 -12 -11 -9 -7 -5 -3 -1 0 2 3 4 5 6 8 8 8 9 10 11 12 13 4 15 5 6 17 7 8 8 8 8 8 9 9 8 9 8 7 7 7 7 7 8 9 9 9 9 8 8 9 9 9
28 37 36 25 30 20 16 16 15 12 9 6 3 0 -2 -6 -9 -14 -15 -14 -12 -9 -8 -9 -12 -16 -19 -21 -23 -25 -28 -29 -33 -36 -35 -31 -27 -24 -19 -18 -17 -16 -16 -14 -13 -10 -9 -7 -7 -5 -3 0 0 2 3 3 5 6 7 8 9 11 12 12 12 13 14 5 5 6 6 6 7 8 8 8 8 8 9 9 8 7 6 6 7 7 9 9 9 9 9 9 9 9 9 10
22 29 38 39 31 24 17 15 14 11 9 7 5 2 -1 -4 -8 -11 -12 -12 -13 -11 -8 -8 -14 -17 -19 -22 -25 -28 -30 -32 -35 -37 -41 -34 -31 -27 -24 -23 -21 -19 -17 -15 -13 -11 -9 -10 -10 -4 0 -2 0 1 2 3 4 5 7 8 9 10 10 10 0 1 3 3 4 4 4 6 7 7 8 8 8 8 9 9 8 8 7 7 7 7 8 9 9 9 9 9 9 10 11 10
33 37 38 39 29 28 23 16 14 12 11 9 6 4 2 -1 -5 -10 -13 -11 -8 -7 -8 -13 -14 -16 -19 -23 -26 -31 -32 -34 -38 -41 -45 -42 -34 -32 -30 -27 -25 -23 -20 -16 -13 -13 -14 -10 -3 -2 -5 -5 -4 -2 -1 0 3 5 6 7 8 8 8 9 -1 1 2 4 5 6 6 6 7 6 6 7 8 8 8 8 8 8 8 7 7 7 8 9 9 9 9 9 10 9 9 9
42 40 33 28 21 16 23 16 15 14 11 9 6 2 0 -3 -6 -9 -10 -3 0 -3 -8 -12 -13 -16 -19 -23 -27 -30 -34 -37 -41 -46 -48 -47 -41 -40 -36 -32 -29 -26 -21 -18 -17 -17 -12 -7 -3 -4 -7 -7 -8 -5 -4 -1 2 3 4 5 6 6 7 8 10 1 12 13 4 15 6 6 6 6 5 7 6 7 8 8 8 8 7 6 6 8 9 8 9 9 9 9 9 8 7 8
42 38 28 26 20 15 16 16 11 12 12 10 7 3 -2 -7 -7 0 6 5 3 -1 -8 -12 -16 -18 -20 -27 -30 -33 -38 -44 -50 -47 -57 -54 -53 -49 -44 -37 -32 -28 -24 -22 -20 -15 -11 -6 -6 -6 -10 -11 -10 -7 -5 -5 0 2 3 3 4 4 -5 7 10 11 12 3 13 14 5 5 6 5 4 5 5 5 7 7 7 7 7 6 6 7 8 8 8 9 9 9 8 7 5 5
37 39 38 39 36 22 15 16 17 19 22 23 23 23 20 16 16 15 13 11 8 3 -6 -14 -19 -24 -26 -27 -31 -35 -40 -46 -54 -56 -71 -77 -59 -48 -44 -51 -46 -31 -27 -23 -19 -16 -12 -7 -7 -11 -14 -14 -11 -9 -7 -4 -3 -1 1 1 2 3 5 7 8 10 11 1 1 1 2 4 4 3 3 3 4 5 6 6 6 6 6 6 6 7 8 8 8 9 8 8 7 7 6 5
28 27 24 26 37 37 33 33 35 33 29 26 26 25 21 19 15 10 4 0 1 3 -7 -13 -18 -22 -26 -28 -31 -36 -41 -49 -60 -68 -73 -79 -61 -51 -55 -48 -43 -29 -25 -22 -19 -15 -11 -9 -12 -17 -18 -14 -11 -9 -8 -8 -5 -3 -2 0 0 0 -9 -6 -4 8 8 9 -2 0 2 2 2 2 3 5 3 3 5 6 6 6 6 6 6 7 7 8 8 9 8 8 8 7 8 8
29 27 25 19 22 25 28 26 22 16 12 9 8 6 3 1 0 2 -3 -8 -12 -17 -15 -14 -15 -20 -27 -33 -34 -36 -41 -50 -65 -76 -74 -63 -55 -47 -41 -36 -31 -27 -24 -22 -20 -16 -11 -16 -18 -20 -19 -18 -17 -15 -15 -15 -11 -8 -9 -6 -3 -2 -10 -9 -7 6 -3 -3 -2 0 1 1 2 3 4 5 4 2 4 5 5 6 6 6 7 6 6 8 10 9 8 8 8 8 8 8
37 33 28 23 19 14 13 12 12 10 9 7 5 2 1 -2 -5 -6 -5 -7 -11 -16 -23 -27 -26 -23 -21 -26 -33 -37 -42 -50 -63 -78 -75 -62 -52 -44 -39 -35 -31 -27 -23 -22 -20 -17 -17 -20 -23 -23 -22 -22 -22 -23 -22 -20 -16 -14 -11 -8 -5 -3 -2 -10 -8 -6 -4 -3 -2 -1 0 2 3 4 4 4 4 3 4 5 5 5 6 6 7 7 7 8 10 8 8 8 8 8 8 8
26 34 36 28 21 18 16 15 15 14 14 11 5 1 -2 -4 -8 -12 -14 -10 -11 -16 -20 -26 -34 -31 -24 -24 -29 -34 -41 -47 -54 -58 -60 -57 -50 -43 -39 -34 -27 -25 -26 -26 -23 -23 -23 -24 -27 -27 -26 -26 -26 -25 -23 -21 -20 -17 -12 -9 -7 -5 -12 -11 1 -7 -5 -4 -3 -3 -2 1 3 4 4 4 4 4 4 4 4 5 6 6 7 7 7 8 9 8 7 7 7 7 7 8
7 21 29 34 24 24 26 27 20 16 14 11 5 -1 -4 -6 -10 -15 -21 -22 -14 -18 -24 -27 -36 -39 -31 -28 -27 -33 -38 -42 -47 -54 -53 -50 -45 -47 -44 -37 -33 -32 -30 -28 -26 -26 -27 -29 -29 -31 -30 -29 -29 -27 -24 -24 -22 -18 -14 -11 -9 -7 -5 -2 -10 -9 -7 -5 -5 -4 -3 0 2 3 3 3 3 4 4 3 4 4 5 6 6 7 7 8 9 7 7 6 6 7 7 7
9 17 25 34 31 24 20 23 25 18 15 11 6 -1 -5 -7 -10 -15 -19 -24 -22 -22 -25 -31 -35 -39 -36 -32 -31 -34 -37 -40 -42 -49 -50 -53 -52 -54 -51 -46 -40 -37 -31 -30 -29 -29 -32 -34 -33 -35 -34 -33 -32 -31 -30 -30 -27 -26 -22 -18 -26 -13 -11 -15 -12 -10 -8 -7 -6 -4 -1 0 1 2 2 2 2 3 3 3 3 4 5 5 5 6 6 7 7 6 6 6 6 6 6 7
1 16 23 29 34 27 21 14 25 22 15 11 6 0 -6 -9 -13 -16 -20 -24 -28 -23 -23 -27 -28 -29 -30 -28 -29 -32 -34 -39 -47 -55 -62 -67 -64 -59 -53 -46 -41 -37 -34 -31 -34 -34 -39 -39 -37 -40 -39 -37 -34 -33 -33 -44 -42 -42 -40 -39 -37 -32 -30 -25 -18 -12 -11 -10 -8 -7 -6 -4 -2 -1 1 1 1 2 2 3 4 3 4 4 4 5 6 6 5 5 5 5 6 6 6 6
3 11 10 16 29 33 24 22 15 21 23 12 5 0 -5 -9 -11 -14 -18 -22 -22 -18 -21 -22 -23 -22 -22 -24 -28 -30 -34 -41 -51 -63 -77 -90 -78 -67 -55 -46 -43 -40 -38 -36 -39 -41 -46 -45 -43 -47 -41 -38 -36 -46 -48 -45 -43 -44 -43 -41 -40 -37 -36 -33 -21 -15 -13 -12 -10 -10 -9 -6 -3 -3 -1 -1 0 1 2 2 2 2 3 4 4 5 5 7 5 5 5 5 5 6 6 6
-2 -3 -1 3 18 30 20 13 11 13 25 21 11 2 -3 -6 -9 -13 -15 -17 -14 -15 -14 -13 -12 -13 -19 -23 -26 -30 -35 -44 -53 -62 -74 -81 -78 -67 -52 -39 -40 -47 -44 -44 -46 -47 -48 -47 -52 -52 -44 -42 -38 -50 -49 -47 -46 -46 -45 -42 -42 -40 -38 -36 -24 -17 -15 -13 -12 -12 -10 -8 -7 -5 -4 -2 -1 0 0 1 2 3 3 1 3 4 5 5 5 5 5 5 5 5 6 6
-11 -3 6 13 20 28 21 8 9 11 20 20 18 15 6 1 -4 -8 -9 -2 4 2 1 -4 -11 -15 -18 -20 -24 -28 -33 -41 -46 -52 -58 -63 -64 -55 -46 -37 -37 -46 -53 -56 -57 -58 -58 -56 -56 -54 -52 -49 -47 -45 -52 -50 -47 -46 -45 -43 -42 -41 -40 -36 -29 -23 -18 -17 -15 -14 -12 -9 -8 -6 -5 -3 -2 -1 -1 1 2 2 2 2 2 2 2 0 -1 1 4 4 4 5 5 5
-8 -3 0 2 19 27 19 5 6 8 15 18 17 17 18 17 14 9 11 13 5 0 -4 -6 -11 -14 -15 -19 -22 -23 -26 -32 -38 -42 -46 -48 -51 -52 -44 -38 -36 -41 -49 -64 -65 -61 -56 -54 -52 -49 -48 -46 -44 -42 -41 -39 -48 -45 -42 -41 -39 -41 -36 -34 -31 -26 -22 -19 -17 -15 -13 -11 -9 -7 -5 -4 -3 -3 -2 0 0 1 2 1 1 1 0 -5 -5 -1 3 4 4 4 5 5
-16 -12 -10 -2 13 24 21 6 2 6 7 8 9 9 9 8 10 11 8 4 -3 -12 -19 -24 -28 -27 -26 -29 -29 -30 -29 -34 -37 -37 -39 -41 -40 -42 -36 -33 -36 -42 -46 -55 -52 -50 -51 -52 -48 -45 -42 -40 -41 -40 -38 -48 -37 -46 -43 -40 -38 -37 -35 -33 -32 -29 -25 -22 -18 -16 -14 -12 -10 -8 -6 -5 -5 -4 -2 -1 0 1 0 0 1 0 -1 -4 -2 0 3 4 3 3 4 4
-6 -5 -2 7 14 19 22 16 5 3 5 5 4 4 1 -2 -4 -4 -7 -6 -6 -5 -8 -14 -19 -22 -25 -30 -36 -35 -29 -32 -34 -35 -35 -39 -36 -33 -31 -30 -31 -35 -40 -45 -42 -43 -48 -51 -47 -45 -41 -49 -45 -45 -46 -44 -43 -44 -42 -40 -39 -38 -36 -34 -32 -30 -28 -25 -21 -18 -16 -14 -12 -9 -7 -7 -6 -4 -3 -3 0 -1 -1 0 1 1 2 2 3 3 3 3 3 1 2 4
-7 -5 2 7 9 4 16 20 18 14 11 7 3 3 0 -2 -6 -8 -10 -12 -14 -14 -11 -13 -16 -19 -24 -28 -33 -35 -32 -31 -30 -32 -36 -37 -37 -33 -28 -27 -27 -30 -33 -35 -37 -39 -43 -46 -44 -42 -40 -48 -46 -42 -38 -37 -35 -37 -38 -38 -38 -36 -36 -33 -32 -30 -28 -24 -20 -18 -16 -14 -12 -10 -9 -7 -6 -5 -3 -2 -2 -2 0 0 1 1 1 2 3 3 3 3 3 3 2 3
-15 -7 -2 -3 -2 3 15 14 4 9 5 7 7 4 2 -2 -6 -8 -13 -16 -18 -20 -22 -20 -19 -20 -23 -26 -28 -31 -31 -30 -28 -33 -34 -30 -34 -32 -27 -24 -24 -25 -26 -30 -32 -36 -39 -41 -40 -40 -39 -47 -44 -41 -38 -35 -32 -31 -30 -35 -35 -34 -33 -32 -30 -27 -23 -21 -18 -16 -14 -13 -11 -10 -8 -7 -6 -5 -4 -3 -2 -1 -1 0 0 1 1 2 3 3 3 2 2 2 2 3
-16 -9 -12 -11 -6 -1 6 15 4 -1 2 6 8 7 6 2 -1 -6 -11 -14 -18 -20 -24 -27 -26 -26 -28 -28 -27 -27 -27 -28 -29 -25 -22 -20 -20 -23 -21 -20 -19 -20 -23 -30 -32 -34 -37 -38 -39 -39 -36 -44 -42 -40 -39 -37 -34 -30 -30 -26 -28 -29 -25 -21 -19 -19 -16 -15 -15 -16 -16 -14 -12 -10 -9 -8 -7 -6 -4 -3 -1 -1 -1 0 1 1 1 1 3 2 2 2 2 2 2 2
-13 -8 -8 -9 -6 -3 -1 7 12 6 3 4 4 6 7 4 3 2 -5 -9 -13 -16 -19 -21 -22 -23 -25 -28 -31 -26 -25 -26 -27 -22 -20 -19 -23 -21 -17 -17 -18 -24 -34 -34 -36 -30 -34 -35 -37 -39 -38 -46 -42 -38 -35 -33 -31 -29 -27 -26 -21 -20 -21 -22 -19 -18 -20 -22 -21 -19 -16 -14 -12 -11 -9 -8 -8 -5 -4 -3 -2 -2 -2 -1 0 0 0 1 1 1 1 1 1 2 2 2
-2 -4 -6 -6 -7 -7 -5 -3 1 4 2 1 -3 -3 1 1 2 2 -1 -5 -8 -12 -14 -16 -18 -21 -25 -24 -27 -25 -22 -22 -20 -18 -18 -18 -24 -24 -17 -17 -18 -22 -25 -26 -30 -30 -29 -32 -35 -38 -41 -49 -46 -43 -36 -34 -32 -29 -27 -25 -25 -24 -25 -25 -25 -28 -27 -24 -21 -19 -17 -15 -13 -11 -10 -10 -8 -7 -5 -4 -3 -3 -2 -1 -1 -1 0 0 0 0 1 1 2 2 2 2
-5 -12 -10 -9 -8 -8 -5 -4 -4 -2 -1 -3 -3 -4 -6 -7 -6 -3 -3 -4 -5 -8 -10 -13 -15 -17 -19 -20 -21 -21 -20 -19 -17 -16 -16 -17 -22 -22 -17 -17 -18 -20 -22 -26 -28 -29 -30 -31 -33 -40 -45 -54 -49 -45 -42 -40 -36 -34 -33 -33 -32 -31 -30 -29 -28 -27 -25 -23 -20 -18 -16 -14 -12 -11 -10 -9 -8 -7 -6 -5 -3 -2 -2 -1 -1 0 0 0 0 0 1 1 1 2 2 2
1 -6 -8 -8 -9 -9 -8 -6 -5 -3 -2 -3 -4 -4 -5 -7 -9 -12 -13 -11 -8 -7 -8 -10 -12 -14 -15 -16 -17 -18 -17 -15 -14 -13 -13 -17 -20 -20 -18 -18 -19 -21 -23 -27 -31 -35 -32 -31 -34 -43 -49 -47 -49 -45 -44 -41 -37 -35 -35 -33 -32 -31 -30 -28 -27 -26 -24 -23 -20 -18 -16 -14 -13 -11 -10 -9 -8 -7 -6 -4 -2 -2 -1 -1 -1 -1 -1 0 0 0 -1 0 1 1 1 1
1 3 1 -2 -7 -9 -10 -7 -5 -4 -3 -5 -5 -6 -7 -8 -9 -11 -15 -18 -18 -14 -13 -12 -12 -13 -14 -15 -15 -13 -12 -12 -12 -13 -12 -14 -17 -17 -17 -17 -20 -22 -26 -32 -40 -45 -41 -47 -44 -48 -52 -43 -49 -44 -42 -41 -40 -38 -35 -36 -33 -32 -32 -32 -30 -26 -24 -22 -20 -18 -17 -16 -13 -11 -10 -8 -7 -5 -4 -3 -2 -1 -1 -2 -1 -1 -1 -1 -1 -1 -1 -1 0 0 0 0
-9 -6 -7 -3 -3 -8 -8 -8 -6 -4 -4 -6 -8 -8 -9 -9 -10 -12 -14 -18 -23 -22 -18 -16 -15 -14 -15 -16 -17 -13 -20 -10 -11 -15 -12 -13 -15 -15 -15 -16 -19 -24 -31 -41 -52 -57 -52 -44 -47 -43 -42 -42 -41 -39 -38 -37 -40 -38 -35 -33 -32 -31 -29 -29 -28 -25 -24 -22 -20 -18 -16 -14 -12 -11 -10 -8 -6 -4 -3 -2 -2 -2 -2 -2 -2 -1 -1 -1 -2 -2 -2 -2 -2 -1 -1 -2
-9 -6 -6 -6 -4 -5 -5 -6 -6 -5 -4 -5 -7 -9 -11 -12 -13 -14 -17 -19 -20 -22 -20 -18 -16 -16 -15 -15 -15 -12 -10 -8 -9 -13 -11 -12 -12 -13 -14 -16 -20 -25 -33 -46 -62 -70 -61 -60 -51 -43 -38 -35 -34 -34 -34 -34 -32 -34 -35 -34 -31 -30 -28 -28 -25 -25 -24 -23 -20 -18 -15 -13 -12 -11 -8 -6 -5 -4 -3 -2 -3 -3 -2 -2 -2 -1 -2 -2 -3 -3 -3 -2 -3 -3 -2 -3
