data_analyses/maxent/chelseacur_asc/bio_13.asc
ncols         195
nrows         278
xllcorner     -122.86680578405
yllcorner     43.49152724385
cellsize      0.0083333333
NODATA_value  -9999
[rows 86 to 128 of 278, columns 0 to 95 of 195]
187 185 182 181 182 184 186 186 183 180 178 178 178 178 177 176 175 176 176 175 174 174 173 172 172 173 174 175 177 179 182 183 181 180 182 187 191 193 192 190 188 187 187 190 196 206 210 205 200 198 197 197 199 200 201 202 203 202 204 216 233 240 239 241 248 256 269 291 319 338 342 337 340 355 368 357 326 302 294 290 275 243 213 205 215 229 240 265 301 323 306 278 256 229 208 202
183 181 180 181 183 185 187 187 183 179 177 176 177 177 177 176 175 174 174 174 173 173 172 172 172 172 173 175 177 180 184 186 185 185 188 193 202 205 202 199 197 198 201 200 194 189 191 195 202 209 207 200 196 196 199 205 209 208 205 212 230 243 244 246 251 254 262 278 300 320 333 342 352 366 374 359 323 286 263 247 233 214 203 207 225 244 261 293 335 348 319 286 264 238 215 205
179 179 179 181 181 181 182 183 182 182 179 177 176 176 176 175 174 173 172 172 172 172 172 173 174 174 175 177 180 183 187 188 186 188 194 202 213 219 215 209 206 209 215 215 202 191 191 199 215 234 233 220 213 211 215 224 232 230 218 208 213 225 232 234 236 238 244 256 274 296 317 331 342 357 370 362 323 277 246 227 213 203 201 206 215 229 256 303 352 365 336 299 268 239 219 209
178 179 180 180 179 178 177 178 180 185 187 184 179 176 175 174 172 170 170 170 171 171 172 174 177 180 182 184 189 192 194 194 190 189 194 203 214 223 224 217 212 214 222 221 206 194 194 201 215 235 248 250 247 242 241 247 254 250 234 216 215 233 246 246 245 243 236 230 234 249 264 274 284 303 333 353 336 293 255 231 215 207 210 214 213 216 238 283 329 342 315 280 250 229 218 209
181 183 182 180 178 178 177 177 178 182 188 187 182 177 174 172 171 169 168 168 169 170 171 173 177 182 187 193 200 205 206 204 198 193 192 194 200 210 218 218 214 216 223 219 204 196 202 208 210 218 235 254 261 259 252 249 252 253 244 226 218 231 246 252 262 268 253 231 223 226 233 240 245 252 277 318 343 324 285 253 226 217 232 246 238 223 229 258 290 298 279 255 235 223 216 208
185 185 184 181 179 178 177 177 176 177 179 180 177 175 173 172 172 173 173 172 171 171 171 172 174 178 184 191 201 211 215 214 211 207 200 192 191 199 212 218 217 218 219 212 199 197 211 224 222 218 225 235 241 240 236 235 238 245 247 236 221 217 222 232 246 258 252 239 234 241 258 279 287 271 259 285 330 338 306 265 233 230 265 296 274 235 228 248 273 281 270 252 235 222 214 208
186 185 184 182 179 177 176 175 174 173 172 172 171 170 170 170 172 176 179 180 181 181 180 178 177 177 180 184 191 202 211 217 218 214 205 198 195 202 216 229 227 224 219 210 200 199 216 240 250 246 238 231 227 225 227 233 240 247 252 249 236 225 224 231 244 262 272 271 270 281 308 337 344 320 291 293 314 310 278 247 234 251 300 324 286 241 234 257 283 289 273 254 241 230 220 210
184 183 182 180 178 177 175 173 172 170 168 167 167 167 167 167 169 171 174 179 184 190 192 190 186 183 182 182 183 187 195 202 205 203 204 210 211 213 225 242 240 234 225 216 206 201 215 244 266 270 263 253 244 238 237 242 253 266 276 279 268 251 241 241 256 293 327 336 334 337 349 361 365 356 336 310 284 259 240 236 253 289 319 309 268 244 249 273 293 285 264 254 252 245 228 209
182 181 180 178 177 176 174 171 169 167 165 165 165 165 166 166 166 167 168 171 175 182 188 193 195 193 189 188 186 183 183 186 189 194 209 231 239 230 228 241 246 241 231 219 208 200 207 227 243 249 250 250 250 250 251 259 276 298 318 326 320 303 287 275 276 306 343 362 365 361 360 365 373 378 366 327 283 256 244 251 283 314 309 279 258 260 280 306 314 296 281 282 283 271 243 216
180 179 177 175 174 173 171 169 166 165 164 165 166 167 166 166 168 169 171 173 173 172 176 185 197 204 205 203 198 190 187 186 185 190 209 238 250 235 222 229 243 243 233 223 212 199 199 211 221 224 226 229 235 248 264 284 308 331 350 361 364 361 354 340 327 326 337 351 360 363 365 371 381 385 377 355 327 297 276 280 302 310 293 278 282 305 336 359 358 343 338 337 324 299 268 237
178 177 174 172 171 170 168 166 165 164 164 167 169 168 168 170 172 173 177 181 180 174 172 176 189 205 220 228 223 211 201 193 187 189 202 221 229 219 209 219 242 249 240 229 216 201 204 226 246 254 254 250 251 264 289 317 339 354 364 371 378 383 382 370 349 328 320 329 344 353 353 354 363 364 354 343 335 325 321 330 337 333 326 327 340 363 386 396 392 383 376 362 335 300 269 241
176 175 173 171 170 168 167 166 166 167 167 167 167 168 172 178 182 181 182 186 185 180 176 176 179 192 212 233 243 239 224 202 189 190 197 202 203 200 200 214 235 248 243 229 213 201 213 247 278 294 301 301 301 310 327 342 349 349 349 353 358 359 348 324 295 272 263 270 285 295 295 296 305 306 295 288 301 331 360 375 376 375 378 384 391 396 398 395 387 376 361 341 312 275 241 220
175 173 171 169 168 168 167 169 173 176 177 174 170 169 175 185 195 196 193 191 187 183 183 182 177 179 191 213 237 252 245 220 198 191 191 191 192 195 202 211 222 230 230 221 207 199 212 244 276 300 320 332 339 345 345 336 318 298 287 286 288 287 274 254 241 237 238 238 237 235 234 237 245 251 251 253 278 331 377 385 377 376 384 395 399 392 379 367 354 336 312 288 264 239 217 204
173 171 169 166 165 166 167 171 179 188 193 194 188 180 177 184 199 211 210 202 192 187 187 185 180 176 180 194 219 246 258 249 229 211 198 190 190 198 213 224 226 225 223 218 208 198 202 224 257 285 307 320 328 331 321 296 266 248 243 240 237 235 233 234 244 267 285 278 252 229 224 227 229 239 256 271 295 345 389 392 373 357 356 366 370 355 330 310 293 272 248 229 218 211 205 201
171 168 165 163 163 164 165 169 177 188 201 212 211 202 193 189 199 220 225 214 203 194 191 191 188 183 180 185 201 227 251 262 259 246 226 205 195 201 223 245 251 249 244 231 215 202 196 204 224 245 259 266 270 270 260 240 228 241 265 278 279 280 281 280 289 321 348 325 272 239 238 245 241 250 285 324 352 381 402 400 380 350 323 311 304 286 260 242 231 219 210 207 208 210 210 206
167 164 162 162 162 163 165 168 172 180 193 209 218 221 220 211 206 221 231 226 218 210 204 205 207 202 191 183 187 201 218 231 241 247 245 231 211 206 227 255 268 270 269 254 229 210 200 197 200 205 211 214 214 213 210 206 210 230 265 302 328 344 352 352 353 369 374 329 270 249 258 265 254 264 316 370 391 391 389 382 363 326 281 250 238 227 216 209 207 208 211 215 219 222 221 215
164 163 163 163 164 165 169 173 174 177 183 194 206 218 231 230 215 214 230 240 240 232 223 226 234 228 207 188 182 184 189 195 201 212 227 235 226 213 220 245 266 275 276 264 238 216 206 200 197 198 202 205 204 204 205 207 208 212 230 266 308 343 366 380 388 392 376 328 289 288 296 290 268 281 341 386 385 366 346 328 305 271 237 221 220 221 216 213 216 220 225 228 230 230 228 222
162 163 165 168 169 171 175 181 184 184 183 188 197 210 225 230 213 202 219 243 254 251 244 245 254 244 214 194 190 192 192 191 191 194 201 215 230 229 219 224 246 265 275 269 250 228 214 207 202 202 206 210 212 213 218 224 224 217 212 223 251 287 322 351 374 388 385 360 344 352 356 333 301 310 359 385 371 339 301 268 251 240 226 225 242 247 234 228 238 251 255 249 241 236 234 232
162 164 168 172 176 178 181 188 194 194 190 190 197 208 220 222 209 195 203 225 245 256 256 257 261 246 215 201 206 217 222 215 206 201 197 202 226 247 239 224 223 236 256 272 270 255 238 224 215 211 210 211 214 219 232 250 253 238 221 213 216 233 261 297 335 367 385 387 386 390 390 373 352 354 370 367 338 302 266 241 239 242 231 236 263 271 249 238 256 287 302 282 258 250 252 247
166 170 174 177 180 184 189 195 200 201 199 196 197 203 213 220 218 211 208 208 220 244 259 262 260 248 225 213 219 233 243 240 230 221 209 202 214 235 246 241 231 223 230 249 260 259 252 242 235 233 233 228 224 226 241 263 273 262 244 232 225 221 225 247 288 333 361 370 368 362 358 363 375 383 370 334 292 264 250 241 243 246 236 236 264 279 260 242 254 285 316 314 293 281 274 253
175 181 186 188 188 191 196 202 204 206 208 208 204 200 202 213 224 228 224 212 206 225 252 261 260 256 247 237 234 235 236 241 248 249 234 214 206 211 222 234 241 236 224 223 230 237 241 242 243 253 271 278 270 263 267 281 293 297 294 284 267 243 224 224 247 283 308 310 301 292 291 308 344 368 346 299 267 259 255 248 251 253 240 235 262 292 285 258 246 265 309 341 329 298 270 244
193 195 200 203 203 203 204 205 205 207 213 217 217 210 201 202 215 227 231 222 208 210 229 246 253 258 263 262 257 253 245 244 256 269 265 246 228 217 212 216 237 256 249 235 239 254 265 263 255 258 280 302 306 301 304 320 337 351 356 343 309 263 230 221 227 240 256 267 266 260 265 284 323 354 333 291 274 272 262 255 265 265 246 235 259 302 319 296 262 261 311 359 339 285 253 248
216 215 215 217 219 219 217 213 210 212 217 223 227 224 213 203 207 221 231 229 219 212 213 223 236 246 255 263 270 276 274 267 270 283 291 287 272 255 235 221 241 281 294 285 288 304 316 316 305 291 284 289 296 299 303 320 349 377 384 359 310 261 238 236 238 238 245 267 284 294 312 332 359 379 366 337 316 291 266 267 288 288 260 238 248 283 315 321 293 274 312 360 340 285 272 296
231 232 230 229 230 231 230 225 224 226 230 231 231 232 228 217 208 213 223 229 233 232 225 219 222 230 236 243 254 267 275 273 273 281 294 304 306 296 270 240 243 281 311 320 321 327 338 348 352 346 334 326 326 330 328 327 343 366 366 331 286 263 264 270 271 262 252 265 292 331 372 391 395 399 400 392 368 321 281 284 313 314 275 245 242 255 276 302 312 300 313 360 367 335 336 368
231 235 236 236 237 238 237 234 234 236 237 236 234 233 235 231 219 212 219 228 235 241 240 232 225 227 231 231 236 246 251 248 243 246 260 280 296 303 292 260 238 250 273 287 291 299 314 329 341 353 363 369 374 379 378 372 367 364 347 313 287 291 312 320 305 279 263 279 317 364 400 403 385 372 380 390 382 350 317 314 329 315 276 253 254 261 261 275 309 330 341 374 401 396 397 407
226 229 233 237 240 239 237 236 236 238 239 238 236 233 235 236 229 221 223 230 232 233 238 239 235 233 234 234 238 249 256 251 238 228 232 245 261 278 286 268 239 230 235 241 247 256 269 283 295 311 330 351 369 381 389 394 392 383 366 344 332 342 365 367 336 301 300 332 370 394 401 388 350 318 327 354 365 362 357 357 345 317 293 284 296 308 294 280 309 358 379 384 397 406 411 412
219 220 225 230 232 231 231 233 234 236 237 237 236 235 235 238 236 231 229 231 233 234 238 242 242 236 230 229 235 251 272 283 273 255 246 247 254 265 275 268 249 240 239 241 243 248 258 272 287 301 319 343 364 378 388 397 399 393 386 381 380 385 393 391 375 358 362 380 389 383 366 341 301 270 293 341 369 383 392 391 372 349 334 325 334 348 340 328 349 387 399 386 379 382 391 401
211 210 211 213 214 215 219 224 226 227 229 230 231 231 233 238 244 247 247 244 244 248 251 254 255 246 232 227 229 240 263 286 296 290 282 280 283 284 282 276 268 269 277 281 278 274 284 309 333 347 358 371 382 390 396 399 396 389 382 382 390 398 398 394 397 400 396 378 349 320 296 274 253 245 268 309 344 372 388 385 364 340 321 308 313 337 363 380 394 403 403 397 388 375 365 368
202 200 199 197 196 198 205 212 216 218 220 222 224 225 228 233 243 255 265 267 265 267 269 274 278 268 253 246 243 246 255 273 293 305 309 310 312 311 306 301 298 306 323 336 334 326 332 355 376 383 385 386 389 393 397 397 390 380 370 365 369 376 372 360 357 365 362 327 280 251 240 238 246 253 254 256 269 294 311 312 303 292 279 268 272 307 360 388 380 363 355 356 356 343 320 308
196 198 199 198 197 198 202 206 209 212 214 217 220 223 226 232 240 252 264 272 276 278 281 287 294 291 282 278 277 278 282 289 300 311 321 328 331 334 335 334 334 341 354 368 373 372 374 382 388 389 387 385 385 387 390 388 380 365 346 326 313 309 300 284 276 281 282 261 238 235 237 240 257 280 280 260 244 242 244 248 269 302 313 291 269 292 351 374 345 316 309 310 314 311 297 283
195 197 200 202 203 206 209 211 213 215 216 216 218 222 230 238 245 251 256 262 269 275 281 290 300 304 305 306 310 316 320 324 326 329 335 340 344 349 355 359 362 366 372 378 382 384 385 386 386 385 382 378 375 375 377 374 359 335 305 273 251 243 241 239 238 238 238 235 240 255 261 252 254 271 286 289 281 265 249 245 270 329 369 344 294 300 358 386 364 350 356 361 363 362 345 327
194 195 196 198 201 204 208 213 217 218 217 215 214 220 229 238 246 253 259 265 272 279 287 295 303 310 316 321 326 330 333 335 338 340 342 344 348 353 360 366 370 372 374 377 378 379 380 381 382 380 375 369 361 356 353 342 315 282 257 241 239 252 273 290 299 299 292 276 269 287 297 282 269 261 265 294 322 311 275 253 263 312 364 370 334 326 371 405 401 398 406 409 407 403 390 377
195 195 195 195 196 197 201 206 210 210 209 208 212 219 228 238 249 260 271 280 285 289 292 297 302 308 315 321 325 327 328 329 332 335 338 341 346 352 358 362 363 364 366 369 369 368 369 373 375 373 365 352 336 319 302 281 255 234 229 238 255 281 313 339 351 354 347 325 315 338 357 350 329 294 267 289 343 351 300 260 264 295 329 360 370 369 387 404 399 391 394 402 405 408 409 406
196 196 196 196 196 196 198 200 201 201 201 204 212 221 229 237 249 259 267 274 280 283 283 285 291 298 303 307 311 313 315 318 322 327 331 335 339 341 343 343 341 339 341 347 347 340 336 340 346 344 328 306 284 263 245 232 225 224 229 243 262 278 292 302 309 313 314 311 319 347 376 392 383 338 288 294 353 372 317 272 279 308 334 362 394 408 404 393 375 356 354 369 389 409 418 408
198 199 199 199 199 198 198 198 198 197 197 199 203 208 211 215 223 229 233 241 253 265 273 279 284 285 282 278 278 282 286 292 298 303 306 307 304 298 292 288 284 280 282 288 289 281 272 274 282 280 265 248 234 225 223 227 236 243 250 264 290 311 314 302 290 294 307 312 312 317 331 354 373 359 314 308 359 372 325 296 316 356 387 407 423 426 410 390 372 356 350 350 362 390 406 387
201 202 202 201 200 199 197 195 194 192 191 190 189 188 187 188 191 193 196 203 217 237 256 268 271 264 248 235 231 234 239 245 251 255 256 255 255 252 247 242 237 235 238 241 238 233 232 238 246 247 242 237 235 238 245 262 284 299 306 319 349 380 388 373 354 357 374 380 373 358 345 346 368 380 351 333 360 375 360 357 380 413 434 442 444 440 426 414 407 405 401 385 363 360 364 342
203 202 200 198 197 195 192 190 188 187 186 185 185 184 184 185 186 186 185 186 191 202 216 226 227 220 208 199 196 198 201 207 214 219 220 227 247 268 276 274 270 271 276 276 266 256 260 274 285 291 290 288 289 294 304 321 343 357 365 376 394 409 413 410 405 404 409 414 419 417 407 399 404 409 394 372 367 382 400 413 427 439 441 439 441 445 441 435 431 432 430 417 386 342 305 282
201 198 195 193 191 190 188 187 187 188 189 188 189 191 193 197 204 208 205 197 190 189 191 195 197 196 192 190 189 188 189 194 201 207 210 221 247 276 294 301 309 318 324 324 315 306 309 320 330 337 338 335 334 338 344 351 356 362 372 384 392 392 389 390 394 393 390 394 404 417 424 421 411 403 403 397 370 354 365 382 399 411 413 413 425 438 442 438 433 428 413 388 353 304 257 239
197 194 192 189 188 188 189 190 190 190 189 190 193 196 201 209 223 238 244 237 226 217 213 216 222 223 218 210 202 194 190 189 192 195 198 204 217 233 247 257 273 290 300 304 306 309 315 319 323 326 326 323 320 322 325 327 325 326 334 345 349 343 334 336 342 341 341 348 364 387 402 396 381 380 396 403 370 327 315 320 329 338 342 354 388 420 433 431 423 403 359 310 274 247 230 230
193 192 191 191 191 192 193 192 188 186 186 188 192 199 208 221 238 257 270 273 270 263 253 248 254 260 260 251 235 216 202 195 192 191 192 193 197 201 205 210 219 231 240 246 254 264 273 278 279 281 279 275 273 273 274 274 272 271 273 277 278 273 266 265 269 270 273 281 297 324 346 344 344 373 408 418 387 353 345 343 331 321 315 319 348 390 409 398 374 338 292 261 245 233 234 245
193 194 196 199 202 203 201 197 192 190 190 193 198 208 222 239 253 261 264 268 273 273 261 247 251 267 278 279 267 246 227 215 208 203 199 196 196 196 197 198 200 202 205 208 213 219 225 229 230 232 232 231 229 228 229 229 228 227 227 227 226 226 225 224 226 228 230 234 240 255 273 288 323 378 421 434 417 400 404 410 402 390 380 362 347 355 361 338 307 285 282 293 287 268 272 290
197 201 207 211 213 213 214 214 213 212 213 216 223 233 245 257 261 254 241 235 238 239 229 222 231 250 267 279 282 276 267 259 252 242 228 217 211 205 202 201 201 202 202 203 203 204 205 206 208 210 211 212 212 213 213 214 215 217 219 220 220 221 223 224 224 226 231 237 242 240 238 260 322 387 426 441 434 416 407 417 427 425 413 387 347 317 309 306 310 323 343 362 357 339 345 364
204 210 216 220 222 226 232 237 239 241 243 247 252 255 258 261 260 250 229 211 204 202 200 199 206 217 232 252 272 286 296 301 299 290 275 260 244 226 214 210 209 209 209 208 207 206 207 208 209 210 210 211 212 213 214 216 218 220 223 226 228 232 236 236 234 235 243 266 287 275 246 247 295 358 405 433 440 423 393 382 391 389 370 338 300 273 275 303 343 380 401 410 405 400 405 411
