data_analyses/maxent/chelseacur_asc/bio_5.asc
ncols         195
nrows         278
xllcorner     -122.86680578405
yllcorner     43.49152724385
cellsize      0.0083333333
NODATA_value  -9999
[rows 0 to 41 of 278, columns 94 to 187 of 195]
227 227 231 235 239 229 230 235 243 245 244 241 242 249 250 252 260 265 266 268 269 265 258 250 257 270 268 266 254 250 250 249 243 249 259 252 243 244 247 241 235 235 238 241 246 255 257 257 257 255 257 260 266 266 255 246 254 252 249 255 259 263 262 261 268 279 278 280 286 289 289 290 288 287 282 275 265 265 261 260 263 263 262 260 258 257 256 258 261 259 253 251 254 259
234 232 225 227 228 228 226 230 235 235 231 234 236 241 242 246 254 260 266 268 269 270 267 261 262 269 271 259 256 262 260 251 248 258 266 258 251 254 256 250 245 244 250 247 243 249 255 256 260 261 263 265 265 268 262 258 258 250 247 249 256 266 270 274 272 274 284 284 289 290 290 291 290 286 284 279 266 260 259 262 264 265 263 261 259 259 262 264 259 256 253 254 256 262
232 236 231 231 230 231 232 239 237 239 236 242 236 234 246 253 259 259 261 263 268 268 268 271 272 273 273 266 269 264 256 252 263 268 269 260 262 262 259 253 246 247 251 252 254 255 257 257 258 257 261 263 265 268 267 265 257 251 253 256 257 260 264 273 280 283 283 289 290 290 287 284 282 277 280 280 267 259 262 264 265 264 264 262 260 268 266 259 257 256 256 258 259 264
233 234 244 244 238 244 240 245 247 244 237 245 247 245 241 245 246 244 247 253 261 261 259 262 262 270 274 275 264 264 264 265 273 269 260 261 261 255 252 251 249 252 258 257 252 250 253 250 247 254 261 264 266 268 271 269 264 253 254 258 262 267 270 276 283 287 290 291 290 281 274 271 269 270 274 275 266 261 263 264 264 269 263 262 263 272 264 259 258 258 258 259 259 263
245 241 238 245 251 252 252 254 249 247 248 243 252 257 244 242 242 239 236 239 246 245 250 260 267 271 276 275 275 276 270 276 271 263 261 256 257 258 256 256 263 263 259 254 252 252 253 254 257 259 263 265 266 270 273 273 269 260 255 259 262 267 271 276 284 290 290 285 276 272 265 268 272 271 268 271 266 263 264 265 266 273 273 264 270 275 264 260 260 260 260 261 262 263
243 237 239 240 249 255 258 260 258 256 250 253 249 260 257 255 251 249 245 243 243 244 242 247 259 271 277 279 277 278 280 274 268 263 263 266 264 263 261 263 267 259 254 246 242 248 252 257 263 268 271 272 272 274 276 274 270 259 255 255 258 263 269 273 277 288 290 282 272 264 266 271 275 275 268 267 265 263 264 265 265 267 272 278 282 273 262 262 261 263 265 266 267 268
243 243 241 240 245 253 256 259 262 263 261 261 255 261 261 257 258 254 256 254 255 254 249 243 247 257 266 274 278 279 280 280 276 273 274 266 263 269 272 270 263 256 252 244 231 234 244 256 261 265 270 275 277 278 276 275 269 258 255 251 249 259 269 274 276 281 291 291 281 269 270 274 279 279 271 266 263 263 264 265 264 264 263 266 281 280 275 266 266 269 271 272 272 273
248 242 244 243 239 244 249 252 248 252 258 264 267 267 261 265 261 259 263 264 262 254 247 245 246 249 253 257 267 277 280 280 282 276 274 275 276 278 272 263 253 252 252 243 238 243 240 244 257 266 271 275 277 280 276 272 262 260 260 255 251 263 271 276 281 286 289 292 285 279 279 280 283 281 273 263 261 262 264 265 264 266 266 265 271 286 284 276 274 276 277 278 278 279
240 239 241 237 228 232 232 238 238 244 252 254 259 267 271 270 266 260 266 269 261 260 256 254 254 253 252 256 262 268 278 281 282 281 272 275 282 279 273 267 260 265 263 259 249 248 252 242 246 258 263 263 269 280 277 270 263 267 266 263 260 265 273 280 285 288 290 292 287 285 283 284 286 279 267 262 260 261 263 262 262 263 267 272 270 278 289 285 282 284 284 284 283 284
244 247 246 235 224 229 235 232 233 238 242 242 249 258 265 271 273 270 265 273 270 266 265 264 264 263 262 262 264 270 274 281 282 283 285 284 281 279 276 274 272 274 273 269 259 257 260 259 252 245 253 266 270 282 284 275 271 273 272 271 271 275 283 289 292 294 295 296 293 290 287 287 289 285 276 273 261 261 261 262 264 265 267 273 279 280 285 292 290 289 288 288 286 286
253 250 242 229 227 231 238 242 233 225 227 235 243 246 254 259 261 269 275 276 268 266 270 271 272 271 270 271 273 271 279 283 284 285 287 288 284 282 279 275 276 278 278 277 263 248 249 263 269 260 260 275 288 288 283 279 285 292 291 290 292 295 297 297 297 297 298 298 298 298 298 298 296 295 289 273 264 263 265 265 267 271 274 277 283 289 291 295 294 294 294 292 288 290
251 246 240 232 235 240 244 249 239 227 228 237 241 237 237 249 255 262 271 278 276 273 276 277 275 277 274 274 280 283 288 289 290 290 291 290 289 287 282 270 281 282 284 282 267 257 253 266 281 284 285 290 293 295 294 294 296 296 296 296 296 296 296 295 294 295 295 297 298 298 298 299 299 299 298 293 284 276 274 277 280 279 283 289 296 296 298 299 300 298 296 295 294 292
239 231 227 232 238 244 247 253 253 239 230 237 243 247 249 259 263 268 272 277 282 282 281 281 282 282 284 286 289 290 290 290 290 291 291 291 291 291 289 283 286 287 289 287 278 276 284 290 294 294 294 295 295 295 295 293 292 293 291 287 287 288 289 289 290 290 291 291 293 295 291 292 297 299 300 300 300 297 290 284 289 294 292 298 302 302 302 303 303 303 303 302 302 301
246 231 227 228 232 237 244 252 259 252 247 237 238 248 254 260 265 271 276 279 282 284 286 286 287 289 289 289 290 290 287 286 285 286 288 290 291 291 292 292 292 292 292 293 293 293 294 294 291 291 288 283 280 285 283 281 276 279 276 279 284 285 286 287 288 289 290 290 292 293 287 282 282 287 292 297 299 301 301 301 301 301 301 302 301 301 299 298 299 301 302 303 303 304
232 231 227 228 230 232 239 245 255 263 260 244 238 256 264 265 269 274 277 280 282 285 288 289 289 289 289 289 289 286 283 274 269 269 275 279 284 286 285 282 279 271 282 286 288 290 287 281 266 269 276 267 262 272 266 269 270 273 274 278 283 284 286 287 288 289 289 290 293 291 287 280 274 276 272 281 286 292 297 298 299 301 302 299 297 296 294 291 292 293 294 293 295 297
229 229 232 234 235 237 242 241 255 264 267 257 252 260 272 274 276 278 280 281 285 287 289 289 288 288 288 288 284 279 274 262 248 241 245 246 257 267 264 251 256 262 267 273 261 270 271 268 253 254 264 267 259 264 258 262 269 272 275 280 281 283 285 287 287 288 289 290 293 291 289 284 277 272 269 274 280 281 286 291 295 297 295 297 297 295 293 291 291 291 290 290 292 291
236 237 242 245 243 242 238 248 248 261 273 260 264 268 273 278 279 280 282 284 287 288 288 287 286 284 279 277 274 262 261 270 258 247 234 235 250 253 246 235 235 250 261 257 248 258 255 252 245 243 253 260 254 256 257 261 269 272 275 279 281 283 284 286 287 288 289 292 291 290 289 284 270 265 270 274 280 283 288 291 292 290 288 294 297 295 293 292 289 286 287 288 285 281
245 248 250 252 254 250 242 252 250 260 276 266 270 274 277 285 285 283 283 283 283 287 286 281 277 276 270 255 245 241 253 267 257 242 232 223 232 243 229 223 233 246 243 234 231 239 234 232 234 232 244 247 248 253 257 261 269 270 275 279 280 281 283 285 288 290 291 290 289 289 287 284 274 266 269 269 279 287 286 284 285 283 284 292 296 292 293 290 285 283 284 285 278 273
249 254 260 262 261 260 252 253 255 254 270 279 275 281 285 287 287 286 284 285 287 285 279 271 262 258 256 246 229 231 247 263 263 255 240 226 221 226 218 221 230 226 222 214 216 222 224 229 234 236 240 245 250 253 256 262 269 273 276 279 281 285 287 289 289 288 288 289 288 288 286 284 275 264 267 275 282 282 282 283 280 280 283 286 292 292 291 289 282 280 281 283 280 277
258 261 266 268 268 267 261 260 263 266 274 283 286 287 287 288 288 288 288 285 280 274 260 247 245 231 237 228 221 229 246 260 253 255 248 234 220 212 213 221 222 218 213 209 216 222 225 231 234 236 242 246 250 254 260 266 271 276 280 285 285 285 285 286 287 285 286 287 289 288 286 284 274 264 264 272 278 277 276 274 276 283 289 290 293 289 284 288 283 280 279 279 278 275
265 266 268 270 273 270 273 271 277 281 285 287 287 287 288 288 286 282 275 279 274 265 255 245 237 226 222 218 220 228 239 254 243 242 247 233 216 209 210 219 221 221 218 216 220 226 230 233 236 237 244 248 253 257 261 267 273 281 285 282 281 283 284 285 286 285 285 288 288 288 287 283 274 261 262 270 275 269 269 273 278 284 283 283 286 291 282 282 283 281 277 274 273 273
270 273 275 274 276 278 279 282 286 287 287 287 287 286 280 282 270 258 246 259 273 275 272 259 251 238 222 217 215 220 234 249 241 232 242 234 216 209 216 220 225 224 223 223 227 232 236 239 237 239 245 252 256 261 265 269 277 284 279 272 277 281 284 285 286 287 286 287 288 287 284 279 269 260 265 268 271 266 269 277 281 281 279 279 282 289 279 277 275 272 270 269 268 271
276 278 280 281 282 283 285 286 287 288 287 286 279 276 263 272 264 250 235 241 256 254 271 269 260 248 235 221 215 223 235 245 240 227 234 236 222 211 219 226 231 232 230 229 232 233 236 244 247 247 247 251 258 264 270 279 282 277 265 267 273 276 281 282 284 284 283 284 287 284 280 273 266 261 265 267 264 264 270 277 276 275 272 271 279 287 279 272 268 264 264 269 273 278
279 281 282 285 286 287 286 286 285 283 276 263 247 259 260 266 266 250 236 230 236 248 261 272 262 249 245 234 225 225 232 238 232 217 225 235 224 212 217 227 229 230 235 237 239 242 243 239 248 258 255 256 261 269 279 280 278 270 263 263 265 274 280 281 280 280 279 279 283 282 276 268 262 259 264 259 260 264 269 272 268 267 269 274 283 282 277 272 268 265 270 277 282 286
285 285 286 286 286 285 281 279 274 265 254 258 240 251 245 257 269 256 244 228 223 234 249 259 271 262 250 240 239 230 224 233 234 223 222 227 217 217 224 232 237 240 242 240 239 238 249 251 247 257 265 268 270 277 280 275 267 271 268 260 266 274 280 280 278 277 276 276 279 281 272 266 261 260 258 257 261 263 265 265 263 264 267 276 284 282 275 271 267 268 272 278 284 288
286 286 286 284 279 273 262 263 253 239 236 247 233 239 234 244 263 259 244 226 219 229 242 258 268 269 264 255 247 239 226 217 225 220 216 218 218 231 235 237 235 235 240 244 249 252 249 259 259 257 261 262 269 279 280 269 265 261 261 256 266 274 277 274 270 269 269 271 271 274 276 264 259 255 254 255 256 258 262 260 261 263 268 279 278 282 281 275 271 271 275 280 282 279
276 276 269 260 249 250 238 235 233 223 231 235 228 226 229 247 261 251 235 220 219 234 242 249 265 257 263 263 257 250 237 226 214 214 216 216 223 228 225 222 223 226 235 243 243 246 251 256 264 268 268 270 277 277 279 271 268 261 252 257 267 269 271 269 270 271 270 270 271 273 274 267 256 250 250 251 252 257 259 261 263 266 276 276 276 277 278 273 269 272 273 274 275 275
256 268 254 252 245 234 229 225 223 222 229 229 224 224 232 246 260 247 229 220 216 226 239 253 256 244 245 261 252 248 244 237 229 220 220 217 216 216 216 223 230 234 234 232 230 235 240 246 253 257 259 270 276 276 278 271 263 262 255 260 260 260 264 269 269 270 268 262 260 260 265 265 250 248 247 249 252 254 257 259 261 266 273 270 269 270 274 272 269 270 270 272 274 280
247 255 257 240 236 234 230 226 220 220 227 223 221 224 234 243 253 253 236 222 219 228 232 247 241 235 247 261 250 236 232 232 229 213 217 226 221 216 213 218 226 229 231 231 232 239 247 250 255 264 273 275 274 274 276 276 273 270 268 263 263 262 268 271 267 265 261 259 251 256 257 249 245 247 245 247 249 252 256 259 265 265 265 266 266 268 270 269 272 273 275 280 283 287
243 238 248 242 233 231 230 229 225 226 229 225 221 221 230 233 246 253 245 231 220 219 233 239 234 241 253 259 247 231 219 216 222 214 219 230 235 230 222 223 230 232 238 236 240 252 261 266 272 273 272 270 271 273 274 274 274 275 275 274 273 271 272 270 262 257 253 254 252 248 247 246 243 243 242 244 248 251 254 259 261 259 261 263 264 266 267 271 274 276 276 280 285 285
235 235 238 236 234 234 231 229 230 232 230 228 226 222 227 237 238 237 241 228 226 222 227 230 238 248 257 250 240 223 211 215 224 228 224 220 226 238 244 245 246 242 251 254 259 265 271 270 268 264 258 262 267 273 272 273 273 273 274 274 274 274 273 270 261 251 246 247 248 245 245 243 241 239 239 241 245 248 252 258 257 257 258 259 261 263 265 268 271 272 275 279 287 290
232 233 233 229 224 228 230 231 233 230 229 233 233 225 228 228 224 231 231 220 223 232 237 229 237 249 252 241 231 215 208 220 226 235 242 239 238 242 247 252 259 262 265 267 268 270 267 263 261 253 253 261 268 272 271 272 272 272 273 273 273 273 272 268 258 247 242 243 244 242 243 240 239 237 237 240 242 246 250 255 253 254 257 259 257 259 263 266 270 274 282 287 289 283
226 227 228 227 221 221 224 233 235 230 227 235 236 230 223 227 239 238 235 227 220 227 242 245 247 250 245 234 218 216 220 230 236 244 250 254 255 256 257 260 262 263 264 263 262 258 250 247 247 244 251 260 266 268 270 270 271 271 271 271 272 272 270 265 254 242 235 243 240 238 239 236 236 236 238 241 243 246 248 252 253 261 265 265 268 270 272 275 279 281 278 283 281 275
221 224 230 231 228 227 233 240 235 232 227 231 241 238 230 239 241 225 225 222 218 231 243 246 245 242 235 222 223 239 246 249 250 252 252 245 243 244 250 257 261 259 254 255 253 240 237 241 241 243 251 259 261 264 268 269 269 269 269 269 270 271 269 263 256 248 238 239 238 235 235 232 232 236 238 239 242 245 247 254 262 257 255 261 264 269 271 272 270 272 278 280 272 267
228 232 233 234 235 241 246 242 239 236 235 237 243 251 248 248 241 231 230 228 221 219 225 232 227 227 224 224 243 249 239 240 243 239 235 231 239 248 253 256 262 257 247 244 243 234 233 243 246 250 250 252 256 261 266 267 268 268 268 268 269 270 268 264 254 247 241 235 234 233 231 230 229 233 236 238 242 245 254 259 252 250 253 254 257 260 261 265 271 276 276 271 266 267
234 238 237 240 244 252 250 248 246 245 245 248 252 258 257 255 252 248 243 240 237 229 216 216 223 219 227 240 246 233 223 223 226 227 232 239 242 245 249 258 258 253 245 234 229 234 232 239 240 243 244 246 252 260 262 262 266 266 266 266 267 268 267 262 255 247 234 231 233 231 228 227 230 233 237 239 242 252 255 245 247 247 248 251 254 258 263 270 273 271 266 265 266 267
244 249 249 253 256 259 257 256 258 259 261 261 261 257 255 251 253 254 255 251 245 241 235 232 225 222 219 231 242 236 233 232 231 229 228 231 235 239 248 258 256 250 241 231 228 232 235 237 236 238 240 243 249 256 260 260 263 264 264 265 266 267 266 260 252 241 230 228 231 229 228 229 233 234 239 247 251 250 246 250 254 254 255 257 260 265 270 271 267 263 264 265 266 268
257 259 262 262 263 264 264 265 265 261 257 254 249 243 243 236 242 241 247 255 250 245 240 233 221 215 212 224 231 233 233 234 230 223 218 224 230 241 255 254 250 245 234 226 225 231 231 233 230 234 237 244 250 255 258 258 261 262 262 263 264 265 264 258 250 243 231 226 227 226 228 229 233 239 244 246 245 250 254 258 261 263 265 266 267 268 266 262 261 262 264 265 267 269
264 265 267 266 266 265 263 260 254 247 241 235 229 224 229 225 230 237 244 251 246 246 244 240 233 225 216 215 220 230 231 234 232 228 224 226 233 250 255 248 243 236 228 221 223 229 227 229 232 237 243 247 245 249 255 255 255 257 260 260 260 261 263 255 248 242 231 225 229 227 228 232 236 237 242 245 249 255 259 261 261 261 260 260 259 259 259 262 264 266 267 268 269 272
265 264 261 258 254 251 253 253 243 235 232 232 232 228 225 222 226 235 243 248 246 243 244 243 241 234 226 217 215 220 219 227 234 234 230 236 249 254 247 241 236 227 219 219 221 225 224 229 235 235 238 239 240 247 253 252 250 256 258 257 258 257 261 253 243 237 226 227 229 230 233 234 233 238 246 252 256 257 255 253 251 251 252 254 256 258 261 261 261 263 266 268 270 271
261 256 252 248 246 245 244 244 248 247 244 241 236 234 231 229 230 233 235 244 249 244 239 236 235 239 237 231 228 220 218 227 234 238 233 241 252 250 244 235 229 221 213 215 220 220 218 223 229 232 232 231 236 245 250 246 250 254 252 254 254 256 260 253 249 240 231 226 229 236 238 241 245 247 251 253 251 248 247 248 250 252 253 254 256 257 259 262 264 264 264 264 265 266
254 251 248 246 246 246 245 244 243 240 237 230 225 224 224 222 222 229 238 238 237 245 241 238 234 229 230 232 232 232 227 219 223 234 243 248 251 248 244 232 224 217 210 210 214 217 219 225 232 237 238 240 242 246 246 245 248 248 248 251 255 256 255 247 239 236 226 228 233 234 234 238 241 246 249 248 243 243 245 247 248 251 253 255 257 259 260 259 260 260 262 263 264 265
