data_analyses/maxent/chelseacur_asc/bio_12.asc
ncols         195
nrows         278
xllcorner     -122.86680578405
yllcorner     43.49152724385
cellsize      0.0083333333
NODATA_value  -9999
[rows 76 to 113 of 278, columns 0 to 86 of 195]
1091 1096 1098 1103 1107 1114 1124 1133 1139 1127 1097 1073 1076 1096 1103 1110 1135 1154 1152 1150 1165 1185 1207 1223 1241 1251 1249 1251 1253 1251 1253 1248 1243 1231 1223 1217 1219 1234 1260 1271 1253 1258 1308 1386 1432 1394 1314 1268 1264 1282 1303 1324 1341 1351 1365 1375 1384 1393 1410 1430 1448 1468 1501 1510 1486 1486 1512 1494 1423 1398 1461 1555 1586 1528 1427 1375 1411 1445 1424 1411 1452 1495 1454 1343 1322 1463 1626
1096 1098 1100 1107 1118 1126 1133 1137 1130 1100 1071 1073 1101 1125 1122 1120 1139 1161 1167 1167 1174 1190 1210 1225 1238 1247 1251 1255 1258 1259 1256 1256 1247 1241 1235 1229 1219 1210 1217 1235 1242 1251 1258 1275 1301 1305 1296 1292 1296 1304 1311 1314 1317 1325 1342 1371 1397 1424 1457 1490 1503 1505 1513 1528 1518 1511 1534 1516 1446 1410 1473 1594 1644 1542 1410 1401 1485 1524 1483 1427 1443 1527 1556 1454 1322 1280 1349
1103 1104 1106 1119 1131 1136 1133 1117 1099 1078 1072 1100 1132 1140 1128 1117 1122 1143 1167 1179 1185 1201 1218 1237 1251 1259 1268 1274 1281 1282 1276 1268 1255 1248 1246 1245 1232 1217 1221 1247 1285 1306 1292 1270 1277 1299 1314 1318 1320 1327 1330 1335 1338 1332 1333 1366 1416 1465 1508 1549 1579 1573 1555 1550 1560 1580 1601 1576 1508 1462 1491 1582 1605 1489 1404 1455 1560 1599 1540 1446 1432 1549 1661 1604 1418 1291 1363
1112 1114 1123 1134 1139 1132 1111 1089 1079 1077 1100 1138 1156 1150 1136 1119 1115 1124 1150 1173 1193 1215 1234 1258 1273 1283 1287 1290 1295 1304 1305 1293 1277 1259 1249 1246 1238 1233 1234 1273 1340 1377 1353 1309 1293 1299 1314 1331 1348 1369 1385 1406 1412 1386 1366 1390 1441 1499 1558 1627 1688 1722 1708 1677 1685 1738 1776 1742 1668 1610 1583 1566 1504 1426 1436 1541 1647 1666 1573 1456 1448 1582 1716 1659 1457 1348 1502
1116 1127 1138 1145 1137 1114 1089 1080 1079 1088 1126 1167 1178 1166 1150 1141 1129 1126 1135 1157 1189 1224 1249 1262 1270 1275 1271 1261 1258 1270 1283 1293 1292 1276 1255 1242 1234 1234 1232 1256 1333 1396 1398 1378 1356 1345 1354 1376 1404 1448 1493 1533 1537 1489 1438 1441 1467 1505 1577 1687 1812 1921 1965 1944 1936 1981 2021 2011 1969 1888 1734 1559 1447 1429 1495 1623 1744 1748 1611 1481 1508 1638 1698 1576 1383 1363 1589
1122 1131 1139 1138 1122 1096 1087 1091 1087 1087 1117 1156 1172 1174 1171 1163 1151 1142 1135 1137 1161 1191 1211 1214 1208 1213 1215 1204 1195 1200 1216 1239 1262 1268 1266 1254 1240 1234 1224 1219 1262 1333 1386 1421 1436 1431 1432 1450 1475 1519 1579 1618 1619 1577 1528 1518 1516 1510 1550 1668 1840 2021 2128 2140 2123 2131 2152 2188 2206 2068 1774 1538 1483 1514 1554 1664 1814 1823 1661 1559 1631 1705 1633 1447 1304 1378 1653
1126 1134 1131 1119 1099 1091 1100 1114 1105 1094 1098 1116 1133 1148 1167 1175 1172 1162 1145 1132 1132 1144 1149 1145 1141 1142 1151 1150 1152 1158 1170 1190 1213 1237 1258 1262 1253 1243 1223 1191 1200 1256 1330 1412 1471 1492 1500 1521 1543 1574 1613 1633 1633 1624 1607 1605 1604 1591 1601 1664 1796 1966 2083 2115 2120 2130 2145 2190 2204 2024 1701 1551 1621 1693 1677 1745 1892 1875 1717 1721 1855 1818 1590 1366 1283 1432 1738
1132 1130 1119 1096 1085 1097 1124 1138 1137 1126 1115 1113 1110 1116 1135 1160 1173 1172 1152 1130 1123 1130 1127 1118 1109 1111 1121 1135 1153 1167 1176 1184 1194 1205 1225 1241 1244 1246 1228 1190 1173 1206 1281 1388 1487 1539 1570 1603 1624 1638 1653 1662 1667 1676 1694 1724 1753 1774 1798 1831 1858 1897 1952 1993 2026 2055 2103 2159 2170 2015 1755 1646 1762 1885 1885 1939 2036 1933 1770 1866 2012 1885 1590 1347 1287 1462 1777
1132 1122 1103 1083 1084 1108 1134 1149 1151 1146 1140 1131 1124 1115 1117 1134 1157 1167 1153 1132 1125 1132 1129 1116 1109 1118 1135 1159 1181 1193 1198 1195 1193 1189 1201 1229 1243 1256 1253 1214 1177 1179 1236 1353 1499 1602 1650 1664 1646 1628 1638 1673 1708 1725 1744 1785 1827 1849 1861 1872 1850 1806 1823 1893 1949 2004 2079 2164 2212 2159 2001 1863 1892 2029 2119 2162 2139 1966 1836 1909 1950 1781 1527 1319 1283 1442 1725
1127 1115 1094 1084 1091 1115 1137 1145 1143 1138 1136 1135 1135 1128 1123 1122 1136 1151 1149 1135 1125 1127 1126 1118 1123 1142 1169 1193 1217 1228 1232 1219 1201 1192 1211 1251 1282 1295 1295 1261 1212 1192 1209 1283 1411 1532 1586 1570 1525 1493 1501 1539 1591 1619 1628 1644 1653 1635 1622 1655 1685 1685 1720 1794 1864 1929 2010 2117 2224 2281 2236 2133 2101 2200 2299 2259 2085 1901 1841 1861 1792 1607 1406 1289 1310 1444 1646
1117 1107 1095 1091 1104 1130 1151 1155 1141 1129 1129 1130 1133 1135 1134 1128 1127 1136 1143 1139 1130 1128 1122 1126 1135 1157 1183 1206 1231 1254 1268 1259 1228 1216 1246 1303 1354 1372 1364 1331 1289 1257 1247 1246 1266 1324 1374 1391 1404 1425 1413 1389 1397 1424 1453 1475 1473 1444 1438 1526 1655 1717 1727 1754 1795 1839 1901 2001 2129 2223 2250 2239 2260 2335 2371 2246 1997 1795 1717 1679 1598 1446 1320 1317 1434 1570 1688
1103 1093 1090 1099 1111 1131 1156 1166 1154 1137 1128 1122 1130 1138 1143 1141 1132 1132 1136 1140 1137 1129 1126 1132 1146 1161 1183 1208 1231 1260 1285 1277 1250 1250 1287 1349 1426 1463 1448 1413 1382 1359 1342 1301 1235 1209 1255 1343 1446 1524 1505 1429 1384 1399 1450 1512 1544 1505 1440 1464 1597 1705 1726 1745 1776 1798 1838 1919 2023 2128 2203 2252 2309 2374 2393 2261 1995 1741 1585 1492 1415 1326 1285 1348 1501 1649 1783
1084 1085 1089 1099 1102 1108 1126 1146 1158 1164 1153 1132 1126 1135 1142 1142 1139 1131 1130 1138 1138 1132 1135 1154 1171 1186 1203 1223 1251 1275 1297 1286 1256 1272 1328 1399 1486 1542 1531 1492 1458 1439 1428 1371 1267 1211 1256 1375 1534 1651 1658 1599 1550 1547 1587 1662 1718 1670 1531 1418 1455 1573 1635 1658 1676 1683 1706 1756 1851 1987 2111 2186 2246 2321 2376 2298 2037 1735 1533 1421 1338 1285 1288 1338 1411 1522 1712
1085 1092 1096 1096 1092 1095 1101 1121 1147 1187 1207 1186 1154 1141 1140 1139 1135 1128 1124 1127 1132 1134 1144 1168 1203 1236 1258 1280 1315 1338 1343 1326 1279 1269 1322 1393 1480 1558 1579 1547 1497 1474 1463 1396 1281 1229 1279 1384 1523 1655 1729 1755 1757 1746 1748 1786 1831 1805 1655 1469 1444 1591 1703 1731 1745 1735 1658 1579 1594 1705 1821 1879 1928 2023 2175 2267 2149 1855 1598 1453 1360 1323 1376 1418 1387 1405 1577
1107 1117 1110 1099 1091 1099 1108 1116 1133 1173 1215 1215 1182 1154 1143 1139 1135 1133 1128 1126 1124 1127 1133 1156 1198 1247 1292 1338 1387 1415 1412 1385 1332 1297 1299 1318 1375 1477 1554 1557 1513 1482 1458 1379 1268 1247 1344 1439 1488 1563 1679 1782 1831 1827 1801 1794 1814 1831 1753 1567 1465 1551 1684 1767 1856 1895 1782 1606 1529 1573 1656 1713 1729 1744 1855 2079 2204 2040 1765 1568 1428 1409 1555 1647 1534 1420 1500
1128 1129 1124 1110 1102 1107 1117 1118 1125 1141 1164 1174 1161 1149 1144 1145 1157 1176 1179 1167 1151 1142 1142 1148 1169 1210 1259 1317 1380 1437 1452 1433 1409 1393 1355 1312 1318 1405 1516 1564 1540 1498 1437 1337 1244 1257 1409 1550 1564 1551 1605 1676 1714 1723 1715 1723 1749 1792 1789 1663 1500 1448 1519 1635 1756 1839 1793 1678 1630 1687 1816 1941 1963 1835 1732 1877 2123 2114 1874 1634 1476 1521 1784 1923 1709 1469 1480
1134 1129 1127 1116 1110 1110 1114 1119 1120 1122 1122 1127 1125 1127 1130 1139 1165 1204 1228 1233 1228 1220 1208 1197 1188 1200 1224 1251 1295 1362 1414 1439 1442 1431 1407 1377 1364 1421 1537 1616 1612 1547 1439 1327 1245 1260 1424 1629 1719 1706 1674 1649 1637 1646 1669 1707 1750 1787 1809 1759 1617 1503 1514 1603 1726 1850 1893 1862 1840 1907 2068 2227 2255 2098 1893 1872 1976 1927 1727 1561 1520 1675 1972 2032 1740 1493 1518
1128 1121 1118 1112 1113 1117 1116 1113 1110 1108 1107 1103 1105 1109 1111 1120 1142 1165 1193 1219 1246 1272 1284 1280 1262 1247 1243 1241 1236 1252 1297 1338 1352 1361 1406 1459 1466 1485 1577 1671 1688 1620 1491 1366 1276 1259 1393 1629 1796 1838 1815 1773 1744 1728 1728 1757 1813 1876 1929 1928 1824 1678 1600 1620 1743 1976 2162 2198 2177 2183 2250 2328 2351 2292 2144 1945 1777 1637 1538 1556 1699 1906 2025 1892 1633 1527 1626
1117 1113 1109 1105 1111 1115 1116 1108 1103 1097 1094 1094 1100 1105 1108 1113 1127 1137 1148 1162 1176 1203 1246 1300 1327 1321 1307 1301 1270 1226 1213 1228 1242 1296 1425 1567 1602 1563 1581 1661 1713 1676 1537 1393 1289 1248 1330 1521 1667 1713 1731 1750 1774 1794 1809 1842 1917 2024 2124 2163 2118 1994 1871 1778 1786 1967 2193 2306 2322 2291 2285 2330 2384 2405 2310 2055 1810 1677 1615 1696 1903 2013 1901 1693 1599 1673 1843
1108 1104 1098 1092 1098 1104 1106 1103 1097 1095 1098 1109 1116 1123 1120 1127 1148 1162 1179 1185 1158 1129 1150 1228 1322 1381 1401 1404 1365 1291 1244 1224 1206 1256 1406 1583 1642 1575 1537 1606 1701 1698 1565 1422 1312 1237 1279 1429 1549 1584 1598 1619 1677 1765 1858 1945 2051 2164 2257 2319 2335 2314 2247 2129 2025 2024 2117 2225 2278 2284 2289 2337 2409 2434 2367 2231 2102 1983 1879 1894 1973 1928 1772 1692 1778 1969 2174
1107 1101 1087 1081 1085 1091 1091 1095 1100 1106 1111 1128 1139 1135 1140 1167 1189 1201 1230 1254 1220 1147 1119 1154 1242 1361 1468 1527 1508 1434 1354 1268 1207 1239 1348 1465 1512 1470 1459 1565 1704 1731 1617 1467 1338 1252 1309 1510 1684 1750 1762 1742 1750 1826 1950 2078 2179 2251 2305 2350 2389 2414 2391 2293 2153 2039 2015 2081 2170 2204 2193 2215 2289 2313 2252 2199 2195 2186 2171 2175 2121 2007 1950 1998 2134 2296 2426
1102 1096 1084 1079 1086 1090 1096 1107 1128 1141 1139 1133 1123 1131 1170 1232 1264 1258 1266 1290 1268 1204 1167 1156 1163 1248 1395 1536 1608 1599 1500 1336 1226 1237 1297 1333 1346 1357 1412 1537 1674 1727 1642 1482 1328 1258 1362 1612 1835 1951 2004 2013 2012 2046 2113 2169 2185 2182 2187 2219 2257 2260 2186 2036 1874 1756 1709 1739 1805 1844 1849 1885 1980 2021 1975 1960 2060 2230 2357 2372 2277 2200 2242 2348 2428 2446 2424
1098 1089 1080 1074 1084 1099 1111 1140 1180 1210 1208 1181 1142 1134 1186 1270 1339 1353 1337 1320 1281 1246 1245 1213 1150 1146 1243 1407 1568 1664 1630 1464 1303 1246 1247 1244 1263 1339 1440 1536 1602 1629 1580 1454 1314 1249 1344 1571 1795 1953 2072 2146 2184 2206 2180 2091 1968 1866 1822 1828 1845 1839 1764 1659 1613 1619 1612 1575 1530 1494 1506 1562 1658 1748 1792 1820 1956 2224 2418 2375 2216 2143 2222 2369 2430 2361 2249
1094 1084 1069 1062 1072 1089 1113 1157 1218 1274 1307 1305 1260 1211 1197 1242 1349 1430 1431 1387 1324 1284 1286 1258 1179 1132 1159 1272 1452 1623 1698 1647 1517 1395 1301 1234 1246 1360 1518 1611 1627 1603 1554 1459 1333 1247 1275 1435 1655 1845 1980 2059 2102 2110 2024 1848 1679 1609 1614 1605 1584 1573 1566 1583 1679 1840 1918 1815 1612 1472 1472 1529 1566 1679 1840 1932 2034 2272 2462 2391 2167 2000 1997 2121 2191 2104 1948
1082 1065 1055 1054 1065 1075 1097 1137 1199 1268 1343 1399 1393 1345 1291 1260 1326 1455 1500 1460 1398 1341 1326 1319 1270 1200 1159 1193 1323 1506 1656 1718 1702 1625 1498 1353 1284 1370 1560 1711 1746 1730 1681 1564 1405 1281 1236 1294 1429 1577 1677 1723 1736 1732 1657 1529 1481 1599 1763 1844 1850 1859 1868 1877 1948 2136 2246 2052 1718 1547 1602 1675 1642 1722 1983 2200 2300 2413 2493 2423 2214 1973 1815 1784 1797 1714 1573
1062 1051 1050 1061 1066 1076 1099 1130 1156 1204 1285 1376 1426 1445 1438 1378 1350 1445 1525 1516 1486 1442 1415 1424 1421 1347 1235 1172 1209 1326 1449 1535 1594 1639 1634 1541 1414 1400 1555 1736 1817 1837 1827 1718 1523 1356 1267 1244 1267 1318 1379 1401 1392 1379 1362 1344 1383 1520 1738 1953 2108 2200 2254 2264 2279 2360 2347 2058 1731 1646 1741 1794 1707 1782 2113 2390 2437 2374 2318 2256 2113 1875 1631 1493 1455 1408 1348
1052 1057 1065 1079 1085 1095 1128 1159 1169 1182 1221 1294 1365 1432 1497 1480 1393 1399 1506 1578 1584 1555 1518 1537 1570 1501 1337 1203 1168 1205 1259 1306 1353 1428 1524 1585 1548 1467 1503 1658 1796 1858 1875 1803 1623 1436 1328 1275 1255 1278 1339 1377 1370 1366 1386 1409 1403 1399 1491 1708 1956 2156 2293 2383 2442 2462 2352 2067 1877 1912 1970 1908 1772 1879 2228 2426 2333 2137 1992 1900 1794 1624 1448 1375 1406 1428 1382
1046 1068 1091 1113 1124 1130 1163 1208 1228 1221 1220 1252 1316 1390 1471 1486 1387 1323 1437 1583 1645 1640 1614 1627 1661 1584 1389 1260 1262 1294 1303 1291 1287 1304 1344 1450 1577 1578 1495 1520 1662 1791 1862 1846 1730 1568 1436 1352 1306 1315 1370 1423 1455 1490 1547 1589 1543 1436 1368 1428 1598 1812 2013 2191 2338 2428 2410 2263 2191 2268 2289 2130 1953 2038 2296 2364 2189 1957 1751 1600 1539 1491 1410 1433 1588 1638 1531
1053 1078 1110 1139 1162 1175 1195 1240 1280 1281 1262 1266 1309 1376 1440 1458 1379 1305 1364 1492 1597 1659 1671 1679 1694 1601 1418 1349 1422 1506 1524 1476 1417 1372 1315 1345 1533 1679 1622 1520 1522 1611 1738 1845 1850 1768 1654 1539 1450 1413 1402 1414 1458 1538 1663 1778 1747 1579 1423 1352 1370 1474 1642 1864 2100 2300 2410 2425 2422 2451 2446 2347 2241 2262 2303 2188 1974 1776 1604 1494 1506 1527 1452 1505 1735 1811 1644
1086 1121 1146 1161 1183 1207 1235 1274 1310 1319 1315 1302 1306 1342 1399 1445 1443 1415 1405 1407 1466 1598 1683 1699 1695 1633 1508 1457 1521 1615 1664 1643 1589 1524 1414 1340 1428 1587 1661 1637 1584 1540 1575 1699 1788 1806 1781 1717 1654 1621 1588 1533 1506 1551 1682 1839 1870 1736 1569 1460 1406 1382 1413 1557 1827 2109 2281 2335 2327 2294 2275 2306 2382 2405 2261 1988 1746 1622 1560 1518 1556 1578 1489 1504 1736 1881 1751
1143 1180 1214 1222 1221 1240 1272 1306 1321 1342 1361 1361 1342 1319 1333 1406 1476 1512 1498 1426 1389 1500 1645 1695 1695 1680 1639 1597 1603 1623 1634 1660 1696 1691 1585 1443 1379 1416 1493 1582 1654 1638 1552 1542 1604 1673 1715 1721 1715 1759 1838 1854 1793 1754 1803 1902 1957 1936 1846 1724 1606 1481 1391 1411 1582 1825 1990 2025 1984 1930 1935 2042 2236 2325 2136 1832 1667 1649 1629 1593 1649 1660 1526 1493 1713 1968 1956
1239 1250 1283 1301 1299 1299 1309 1315 1319 1343 1383 1410 1413 1374 1320 1335 1427 1508 1534 1487 1409 1428 1541 1630 1671 1696 1721 1723 1715 1700 1668 1663 1726 1791 1770 1661 1541 1464 1416 1436 1597 1747 1703 1609 1642 1753 1826 1812 1754 1760 1873 1992 2015 1984 2002 2088 2170 2219 2175 2005 1780 1565 1423 1400 1463 1568 1697 1806 1825 1807 1836 1924 2116 2250 2084 1831 1755 1754 1685 1669 1778 1757 1565 1481 1678 2013 2157
1358 1349 1354 1366 1378 1381 1369 1349 1343 1366 1401 1433 1456 1452 1391 1341 1384 1477 1537 1530 1483 1450 1460 1522 1593 1644 1685 1720 1761 1799 1793 1761 1779 1847 1895 1879 1810 1706 1559 1449 1575 1844 1932 1883 1904 2001 2073 2076 2013 1921 1869 1893 1949 1972 1990 2065 2207 2337 2304 2068 1779 1573 1499 1521 1547 1547 1613 1796 1946 2028 2108 2167 2267 2369 2286 2122 2012 1863 1713 1756 1922 1879 1641 1496 1599 1884 2124
1428 1435 1425 1421 1429 1438 1432 1410 1411 1434 1459 1469 1476 1490 1478 1425 1388 1430 1499 1537 1557 1557 1522 1501 1527 1564 1593 1621 1679 1755 1797 1785 1778 1818 1894 1957 1975 1924 1761 1558 1560 1797 1990 2045 2054 2094 2160 2216 2235 2197 2128 2083 2095 2124 2111 2082 2125 2204 2150 1913 1691 1640 1708 1760 1748 1669 1619 1747 1976 2211 2398 2430 2394 2423 2474 2454 2314 2038 1811 1853 2038 1994 1726 1547 1565 1714 1890
1416 1444 1449 1455 1465 1468 1466 1456 1460 1479 1492 1491 1485 1488 1510 1502 1448 1428 1475 1527 1562 1594 1601 1572 1541 1549 1564 1564 1599 1663 1697 1669 1613 1618 1706 1830 1928 1969 1898 1684 1523 1592 1751 1839 1876 1932 2024 2113 2174 2223 2267 2299 2339 2380 2379 2322 2228 2128 1995 1824 1749 1862 2034 2061 1931 1757 1682 1820 2080 2340 2500 2451 2280 2218 2333 2448 2416 2242 2051 2031 2089 1966 1734 1623 1684 1789 1812
1370 1398 1426 1458 1471 1468 1463 1463 1469 1487 1498 1498 1490 1490 1512 1531 1507 1476 1498 1533 1545 1561 1593 1612 1597 1577 1576 1576 1611 1679 1722 1687 1589 1520 1552 1648 1756 1858 1899 1761 1546 1478 1515 1565 1613 1682 1777 1864 1926 1985 2063 2167 2283 2371 2427 2443 2378 2235 2105 2030 2044 2176 2324 2318 2117 1907 1918 2129 2347 2466 2471 2346 2093 1933 2059 2276 2362 2348 2306 2265 2150 1967 1858 1848 1975 2093 2023
1326 1341 1375 1413 1425 1423 1430 1445 1456 1472 1483 1492 1497 1500 1515 1540 1546 1531 1526 1536 1548 1565 1592 1623 1627 1585 1547 1541 1578 1674 1786 1839 1782 1677 1640 1662 1719 1797 1853 1792 1648 1573 1569 1582 1592 1625 1697 1801 1876 1914 1974 2092 2237 2350 2421 2453 2403 2294 2233 2256 2328 2402 2444 2428 2347 2256 2272 2364 2408 2356 2245 2094 1861 1718 1903 2214 2376 2447 2477 2440 2293 2163 2116 2103 2180 2292 2274
1286 1285 1298 1315 1322 1339 1372 1405 1423 1431 1442 1460 1476 1486 1508 1541 1580 1606 1609 1593 1594 1621 1646 1675 1687 1629 1552 1525 1539 1606 1727 1844 1896 1867 1832 1839 1864 1888 1887 1847 1789 1785 1832 1849 1809 1767 1828 1990 2117 2154 2166 2219 2305 2393 2446 2439 2347 2246 2211 2258 2363 2447 2436 2407 2445 2484 2439 2298 2126 1974 1855 1751 1640 1598 1752 1996 2193 2350 2425 2384 2259 2140 2050 1978 2027 2207 2372
