data_analyses/maxent/chelseacur_asc/bio_8.asc
ncols         195
nrows         278
xllcorner     -122.86680578405
yllcorner     43.49152724385
cellsize      0.0083333333
NODATA_value  -9999
[rows 110 to 164 of 278, columns 96 to 191 of 195]
-7 -4 4 4 11 19 21 17 16 18 9 1 -8 -11 -9 -12 -9 -8 -8 -6 -3 17 17 13 4 -1 -5 -7 -7 -4 -4 -4 -5 -7 -7 -10 -13 -13 -13 -27 -25 -9 -5 -4 -4 -4 -15 -17 -17 -13 -8 7 8 8 10 9 9 12 14 14 15 15 5 5 5 6 4 3 7 10 21 21 22 22 22 22 23 23 23 23 23 24 16 22 22 11 16 32 17 22 21 20 20 17 13 14
-4 4 13 20 20 14 5 -1 4 16 12 5 -3 -13 -10 -11 -11 -14 -10 -9 -5 15 12 14 11 7 5 2 -1 -3 -5 -6 -8 -7 -7 -9 -13 -19 -20 -28 -24 -6 -5 -12 -30 -28 -27 -22 -18 -13 -9 -7 5 6 8 7 -2 0 12 13 14 15 4 5 5 6 7 6 8 20 21 21 21 22 22 22 23 23 23 23 25 25 26 18 28 12 24 21 30 27 22 21 21 19 18 8
-8 3 18 17 9 5 -1 -2 5 15 8 3 -3 -14 -10 -12 -14 -18 -14 -8 8 16 13 11 8 6 7 3 2 1 0 -4 -5 -7 -8 -10 -14 -19 -21 -25 -20 -11 -16 -32 -24 -20 -29 -23 -20 -17 -14 1 1 5 6 -4 9 10 0 13 14 4 4 5 6 6 7 7 8 8 9 21 21 22 22 22 22 23 23 24 23 22 11 23 28 19 29 19 32 21 26 22 22 22 21 11
-2 4 18 8 1 -6 -6 0 11 12 8 0 -9 -16 -13 -10 -19 -5 -1 6 11 14 12 10 7 3 3 2 -3 -3 0 0 -4 -8 -11 -9 -15 -23 -20 -27 -24 -31 -30 -28 -18 -17 -14 -11 -18 -15 -13 3 7 6 -7 -7 -6 -4 9 11 1 14 3 4 6 7 18 19 20 9 21 21 21 22 22 22 22 23 22 22 22 22 22 11 11 22 22 11 13 22 31 14 23 23 12 14
1 15 17 8 0 -1 -1 3 10 12 5 -1 -8 -17 -16 -10 -5 -1 2 9 13 11 10 8 6 -1 0 1 0 -5 -5 -1 -3 -7 -12 -10 -12 -21 -35 -33 -30 -30 -29 -16 -17 -15 -13 -11 -9 -7 3 8 1 -14 -13 -9 -6 -4 -4 -3 -1 2 2 4 6 18 19 8 20 20 21 21 22 22 22 22 22 22 22 22 22 11 22 22 22 11 11 11 12 19 24 17 12 12 12 16
17 14 7 8 8 4 0 4 7 11 7 -1 -8 -14 -13 -6 -1 5 11 12 12 10 8 6 4 -5 -6 -3 -3 -4 -8 -8 -5 -7 -10 -12 -13 -27 -31 -32 -30 -29 -29 -17 -18 -15 -12 -6 -2 3 7 5 -16 -15 -12 -9 -7 -6 -5 -3 -2 1 15 5 17 18 19 19 20 20 21 21 21 22 22 21 21 22 22 22 11 11 11 11 11 11 12 12 13 19 22 23 22 23 21 23
6 2 1 8 15 3 -1 2 4 8 9 4 -3 -9 -9 -5 0 10 8 5 8 9 7 4 -1 -7 -12 -8 -7 -6 -7 -12 -10 -11 -15 -20 -23 -32 -32 -29 -27 -26 -23 -7 -4 0 3 5 6 4 0 -18 -18 -15 -12 -10 -8 -7 -5 -3 -1 12 14 15 6 18 19 19 19 19 20 20 21 21 21 21 21 21 10 10 10 11 11 11 11 12 12 12 12 13 13 16 19 21 26 37
2 12 10 14 19 6 1 -2 -1 4 7 6 3 -5 -10 -5 4 8 5 2 3 7 6 2 -4 -8 -13 -15 -12 -11 -10 -12 -14 -15 -24 -34 -37 -30 -37 -29 -23 -19 -15 -1 1 1 1 -2 -8 -23 -22 -19 -16 -14 -11 -9 -7 -6 -5 -4 -2 11 12 14 15 16 18 18 19 19 20 20 21 21 21 21 21 21 10 10 11 11 11 11 11 12 23 12 12 13 17 17 14 30 32 28
2 17 24 22 16 9 3 -3 -7 -3 -5 -4 -4 -9 -11 -4 2 2 0 -2 -5 4 7 4 -5 -9 -12 -16 -15 -17 -17 -16 -16 -18 -28 -40 -45 -35 -37 -29 -22 -17 -3 -3 -6 -10 -16 -17 -27 -24 -20 -18 -14 -12 -10 -7 -6 -4 8 9 9 -2 11 13 15 5 17 18 18 19 19 20 20 21 21 21 10 10 10 10 10 11 11 11 12 12 23 12 12 15 20 25 24 21 26 30
15 25 21 10 6 10 3 -3 3 4 3 1 -2 2 -2 -8 -7 -8 -8 -10 -8 1 7 5 -2 -9 -12 -15 -17 -19 -22 -20 -17 -17 -21 -30 -35 -28 -31 -25 -19 -6 -8 -15 -19 -20 -20 -18 -25 -23 -20 -17 -13 -10 -10 -7 -4 9 9 10 10 11 9 0 14 16 17 18 19 19 19 19 19 20 20 20 21 10 10 10 11 11 11 11 11 23 12 12 13 15 21 26 27 36 20 34
23 26 15 9 12 14 7 5 10 16 14 13 10 3 1 0 -2 -5 -1 2 9 14 12 9 4 -2 -12 -18 -22 -25 -22 -20 -18 -16 -16 -18 -18 -28 -25 -21 -8 -9 -11 -14 -15 -15 -16 -16 -24 -21 -19 -17 -14 -12 -9 -6 7 7 8 8 9 8 -1 0 1 3 17 18 18 18 19 19 18 18 18 19 9 9 10 10 12 24 23 24 23 23 23 24 24 25 15 21 38 28 39 27
29 23 18 13 17 21 16 12 15 22 20 19 11 12 12 17 17 18 19 20 18 15 14 15 14 3 -4 -12 -22 -28 -25 -23 -20 -16 -17 -16 -26 -24 -24 -23 -22 -11 -8 -7 -6 -6 -6 -17 -18 -17 -17 -16 -13 -11 -8 -7 5 6 6 7 8 -3 -3 -1 1 14 16 16 17 18 18 18 18 18 18 18 8 9 12 14 16 29 30 30 26 14 25 25 25 25 26 29 34 25 39 40
28 27 26 26 26 24 19 19 21 25 27 26 23 20 23 23 20 16 8 4 -4 -6 -8 -4 7 13 4 -6 -13 -26 -27 -26 -21 -18 -18 -31 -31 -29 -28 -27 -24 -25 -22 -9 -13 -19 -19 -28 -27 -22 -19 -15 -13 -11 -10 -9 -9 2 4 -6 -4 -3 -2 -1 0 13 15 16 16 17 17 17 19 22 22 23 24 12 11 13 15 28 26 14 18 19 20 21 28 28 27 27 28 31 24 27
29 31 25 27 23 26 28 28 28 28 28 28 27 26 19 10 2 -3 -7 -6 -5 -8 -12 -15 -11 -4 6 5 -7 -14 -21 -27 -24 -23 -25 -37 -34 -33 -31 -30 -29 -30 -20 -17 -22 -25 -23 -21 -15 -13 -9 -6 -10 -8 -13 -10 3 3 -7 -6 -5 -3 -2 0 1 2 14 15 15 16 16 18 20 18 17 18 8 8 8 10 10 11 23 22 13 16 28 31 25 24 34 33 21 18 30 34
21 28 20 14 9 14 20 24 23 23 22 25 21 21 21 20 14 8 2 -4 -8 -12 -15 -18 -20 -14 -8 2 -8 -15 -17 -20 -25 -29 -37 -37 -36 -35 -33 -31 -29 -26 -24 -17 -21 -21 -18 -16 -11 -10 -8 -8 -8 -3 2 4 6 7 -5 -7 -6 -4 -3 10 0 12 14 15 16 16 19 18 16 16 16 17 6 7 8 11 14 28 28 17 29 19 31 32 33 35 37 27 28 38 36 34
21 20 19 9 5 10 14 15 15 17 18 19 21 16 6 5 16 17 13 4 -5 -12 -14 -17 -21 -18 -13 -9 -5 -11 -23 -24 -25 -26 -38 -39 -38 -36 -33 -31 -28 -25 -23 -21 -9 -7 -7 -7 -7 -6 -3 1 3 5 8 9 7 6 -4 7 7 9 -1 11 13 13 15 15 15 17 16 16 15 15 15 16 5 7 10 14 14 25 24 24 25 26 27 28 28 29 30 33 33 35 40 41
15 15 10 5 4 6 5 5 5 11 12 12 16 14 16 5 -2 3 12 17 9 -1 -11 -17 -22 -24 -21 -17 -15 -12 -30 -32 -34 -34 -40 -36 -32 -25 -21 -18 -19 -18 -17 -14 0 0 -12 0 2 3 4 6 6 6 3 -1 -12 -11 -10 -8 5 -5 7 -3 10 11 12 13 14 14 14 15 15 15 4 5 5 6 9 9 10 22 24 25 25 26 26 26 27 29 29 31 36 39 41 41
6 9 7 4 -1 1 -1 -3 -6 0 5 -2 10 3 6 13 10 -4 -4 12 16 11 2 -6 -10 -19 -25 -23 -28 -14 -22 -31 -39 -36 -39 -36 -21 -17 -8 -7 -6 -3 -4 -4 -3 1 4 4 5 5 4 1 -1 -6 -13 -21 -13 -10 -8 -7 -6 -6 7 -2 -2 11 11 12 13 14 14 14 14 15 15 15 5 6 9 11 24 27 28 30 29 31 33 32 33 35 36 38 39 40 40 40
10 13 9 3 1 6 1 -1 -5 -11 -11 -5 4 -8 -4 -4 13 7 -3 0 8 13 13 11 3 -6 -15 -25 -32 -27 -34 -38 -37 -28 -31 -22 -21 -32 -35 -34 -29 -15 -13 -7 -23 -23 -20 -7 -6 -7 -7 -16 -14 -19 -20 -14 -10 -8 -7 5 4 3 6 8 9 10 11 11 12 13 14 14 14 15 15 15 17 9 12 26 29 30 27 24 31 33 33 34 35 37 37 38 37 36 35 37
13 16 12 7 9 11 8 6 1 -4 -10 -8 -6 -10 -12 -2 4 0 4 -6 -6 4 0 1 9 1 -10 -19 -28 -34 -40 -44 -42 -34 -39 -37 -41 -46 -43 -39 -34 -30 -24 -15 -23 -30 -26 -12 -10 -7 -5 -16 -14 -11 -10 -9 -8 -7 5 5 5 5 8 9 9 10 11 12 13 2 14 14 14 15 15 16 17 19 20 22 23 22 22 24 26 28 31 30 30 32 32 29 17 18 29 19
17 20 17 15 14 12 10 9 7 6 2 -1 -8 -13 -10 -5 -12 -15 -6 -9 -13 -9 -10 -15 -5 3 -1 -9 -18 -29 -36 -37 -38 -38 -47 -43 -49 -46 -42 -40 -38 -34 -31 -28 -25 -19 -12 -5 0 6 9 9 -1 1 1 2 12 -2 5 5 6 7 7 8 9 9 10 12 3 7 19 17 17 17 16 16 17 18 19 21 21 21 21 21 22 23 24 26 27 26 27 26 26 27 29 19
26 23 19 16 14 11 9 8 7 7 7 -4 -9 0 -1 -9 -3 0 -2 -4 -6 -12 -15 -14 -13 -15 -15 -20 -28 -28 -29 -30 -30 -30 -32 -25 -25 -22 -20 -22 -24 -25 -24 -14 -9 0 5 7 7 2 -11 -10 -10 -9 -9 -7 -6 0 4 9 6 7 6 8 9 10 11 12 2 4 21 24 24 25 22 19 17 18 22 24 24 23 21 21 22 23 26 28 29 28 29 30 30 20 32 21
27 24 26 23 15 13 11 10 10 9 -3 -1 -1 -2 -4 4 6 12 3 2 0 2 2 -2 -9 -14 -15 -17 -24 -28 -31 -34 -39 -34 -25 -13 -21 -19 -18 -14 -10 -9 3 4 4 4 2 -5 -22 -20 -16 -15 -13 -11 -9 -7 -6 -5 -2 17 8 7 8 10 11 12 12 13 4 17 19 21 23 24 25 26 26 24 27 30 29 29 23 22 22 23 25 27 29 30 30 19 20 32 23 34
36 36 34 32 27 23 21 25 23 13 13 10 4 1 13 18 20 20 17 16 15 14 12 7 4 -1 -8 -17 -25 -35 -44 -52 -56 -54 -51 -45 -43 -38 -32 -26 -22 -8 -5 -3 -4 -9 -17 -30 -29 -23 -19 -15 -11 -12 -10 -6 -4 -5 7 17 13 9 10 11 11 12 13 3 4 5 16 17 17 18 19 21 23 24 25 24 25 28 27 23 23 23 23 26 28 28 28 29 20 21 34 34
30 32 35 35 33 32 32 32 32 28 16 20 15 8 25 21 14 6 1 -3 -1 3 5 1 -1 -4 -12 -20 -36 -53 -59 -69 -70 -75 -63 -58 -49 -44 -40 -35 -29 -22 -8 -13 -23 -23 -24 -32 -29 -26 -19 -14 -11 -10 -9 3 4 9 9 12 21 16 11 10 10 10 12 14 16 17 16 15 16 18 20 21 22 24 26 29 29 30 31 31 28 27 24 24 25 25 26 27 30 30 32 34
21 23 27 28 30 24 26 27 24 19 14 19 28 17 22 17 15 7 -2 -6 -6 -8 -10 -11 -12 -15 -24 -29 -38 -58 -73 -87 -82 -69 -69 -57 -49 -42 -37 -34 -31 -28 -20 -25 -27 -22 -30 -28 -25 -23 -19 -15 -10 -8 4 6 6 9 20 21 22 26 25 15 9 9 11 13 15 17 18 19 20 20 22 23 25 25 26 26 24 25 25 26 29 32 31 29 29 31 32 31 30 33 31 35
12 16 21 22 25 22 19 16 1 -4 5 14 28 25 22 20 17 11 1 -1 2 2 2 0 -3 -8 -19 -28 -36 -46 -62 -84 -85 -71 -58 -46 -48 -42 -36 -32 -30 -29 -23 -31 -30 -25 -22 -30 -28 -22 -17 -11 -7 -7 5 10 18 17 23 27 24 25 28 23 12 11 11 12 13 14 15 17 19 19 21 23 24 22 22 23 24 25 26 26 27 27 29 31 32 32 33 33 33 34 35 37
10 13 16 20 18 12 5 -1 -16 -23 -10 4 14 17 25 25 23 18 15 15 15 13 9 6 4 -1 -7 -18 -29 -44 -59 -67 -63 -55 -48 -39 -36 -42 -34 -28 -24 -23 -14 -26 -34 -31 -28 -33 -26 -16 -10 -6 -3 2 12 19 25 26 24 18 11 8 17 28 27 22 14 13 13 14 15 16 16 17 19 21 21 21 23 23 23 24 25 27 28 29 29 30 31 31 29 30 30 30 31 34
13 8 8 9 12 7 -2 -16 -17 -19 -20 -6 6 16 23 19 21 20 16 14 14 4 -4 -7 -9 -5 1 -11 -25 -38 -49 -52 -52 -45 -40 -35 -31 -38 -31 -24 -19 -16 -16 -12 -30 -36 -29 -21 -20 -12 -7 -5 -2 5 23 27 21 18 16 4 0 -3 5 14 25 30 24 17 14 14 14 15 16 17 18 19 20 22 23 25 25 26 26 25 26 27 28 30 32 32 32 33 33 33 34 37
11 2 -6 -2 -5 -4 -12 -12 -12 -11 -14 -16 -6 10 26 20 16 8 -5 -5 4 9 2 -10 -19 -21 -6 -6 -23 -33 -37 -40 -45 -39 -33 -38 -33 -30 -26 -23 -20 -16 -11 -12 -19 -28 -22 -14 -16 -10 -6 -1 3 21 26 21 17 11 6 0 0 0 5 16 23 29 31 27 20 15 15 16 16 17 18 18 19 19 21 22 24 25 26 27 28 28 29 29 29 30 31 32 33 33 32 38
5 -1 -16 -10 -10 -10 -24 -21 -15 -11 -9 -7 -8 6 27 23 17 7 -8 -15 -7 -6 -2 -1 -10 -17 -19 -7 -18 -27 -31 -34 -38 -33 -38 -31 -28 -25 -25 -26 -23 -16 -10 -7 -14 -19 -16 -9 -1 -7 -5 -4 -1 15 22 25 18 12 4 -7 -5 1 6 -2 16 22 27 32 28 26 21 17 18 18 19 19 19 19 20 21 21 21 22 23 25 27 28 26 27 28 30 29 32 35 35 41
-6 -6 -16 -10 -1 -12 -23 -15 -8 -9 -17 -4 4 12 27 25 18 7 -7 -13 -13 -15 -16 -12 -14 -17 -21 -20 -18 -20 -29 -32 -31 -30 -37 -37 -37 -34 -31 -20 -15 -11 -8 -6 -6 -6 -8 -3 2 -5 -3 -1 10 11 12 21 23 17 3 -10 -5 -3 0 -8 -2 15 22 28 31 32 30 22 21 19 20 20 20 21 21 21 21 21 22 23 24 25 25 27 27 27 27 28 32 38 39 33
-2 -10 -20 -12 -12 -18 -12 -5 -4 -5 -3 10 12 15 26 24 20 18 11 -2 -8 -10 -13 -14 -14 -15 -18 -22 -29 -29 -30 -30 -29 -24 -34 -31 -26 -24 -21 -18 -18 -17 -12 -7 -4 -4 -1 2 5 -3 -2 10 11 11 12 17 24 14 4 -7 -5 -2 -9 -5 -3 -1 15 20 24 25 32 33 30 23 21 21 22 22 21 21 21 22 22 23 23 24 25 26 26 27 28 30 29 34 36 28
1 -6 -13 -8 -6 -6 -4 -2 -1 3 3 12 25 26 26 22 12 5 8 10 6 3 0 -5 -10 -14 -17 -23 -29 -28 -32 -33 -26 -32 -31 -28 -29 -23 -24 -30 -29 -22 -15 -9 -6 -1 -4 5 7 9 10 10 11 13 18 23 21 14 5 -7 -8 -3 -8 -6 -4 -1 0 3 5 21 22 26 33 32 22 21 21 25 22 22 22 22 23 23 24 24 25 26 26 27 27 29 31 31 36 30
4 -6 -12 -5 1 0 3 3 0 7 15 20 24 24 24 23 15 4 -2 -7 -11 -13 -13 -14 -16 -19 -23 -23 -22 -23 -27 -35 -33 -42 -42 -36 -37 -37 -37 -33 -28 -21 -15 -7 -4 2 -2 5 8 10 11 12 13 14 21 23 16 7 -6 -11 -8 -12 -6 -2 -1 0 1 3 15 19 21 23 26 34 29 26 25 27 30 24 23 23 24 23 24 24 25 25 26 27 29 30 30 31 35 30
3 -3 -8 -3 -4 0 -5 -2 7 10 19 22 17 16 22 23 22 12 0 -5 -10 -13 -17 -17 -19 -16 -14 -13 -15 -19 -25 -30 -35 -40 -36 -35 -30 -28 -28 -27 -25 -20 -13 -6 -2 4 3 10 7 10 10 11 13 14 22 20 13 -1 -14 -11 -5 -11 -5 -3 0 15 17 18 20 23 25 27 29 31 34 31 35 35 35 34 34 32 31 33 31 27 26 26 26 26 29 32 33 36 34 28
7 3 -2 -2 -1 -11 -7 -3 5 17 21 11 8 10 15 22 23 21 16 10 3 0 -4 -3 -4 -4 -7 -13 -17 -22 -26 -31 -32 -36 -30 -25 -20 -17 -15 -16 -13 -11 -11 -10 -3 2 5 5 9 12 11 12 16 21 21 12 7 -5 -9 -8 -2 -8 -4 1 15 17 19 21 23 23 23 26 29 31 34 35 34 30 30 29 31 34 35 36 36 35 34 34 34 32 35 34 31 28 31 34
9 9 7 6 7 -2 0 2 15 18 20 12 6 5 6 9 16 17 18 16 11 7 3 0 -3 -5 -10 -15 -19 -23 -27 -33 -32 -36 -31 -27 -22 -20 -16 -12 -10 -8 -5 -4 -1 2 3 7 16 16 16 18 20 23 16 9 -3 -10 -8 -4 1 7 11 14 15 15 17 19 21 23 24 24 24 28 31 30 30 27 26 27 29 27 26 28 28 26 25 27 32 30 31 29 27 27 27 33
7 6 9 11 11 12 14 17 18 14 8 7 6 4 2 1 0 4 10 12 11 9 6 1 -3 -7 -10 -13 -19 -25 -33 -36 -32 -36 -35 -34 -34 -31 -27 -22 -17 -13 -11 -7 -4 -2 2 6 20 20 20 21 22 23 15 6 -6 -8 -7 -4 1 5 7 9 10 13 13 13 14 14 17 22 24 26 24 24 25 27 28 27 23 22 24 24 26 28 28 29 28 26 27 27 26 16 34 36
-1 0 4 5 6 10 12 15 14 11 6 5 5 3 0 -2 -5 -4 -2 1 -3 -5 -2 -1 -2 -5 -13 -16 -19 -22 -29 -34 -42 -37 -39 -39 -35 -31 -26 -19 -13 -10 -9 -6 -1 1 2 3 15 18 20 22 22 22 16 5 -7 -7 -6 -4 -1 -9 -6 6 7 7 8 9 10 12 16 19 20 21 22 22 24 27 24 21 21 23 23 26 25 25 25 25 26 26 26 26 15 30 33 36
-6 -3 2 5 8 -3 -6 -2 16 11 7 5 4 1 -2 -5 -8 -7 -4 -3 -7 -11 -11 -6 -1 0 -6 -16 -19 -22 -27 -33 -38 -31 -28 -29 -29 -25 -22 -17 -13 -9 -8 -6 -2 1 5 5 17 18 20 20 19 22 17 2 -7 -5 -5 -3 0 2 3 -6 -3 -2 9 10 11 12 13 14 16 20 24 27 27 22 20 21 23 24 24 24 23 24 24 25 25 26 26 15 15 33 34 33
1 -3 -11 -7 -8 -12 -8 -3 15 8 7 5 3 0 -4 -9 -11 -9 -7 -8 -10 -15 -16 -9 -5 -2 -3 -13 -24 -27 -32 -30 -38 -36 -32 -27 -22 -18 -16 -14 -12 -8 -3 -3 -2 2 5 17 19 18 17 18 21 21 15 -1 -8 -7 -5 -3 -1 -9 3 -6 6 -2 0 11 12 13 14 15 18 23 25 26 20 20 21 22 21 21 22 23 23 13 25 25 25 26 26 16 28 35 35 34
6 -10 -9 -8 -13 -1 -9 -4 16 8 5 4 1 -2 -7 -13 -15 -12 -11 -11 -14 -18 -19 -12 -9 -5 -6 -9 -21 -28 -29 -37 -33 -30 -29 -28 -27 -23 -17 -11 -7 -4 -1 1 3 3 16 17 15 13 15 17 22 19 5 -7 -7 -5 -3 1 5 -4 -2 9 11 11 9 10 12 15 16 16 19 23 24 21 19 20 20 20 21 21 22 23 24 24 24 25 25 25 15 28 32 36 33 31
10 8 -3 -4 -7 -8 -5 10 16 9 5 3 0 -3 -8 -15 -20 -18 -18 -18 -18 -23 -23 -17 -13 -7 -9 -9 -17 -25 -36 -29 -27 -25 -23 -23 -21 -19 -13 -7 -3 -1 1 2 4 16 17 17 15 12 14 18 22 17 0 -10 -9 -5 -3 -1 2 4 5 7 9 10 13 14 16 18 19 19 19 19 19 18 18 19 20 20 10 22 23 23 24 24 25 25 25 25 26 27 33 29 26 27
-2 -7 -8 -4 -3 -2 -2 12 15 9 6 3 0 -3 -7 -13 -19 -19 -17 -20 -23 -26 -25 -18 -14 -13 -14 -15 -18 -32 -33 -30 -26 -21 -18 -14 -13 -13 -12 -5 1 3 4 5 6 17 18 18 17 14 13 18 22 16 -2 -9 -8 -5 -3 -1 -8 6 9 10 12 12 12 17 15 14 15 16 16 16 17 18 18 19 8 9 10 11 23 23 24 24 25 25 25 25 25 30 29 26 25 27
-17 -11 -8 -7 -8 -6 -3 11 13 8 5 3 1 -2 -5 -7 -8 -8 -12 -15 -19 -22 -22 -19 -17 -18 -19 -20 -32 -33 -31 -28 -28 -26 -23 -20 -17 -12 -8 -5 2 5 6 7 18 8 19 19 19 18 17 15 21 17 -1 -8 -7 -4 -2 0 2 5 6 8 10 11 13 15 13 13 14 15 16 16 16 7 18 8 8 9 21 11 12 24 24 24 25 25 24 25 26 32 27 25 25 31
-16 -17 -14 -10 -8 3 4 9 10 8 7 6 3 3 1 -1 -3 -7 -12 -16 -21 -20 -17 -21 -22 -23 -24 -27 -37 -33 -29 -25 -22 -18 -14 -12 -10 -7 -6 -4 1 4 6 17 18 19 19 20 20 20 20 17 21 17 1 -8 -6 -5 -2 0 2 4 7 9 11 12 13 12 10 9 9 10 11 12 3 6 7 8 8 9 20 21 22 24 24 24 25 24 24 26 31 25 25 29 32 30
-8 -9 -8 -4 -3 3 2 8 9 8 8 7 5 3 3 0 -4 -6 -11 -15 -16 -15 -18 -22 -27 -30 -32 -30 -35 -33 -32 -30 -27 -25 -21 -17 -12 -9 -5 -1 3 5 6 17 18 19 19 20 20 20 21 20 19 18 5 -8 -6 -4 -1 1 -7 5 7 9 11 12 11 9 6 2 0 0 3 -3 1 4 7 8 9 10 21 21 22 23 24 24 24 25 27 31 25 26 30 28 25 25
-11 -4 8 -3 -3 8 6 7 7 6 5 4 3 1 -1 -3 -6 -8 -10 -11 -13 -14 -17 -21 -27 -35 -37 -28 -29 -32 -37 -32 -28 -24 -17 -12 -9 -6 -3 0 2 4 5 17 17 18 19 19 20 20 21 19 19 16 7 -8 -7 -5 -2 1 3 5 7 9 11 11 9 7 2 -3 -5 -5 -1 -6 1 4 6 8 10 10 21 22 22 23 24 14 25 27 29 29 24 27 28 23 23 23
-8 7 6 -6 -3 -2 8 7 7 5 4 2 0 -2 -4 -6 -8 -11 -14 -15 -16 -16 -17 -20 -25 -32 -45 -36 -36 -34 -26 -19 -24 -20 -14 -9 -5 -1 1 2 4 5 16 16 17 19 19 20 20 20 20 20 19 17 8 -9 -8 -6 -3 0 3 6 8 10 9 10 9 7 2 -3 -5 -4 1 -3 3 6 8 10 10 22 22 22 23 13 24 25 25 26 28 28 23 28 28 23 23 23
-8 1 -4 -12 -6 -5 8 7 7 6 6 5 2 -2 -5 -8 -11 -14 -19 -22 -22 -20 -20 -23 -26 -33 -40 -33 -25 -25 -22 -16 -21 -18 -16 -13 -10 -4 0 12 14 15 16 15 18 19 19 19 20 20 20 19 19 17 9 -7 -7 -5 -3 1 4 6 6 7 7 8 10 9 6 2 -2 0 4 10 5 9 20 21 22 22 23 23 23 23 23 24 24 25 29 25 24 27 30 25 24 23
-18 -6 -3 0 -5 -4 9 8 9 7 7 6 3 0 -5 -8 -12 -16 -21 -26 -25 -21 -19 -21 -25 -29 -30 -25 -20 -18 -15 -12 -21 -18 -16 -14 -10 -6 -4 -1 2 15 16 17 18 18 19 19 20 20 20 19 17 15 8 -6 -6 -4 -2 1 2 4 5 5 5 5 8 0 0 9 6 6 11 15 8 10 21 22 22 12 23 23 23 23 24 24 25 31 28 25 24 24 25 29 31 24
-10 -10 0 2 7 0 11 9 9 9 8 7 4 1 -3 -7 -11 -15 -17 -19 -19 -18 -18 -17 -22 -24 -25 -19 -15 -24 -18 -17 -15 -11 -8 -6 -5 -5 -4 -1 1 14 16 17 18 18 19 19 19 20 20 19 17 12 8 -5 -4 -1 -1 0 1 2 2 2 2 2 5 -1 2 4 14 14 16 7 9 22 22 22 11 12 24 26 26 26 26 26 29 27 28 28 26 24 23 24 29 29
-8 -5 -2 -3 -4 -1 2 12 12 12 10 7 6 2 -1 -4 -7 -10 -11 -13 -12 -14 -17 -14 -16 -19 -24 -21 -17 -14 -21 -20 -16 -13 -1 -11 -11 -10 -5 1 15 16 16 17 18 18 19 19 19 20 20 20 18 10 7 0 -1 2 1 3 3 1 -1 -3 -2 -1 2 7 1 4 6 7 19 9 21 22 21 22 22 13 26 26 26 25 25 26 30 27 25 27 29 24 23 24 24 26
-2 -7 -4 -2 -1 -1 12 14 13 12 10 8 6 5 6 5 2 -3 -1 -1 -5 -9 -10 -10 -13 -17 -18 -19 -14 -10 -9 -8 -6 -5 -5 -15 -14 -8 -3 12 13 14 16 17 17 18 19 19 19 20 19 19 18 10 7 3 3 6 5 5 5 2 -1 -3 -3 -2 1 6 1 4 6 8 9 10 11 11 21 21 12 24 25 25 24 26 28 29 28 25 14 18 28 26 24 24 24 24
