data_analyses/maxent/chelseacur_asc/bio_13.asc
ncols         195
nrows         278
xllcorner     -122.86680578405
yllcorner     43.49152724385
cellsize      0.0083333333
NODATA_value  -9999
[rows 215 to 257 of 278, columns 96 to 191 of 195]
326 348 349 341 327 305 276 252 236 226 224 228 230 226 219 210 200 191 185 182 183 189 198 209 221 231 238 240 240 237 231 224 217 210 208 210 210 202 186 175 173 171 168 161 150 136 124 121 129 142 147 138 127 119 113 106 99 93 90 87 85 84 82 81 80 80 79 75 71 68 67 65 64 63 63 63 63 62 60 58 56 55 53 52 50 49 48 47 46 45 44 43 42 41 40 40
294 323 337 340 339 327 305 280 258 243 238 242 243 238 234 229 223 217 209 197 184 176 174 177 184 193 201 208 211 212 209 206 202 198 198 204 207 202 192 182 176 170 164 157 146 132 120 116 124 144 157 154 145 138 132 125 116 108 104 101 97 95 93 90 86 82 78 74 71 69 67 66 65 64 63 64 64 63 62 59 55 53 51 50 49 48 48 47 46 45 44 43 42 41 40 40
290 297 306 316 328 334 324 304 279 259 254 258 259 252 244 238 237 238 240 233 216 196 179 170 167 169 173 178 180 179 178 181 186 189 190 196 201 199 192 186 181 175 170 165 157 144 129 121 124 140 154 157 152 147 142 138 131 125 119 114 109 105 104 100 93 84 78 74 71 70 69 68 66 65 64 64 63 62 59 56 53 51 50 49 49 48 48 47 46 45 45 43 42 41 40 40
331 323 315 312 317 326 326 315 297 281 275 278 280 274 264 255 249 251 258 264 258 235 206 182 169 164 164 167 165 160 156 161 174 185 187 190 194 193 189 186 185 184 183 180 174 163 149 137 130 133 141 146 147 145 143 140 137 133 127 121 114 109 106 102 95 85 79 75 72 70 69 68 66 65 64 63 61 58 55 53 52 51 50 49 48 48 47 47 46 45 45 44 43 42 41 40
346 344 340 332 325 324 323 317 307 296 288 285 284 282 279 273 269 268 272 277 276 263 237 208 185 171 166 168 167 159 150 151 163 177 181 184 187 187 186 186 188 189 191 191 186 179 170 158 144 133 130 132 134 136 138 137 136 133 129 123 115 108 102 97 91 85 81 77 74 71 69 67 66 65 63 61 59 56 54 53 53 52 51 50 48 47 47 47 47 46 45 44 43 42 41 41
295 306 320 326 326 321 315 308 298 284 270 258 252 253 258 262 265 269 273 275 273 267 257 241 220 195 179 177 178 168 153 147 153 163 169 175 181 183 184 185 187 189 191 192 189 184 179 169 154 137 126 123 125 129 133 134 133 132 129 124 117 109 102 96 92 89 85 82 78 74 70 68 66 65 63 61 59 56 54 53 54 54 52 50 48 47 47 48 48 46 45 43 43 42 42 41
223 233 251 269 279 277 270 261 248 231 216 205 200 202 210 218 227 237 249 259 264 264 263 261 250 224 195 180 175 167 154 147 149 157 164 172 179 183 183 183 183 184 187 189 188 185 179 170 156 139 127 122 123 126 130 132 132 131 129 125 119 113 107 102 100 97 90 83 80 76 72 69 67 66 63 61 58 56 54 54 55 54 52 50 48 47 47 47 48 47 45 44 43 42 42 41
199 195 193 200 209 212 210 205 196 188 183 181 180 179 180 183 189 198 214 235 250 256 258 259 256 234 199 174 163 157 150 146 148 158 168 175 180 183 183 181 179 180 182 184 185 183 178 168 156 143 133 126 125 126 128 131 132 131 130 127 122 118 114 110 108 103 93 83 79 77 75 72 69 65 62 58 55 54 54 54 55 54 53 51 49 47 47 47 47 47 46 44 43 42 42 42
215 215 195 179 179 189 203 208 206 202 198 195 192 186 180 176 175 177 186 205 227 240 244 249 249 232 203 180 166 157 151 147 147 155 166 175 180 183 184 181 179 179 180 182 182 181 176 166 155 146 139 133 129 126 127 130 131 131 129 127 123 119 115 113 111 107 99 89 83 81 80 76 71 66 61 57 55 54 54 55 56 56 56 55 52 49 47 47 47 46 46 45 44 43 43 42
231 250 228 196 183 189 207 221 227 225 216 205 200 196 188 180 174 172 173 183 201 219 232 242 244 233 217 204 189 173 160 152 148 149 155 166 177 183 185 184 181 179 179 179 178 175 169 160 150 144 140 136 131 127 126 128 130 130 128 126 123 119 115 113 111 109 105 98 90 84 82 77 71 66 63 62 60 59 59 59 60 61 62 61 56 51 48 47 47 46 46 45 44 43 42 42
237 269 257 222 196 187 188 196 208 215 211 203 198 198 197 191 182 175 173 177 188 206 228 245 247 240 233 230 220 203 184 167 155 148 147 155 171 181 184 184 182 179 176 171 166 160 153 147 142 139 137 135 131 127 125 125 127 127 127 126 124 120 116 113 112 110 107 103 95 86 81 77 72 67 64 65 65 65 64 64 64 65 66 64 59 54 51 50 48 47 46 45 44 43 42 41
241 260 256 234 213 199 189 185 187 192 195 194 194 196 202 208 204 192 185 189 199 213 232 248 250 245 241 240 237 228 212 191 170 154 146 150 162 173 179 181 180 176 170 162 154 145 138 134 135 136 135 133 130 127 124 124 125 126 126 126 125 122 118 115 113 110 106 102 95 87 82 79 75 70 65 65 67 68 68 68 66 66 66 65 62 59 55 52 49 47 46 46 45 43 42 41
262 259 250 239 227 213 199 191 187 185 185 186 188 191 200 218 225 212 203 214 228 235 242 248 247 242 239 238 237 234 225 208 187 166 154 152 158 167 174 178 179 176 173 167 161 152 142 134 134 136 135 132 128 125 122 123 125 126 126 125 124 122 118 115 113 110 104 97 90 84 80 78 76 72 67 65 66 69 70 69 68 66 65 64 63 61 58 54 51 48 47 46 45 44 43 42
288 279 263 252 242 228 210 197 190 186 182 181 182 185 194 210 219 213 211 225 242 248 248 247 242 237 234 233 232 229 224 214 200 182 168 163 166 171 175 178 181 182 182 181 178 170 158 145 138 136 134 130 125 120 117 118 121 124 123 122 121 119 116 114 112 109 104 95 86 80 77 75 73 69 66 65 66 66 67 68 67 66 65 64 62 61 58 55 52 50 48 47 46 45 44 43
293 295 282 270 261 248 227 208 197 191 185 181 180 181 187 196 201 200 201 216 235 247 249 246 239 233 230 229 227 224 219 213 205 194 182 176 177 179 181 182 185 187 187 186 184 178 168 155 142 132 127 122 117 113 110 109 110 112 112 113 113 113 112 110 108 108 105 98 88 82 78 75 70 66 65 67 67 65 65 65 65 65 64 63 62 61 59 56 53 51 49 47 47 46 45 44
277 300 299 290 284 275 256 231 214 203 194 189 186 186 188 193 196 193 191 199 220 240 247 245 238 231 226 224 222 219 214 208 202 194 186 181 180 182 183 184 186 186 186 184 181 177 168 154 137 123 114 110 108 105 103 100 98 97 98 99 101 104 106 105 104 105 105 101 94 87 83 77 70 65 65 68 70 69 68 67 66 64 64 64 64 64 61 58 55 53 50 49 48 48 46 45
245 289 304 304 300 296 285 266 247 231 216 207 204 202 201 202 200 194 186 189 207 230 241 240 234 227 221 217 213 208 202 196 189 182 177 175 177 179 180 181 182 182 181 179 176 172 163 146 126 112 106 103 103 102 101 98 95 94 93 93 94 97 100 101 102 104 105 103 98 92 85 77 69 65 65 68 72 74 73 72 70 67 66 66 66 65 63 61 58 56 53 50 50 50 49 47
214 265 294 301 299 297 294 289 281 269 254 243 235 225 214 206 201 194 186 186 200 220 230 229 225 220 217 211 201 190 182 177 173 168 164 165 170 173 175 175 176 176 175 173 170 167 158 141 121 109 105 104 103 104 105 103 100 98 96 96 96 95 96 99 102 104 104 102 97 90 81 73 67 65 66 69 73 77 78 77 75 72 70 68 66 64 62 61 60 58 55 52 50 50 49 48
189 233 271 285 288 289 292 296 299 298 292 281 263 240 219 204 195 190 184 181 190 205 212 211 207 205 206 205 197 182 172 173 175 169 161 159 164 167 169 170 171 170 168 166 164 161 155 142 125 114 109 107 106 107 110 108 103 100 98 98 98 97 96 97 99 100 100 98 92 82 74 69 66 66 66 68 72 77 79 79 78 76 73 71 68 66 63 62 61 60 58 54 51 49 48 47
172 201 241 262 270 278 287 294 302 307 307 297 274 245 218 199 188 182 177 173 174 181 185 183 179 179 184 192 196 189 181 187 192 184 168 159 160 162 165 167 167 164 161 157 155 154 151 143 129 119 115 111 110 111 113 110 104 100 99 99 99 97 95 94 94 95 94 93 89 79 71 68 67 66 66 67 70 73 77 78 78 77 75 73 71 68 66 64 64 64 63 59 55 52 49 47
169 184 213 230 238 248 262 278 292 301 304 297 278 251 222 200 186 179 173 167 162 160 160 158 155 155 162 175 189 192 188 192 197 190 174 160 157 157 158 160 159 155 148 142 138 139 141 137 128 121 118 117 116 118 119 114 106 102 101 100 98 95 92 90 91 91 91 91 88 80 73 69 68 67 67 67 68 70 72 74 75 75 74 74 72 70 68 68 68 68 67 64 61 57 52 49
174 181 199 208 211 216 231 254 276 290 295 290 275 254 231 208 192 181 174 167 160 156 156 156 153 151 153 164 180 187 184 182 184 181 169 158 153 152 151 151 151 145 135 126 120 121 125 124 120 118 117 118 119 121 124 121 113 106 104 102 99 97 94 91 89 90 89 88 84 78 73 70 69 68 67 68 68 69 70 71 72 72 72 72 72 72 72 71 71 70 69 68 66 62 56 51
179 185 199 204 203 204 216 239 263 279 285 278 262 246 230 211 195 185 177 170 167 175 189 195 190 177 167 168 177 181 175 166 165 164 159 153 150 148 145 145 145 142 133 122 115 113 113 113 112 113 115 116 117 119 123 123 117 110 107 106 105 103 101 95 90 89 87 82 78 74 72 70 69 68 67 67 68 70 72 72 72 71 71 71 73 75 75 74 73 72 70 70 68 65 59 53
182 188 200 206 205 202 207 224 246 262 269 260 239 223 212 199 190 183 178 172 174 196 225 239 232 212 188 175 174 173 165 156 152 152 151 149 146 143 140 142 147 149 144 134 125 118 115 112 110 110 112 113 113 113 115 117 115 109 107 109 111 109 103 95 90 89 86 79 74 72 71 71 70 69 68 68 69 72 74 75 74 73 73 74 75 76 76 75 73 72 71 70 69 66 61 55
182 187 198 207 211 209 204 207 219 233 239 230 211 199 191 184 180 176 172 167 168 184 211 230 229 210 185 170 165 163 158 151 148 147 145 142 138 134 134 143 155 162 162 156 147 138 130 123 116 112 111 111 110 108 107 107 106 103 101 105 110 110 101 92 90 91 89 81 74 72 72 72 71 70 70 71 73 75 76 76 76 75 75 75 74 74 73 72 71 71 70 70 69 66 62 56
182 186 193 202 210 212 205 200 202 208 210 202 191 185 182 178 174 169 164 160 158 161 174 189 193 183 168 159 155 155 153 148 144 142 140 136 131 127 127 139 158 171 176 175 170 161 151 139 128 119 114 111 110 108 105 102 99 96 94 95 99 99 93 87 87 91 90 82 75 73 73 72 71 71 73 75 76 78 78 78 77 76 75 74 73 71 69 69 69 69 69 68 67 65 60 55
183 187 192 196 199 201 200 200 202 203 200 194 186 182 181 179 173 167 163 161 160 158 158 163 167 165 159 152 148 148 146 143 140 138 137 136 132 127 126 134 153 170 179 180 178 172 164 152 140 128 118 112 110 109 105 101 97 93 91 89 88 87 84 82 83 84 84 79 76 75 74 72 71 71 73 76 78 79 79 79 78 77 76 74 72 70 68 67 66 66 66 65 65 62 58 53
186 192 200 205 208 206 205 208 212 213 209 203 194 187 183 181 176 170 168 171 175 171 164 162 161 159 154 147 142 141 140 138 137 136 138 140 139 134 131 137 151 166 174 176 174 171 165 157 148 135 122 113 108 106 103 99 95 93 92 90 88 86 84 82 80 78 77 76 76 76 74 72 71 71 74 76 78 79 79 79 79 79 77 75 73 70 68 66 65 63 63 63 63 60 56 52
189 199 217 233 240 235 225 223 226 226 225 220 207 193 185 182 178 174 173 176 179 175 166 160 156 152 148 142 138 137 136 134 133 135 143 152 155 151 146 148 155 163 167 167 166 164 160 155 148 138 126 114 106 103 100 97 95 94 93 92 90 88 85 82 79 77 76 77 77 76 74 73 72 73 74 75 77 78 79 79 78 77 76 75 73 70 67 65 63 61 61 62 63 62 60 57
192 206 229 250 259 252 237 229 229 230 232 231 218 197 184 179 177 174 173 173 172 169 163 158 154 150 146 140 136 136 136 134 132 137 152 169 176 172 166 164 164 166 166 162 158 155 153 150 145 138 127 114 105 102 100 97 95 94 92 91 89 86 83 81 80 79 79 79 78 76 74 73 73 74 75 75 76 77 77 75 74 72 71 71 70 69 67 66 63 61 61 63 67 69 70 68
202 215 227 236 240 233 222 216 215 217 223 229 221 198 181 174 171 170 169 169 171 172 172 169 164 154 145 139 137 143 150 149 144 146 162 180 188 184 179 175 175 175 173 165 155 149 146 144 141 135 124 112 104 101 100 97 94 91 89 88 86 85 84 83 83 82 81 80 78 75 74 73 73 73 75 76 76 75 74 73 71 70 69 68 68 69 69 68 66 64 65 69 73 76 76 75
216 224 221 215 212 206 199 196 195 196 201 206 202 188 174 168 166 165 166 168 175 183 187 188 181 165 150 140 143 159 175 178 169 161 165 177 184 182 179 177 178 179 177 168 156 147 139 134 131 127 118 109 103 100 98 94 90 87 87 87 86 86 86 85 85 84 82 80 77 75 74 73 73 73 73 75 75 76 76 76 75 73 72 70 70 71 72 71 70 70 71 74 76 77 77 76
216 220 214 206 200 194 190 187 185 183 182 181 178 173 168 165 165 166 167 171 180 189 195 195 190 177 160 148 154 177 195 199 188 170 158 161 168 169 169 170 172 172 170 163 154 143 132 123 119 116 111 107 103 99 94 90 87 86 87 88 89 89 88 87 86 85 83 80 77 76 76 75 73 73 73 74 76 78 79 80 79 78 76 74 73 74 75 75 74 74 75 76 77 77 77 76
209 206 204 200 195 191 191 192 190 185 180 176 172 169 167 166 166 168 170 175 182 189 192 191 189 182 171 161 167 185 198 200 186 162 145 144 149 150 151 155 158 158 154 149 142 134 124 117 113 110 107 104 101 99 97 94 90 88 89 91 91 91 90 89 87 85 83 80 77 76 77 76 75 74 74 74 75 77 79 80 79 79 78 77 76 77 78 78 77 76 76 76 76 76 76 75
213 201 198 195 192 193 199 206 207 202 194 185 178 173 171 169 167 169 173 179 186 189 188 185 183 181 177 173 173 180 186 184 169 148 137 140 143 141 137 137 140 139 135 130 127 123 119 115 112 108 105 101 100 104 110 108 99 93 92 93 93 92 91 89 87 86 83 80 77 77 78 77 76 75 74 74 74 76 77 78 78 78 78 78 78 78 79 80 79 78 77 76 76 76 75 72
224 203 195 192 194 203 216 229 235 233 223 210 195 186 180 176 174 175 178 184 189 189 183 177 174 174 174 172 168 163 162 158 147 135 134 141 145 140 132 128 127 126 124 121 119 118 116 114 111 107 103 98 99 106 117 118 107 97 94 94 94 93 91 89 88 86 83 80 78 77 78 78 77 75 74 74 74 76 78 78 79 79 79 79 79 79 79 80 80 79 77 76 75 75 73 68
221 203 194 194 202 220 239 254 263 265 260 247 230 216 205 196 190 187 186 187 188 184 177 171 166 164 163 162 158 151 147 145 141 134 132 135 138 135 128 124 122 121 120 119 118 116 114 112 108 105 101 100 102 106 114 116 108 98 94 95 94 93 91 89 87 85 83 80 78 78 78 77 77 76 75 75 75 77 78 78 79 80 80 80 80 80 80 80 80 79 78 76 75 74 71 65
204 196 193 196 209 233 256 270 278 281 280 274 263 250 234 218 205 197 191 186 182 179 174 168 163 157 154 153 153 151 150 151 148 140 133 130 129 127 123 120 119 118 118 117 116 114 111 108 105 104 106 111 116 117 116 113 106 98 95 95 94 93 91 89 87 85 82 80 79 78 77 77 76 76 76 76 76 77 77 77 77 78 79 80 80 80 80 80 80 80 79 78 76 74 71 66
192 190 191 197 212 238 261 272 277 280 280 277 272 261 245 226 210 199 191 182 177 175 172 167 162 156 152 152 156 159 157 154 148 140 132 126 122 120 118 117 116 116 116 115 114 111 108 105 103 105 114 124 130 129 122 112 104 98 97 96 95 93 91 89 87 84 81 79 79 78 77 77 76 75 75 76 76 76 76 76 76 77 78 80 80 80 80 80 80 80 80 79 77 76 75 72
191 192 197 206 221 244 262 270 272 272 270 267 263 253 238 221 207 196 186 176 171 172 172 170 168 163 157 152 153 156 153 146 138 130 125 120 117 116 114 114 113 113 113 113 114 115 116 111 104 104 113 123 127 124 117 107 100 98 98 97 95 93 91 88 85 83 81 80 79 78 78 77 76 76 75 75 76 76 77 77 77 77 78 79 80 80 80 80 80 80 80 79 79 79 79 78
208 216 229 237 242 253 262 265 262 257 251 244 237 227 215 203 194 187 180 172 168 168 172 176 177 174 165 153 143 140 138 133 127 122 118 115 113 111 110 110 110 110 111 112 114 121 126 120 107 100 103 111 114 112 106 100 97 97 98 97 94 91 89 86 84 82 81 81 80 79 79 78 78 77 77 76 76 77 78 78 77 77 77 78 79 80 80 80 80 80 80 80 80 80 80 79
244 258 271 272 264 258 254 248 237 225 213 204 195 187 180 175 172 171 170 169 167 168 172 178 182 182 174 159 143 133 128 124 122 120 117 114 112 110 108 107 106 107 108 109 111 115 118 113 103 96 97 103 106 105 100 96 96 97 96 94 92 90 88 86 85 83 82 81 81 80 79 80 80 79 79 78 77 77 78 78 78 77 76 76 77 78 79 79 79 79 79 79 79 78 78 78
270 279 282 278 264 247 233 219 204 189 179 172 167 163 159 157 155 155 157 161 165 168 172 178 184 187 183 170 152 138 131 127 125 124 121 117 114 112 109 107 105 105 105 106 106 107 107 104 100 98 100 104 106 104 99 97 96 95 94 93 91 90 89 88 86 84 82 82 81 80 80 80 80 80 79 78 78 77 77 77 77 76 75 74 75 76 78 78 78 78 78 78 77 76 76 76
