data_analyses/maxent/chelseacur_asc/bio_15.asc
ncols         195
nrows         278
xllcorner     -122.86680578405
yllcorner     43.49152724385
cellsize      0.0083333333
NODATA_value  -9999
[rows 0 to 54 of 278, columns 96 to 191 of 195]
68 67 66 64 65 68 69 68 67 67 67 68 69 69 69 69 69 69 68 68 68 69 72 74 73 71 69 69 69 70 71 74 75 74 72 72 72 72 72 74 76 77 78 78 77 77 77 78 80 80 79 78 77 75 75 75 76 78 81 82 84 85 85 85 85 85 84 81 79 77 75 73 71 71 72 72 73 74 75 76 76 76 76 76 77 78 77 76 76 77 79 82 83 84 84 84
68 68 67 66 68 70 71 70 69 69 70 71 72 71 70 69 68 68 68 68 68 70 72 74 73 72 70 70 70 70 72 75 75 73 72 72 72 71 72 73 75 76 77 77 76 76 77 78 80 81 81 81 79 77 75 75 76 78 81 82 83 84 85 85 85 83 81 78 76 74 72 70 69 71 73 74 75 75 76 76 76 76 77 78 78 77 76 76 77 78 81 84 85 84 84 84
68 68 68 68 69 71 71 71 70 71 71 72 73 72 70 68 68 68 68 68 68 70 72 73 74 73 72 71 71 72 74 75 73 71 70 70 70 71 72 73 74 74 74 73 74 74 76 78 81 82 83 83 81 78 76 75 76 78 81 82 83 83 84 84 83 81 78 76 73 72 71 70 70 71 73 75 75 76 76 76 77 77 78 80 79 77 76 76 77 79 82 85 85 84 84 84
68 68 69 70 70 71 70 69 69 71 72 72 72 70 69 68 68 69 69 69 69 70 72 73 74 74 73 73 73 74 75 73 71 70 70 70 71 71 72 73 72 71 69 69 71 73 76 80 83 84 84 84 83 80 77 76 76 78 80 82 83 83 82 81 80 79 77 75 73 73 74 74 74 73 74 75 75 75 76 77 77 78 80 80 79 77 77 77 78 80 82 85 86 86 85 85
64 65 67 68 69 69 68 68 68 70 72 73 71 70 69 68 68 69 70 71 71 72 72 73 73 74 74 75 75 75 73 71 71 71 71 71 72 72 73 71 70 68 67 68 71 75 78 81 83 84 84 84 83 80 77 75 75 76 78 80 82 82 81 80 79 79 77 76 76 77 79 78 76 74 74 74 75 75 76 76 78 79 81 81 78 77 77 78 80 82 83 85 86 87 87 86
61 62 63 64 65 66 66 66 67 69 72 73 72 71 70 69 69 70 71 70 70 71 72 73 72 72 73 74 75 75 73 72 71 72 72 72 72 72 71 69 68 68 68 70 72 75 77 79 80 81 82 82 81 78 76 75 74 75 77 80 83 84 83 82 81 80 79 78 78 80 82 80 77 75 74 74 74 75 75 76 78 80 82 81 79 78 78 80 82 84 84 85 86 87 87 86
58 58 59 61 63 63 64 65 66 68 71 72 73 72 71 71 72 72 71 70 69 70 71 73 73 73 73 73 74 75 74 73 72 72 73 73 72 70 69 68 69 70 71 72 74 75 76 76 77 78 79 80 79 77 75 75 75 75 77 81 84 85 85 85 83 81 80 78 79 81 82 80 77 75 75 74 75 75 76 77 79 81 83 83 82 80 80 82 84 86 85 85 85 86 86 86
56 55 56 58 60 61 62 63 65 67 68 70 72 72 72 73 74 74 72 70 69 69 70 72 74 75 75 75 75 75 75 74 73 74 74 73 71 69 69 70 70 71 71 72 74 75 75 76 77 78 79 79 79 77 76 76 76 76 78 82 84 86 87 86 84 82 81 79 80 81 81 79 76 75 75 75 76 76 77 78 80 83 85 85 85 83 83 84 85 86 85 85 84 84 85 85
56 56 57 59 61 62 62 63 65 66 67 68 69 71 72 74 76 76 73 71 70 70 71 72 73 75 76 77 76 76 76 75 74 74 73 72 70 69 70 70 71 71 71 72 73 74 74 76 78 80 81 81 80 78 76 77 77 77 79 81 84 85 85 85 83 82 80 79 79 80 80 78 76 76 76 76 76 77 78 80 83 86 87 87 87 86 85 85 85 85 84 84 84 83 83 83
56 57 60 62 65 65 64 64 65 67 68 69 70 70 72 74 76 76 74 73 72 73 73 73 73 74 76 77 77 77 76 75 74 73 71 69 68 68 70 71 71 70 70 70 72 73 74 75 78 80 82 82 80 78 77 78 78 79 79 81 82 82 82 81 80 79 78 78 78 79 78 76 76 76 76 77 77 78 79 82 84 86 87 88 88 87 86 85 84 83 82 82 82 82 82 82
54 58 61 65 68 68 65 64 65 68 71 72 72 73 74 75 76 76 75 75 75 75 75 74 73 74 75 75 76 75 74 73 72 70 69 68 67 67 69 71 70 69 68 69 71 74 76 76 77 79 80 79 77 76 76 77 77 77 77 78 78 77 76 76 76 75 76 76 76 76 76 75 74 75 76 76 77 78 80 82 84 85 87 87 87 85 84 82 81 80 79 79 80 80 80 79
54 58 62 66 69 69 67 65 65 68 72 74 75 77 78 78 77 76 76 76 76 76 75 74 73 73 73 73 72 71 70 69 69 68 67 66 65 66 68 70 69 68 67 68 71 74 76 76 75 75 75 75 74 74 73 73 73 72 72 73 73 73 73 73 73 74 74 74 73 73 73 73 73 73 74 75 76 77 79 81 82 83 84 83 82 81 79 78 77 76 76 76 76 76 76 75
57 59 62 66 69 70 69 67 66 68 71 74 76 78 78 78 77 76 76 75 75 74 73 72 72 71 70 69 67 66 65 66 67 67 67 66 64 64 66 68 68 67 67 67 70 72 73 72 71 70 70 71 70 70 69 69 69 69 70 71 71 72 72 72 72 73 74 72 71 70 71 72 72 73 72 73 73 75 77 79 80 80 79 78 76 75 74 74 74 74 73 73 74 73 72 70
60 62 64 67 69 71 71 70 68 67 70 74 77 78 78 77 77 75 74 73 72 71 70 69 68 67 66 63 60 59 59 60 63 65 66 66 64 63 63 65 66 67 67 67 68 68 66 66 66 65 65 66 66 66 66 68 69 71 72 73 73 73 73 73 74 74 74 73 71 70 70 70 70 72 73 73 74 74 75 76 76 75 73 72 71 69 70 71 71 71 72 72 73 72 71 70
61 63 65 68 70 72 72 72 70 69 69 73 77 77 77 76 75 73 71 70 68 67 66 65 64 63 61 58 55 55 55 56 58 60 63 64 62 60 60 61 64 66 66 66 65 63 61 62 63 63 63 64 66 67 70 72 74 75 76 76 76 76 75 76 75 75 75 73 72 72 71 69 69 70 72 73 74 74 75 74 73 72 70 69 67 66 66 67 67 67 68 70 72 73 71 70
63 65 66 68 69 71 72 72 72 71 71 74 76 76 75 74 72 71 69 67 66 65 63 61 60 58 56 54 53 54 56 58 57 58 60 61 59 57 58 61 64 64 63 63 63 61 61 63 65 65 66 67 70 72 75 77 78 78 78 77 77 77 77 77 76 76 75 72 71 71 71 71 70 70 72 73 74 74 74 73 72 71 71 69 68 67 66 65 65 64 65 67 69 71 71 71
67 68 68 67 67 70 72 72 72 72 72 74 74 73 72 71 69 67 66 65 63 60 58 56 54 53 53 53 54 56 58 60 60 60 60 60 58 57 59 63 64 63 62 63 63 63 64 66 69 70 71 73 76 78 79 80 80 79 79 78 78 78 77 77 76 75 74 71 70 71 71 71 71 70 71 73 73 73 72 71 71 72 72 71 69 67 66 64 64 63 63 64 66 67 69 71
70 70 69 67 66 68 70 71 72 72 72 72 72 70 68 66 65 63 63 61 58 55 53 52 52 52 53 54 57 59 59 61 62 62 61 59 58 58 61 63 63 63 64 65 67 68 71 73 75 76 77 79 81 81 82 82 81 80 79 79 78 78 77 76 75 74 72 71 70 70 71 71 71 70 71 72 71 70 69 69 71 73 74 73 70 67 66 64 64 63 64 66 67 68 69 71
72 71 70 67 66 67 69 70 71 71 70 69 68 66 64 62 61 60 58 56 54 52 52 52 52 53 55 58 60 62 61 60 61 63 62 61 61 62 64 65 66 67 69 72 75 77 78 79 80 81 82 83 84 84 83 82 81 80 79 77 77 76 75 74 74 73 72 71 69 69 70 70 69 69 69 70 69 67 68 70 73 74 74 72 69 67 66 65 63 63 64 66 69 71 73 76
71 71 70 68 66 66 68 69 69 68 67 65 64 62 60 58 57 55 54 53 54 56 57 57 58 58 60 61 63 63 61 59 59 61 64 65 66 67 69 69 70 71 74 78 81 82 83 83 84 84 84 84 85 84 83 80 78 77 76 75 75 75 74 74 73 73 73 71 68 67 69 69 68 68 68 67 66 67 70 72 73 74 73 71 69 66 65 64 63 62 63 66 70 74 77 80
70 69 68 67 66 66 67 67 65 64 62 60 59 57 55 53 52 53 53 54 56 59 61 62 62 63 64 64 64 63 61 59 59 61 65 68 69 71 73 73 73 74 77 81 83 84 84 85 85 85 85 85 85 84 81 77 75 74 73 74 74 74 74 73 73 73 73 70 67 66 67 68 67 67 66 65 66 69 71 73 73 72 72 71 68 66 65 63 63 64 67 70 74 78 81 82
68 67 66 66 65 64 64 62 61 59 57 55 53 52 51 51 51 52 54 56 57 58 60 62 64 65 66 66 66 64 61 59 59 61 65 68 70 72 75 76 76 77 79 82 84 84 84 85 85 85 85 85 84 82 78 75 72 72 73 74 74 74 74 73 72 73 72 69 65 64 66 67 66 64 64 65 67 70 72 71 70 70 72 72 69 68 67 66 67 69 73 76 79 81 82 82
65 64 63 62 61 60 59 57 55 52 51 50 50 50 51 52 54 54 55 58 59 59 60 62 64 65 66 67 66 64 61 60 60 61 65 68 70 73 76 78 79 79 81 83 84 84 85 85 85 86 85 84 82 78 75 73 71 71 72 74 74 74 73 72 71 71 71 68 65 64 66 65 63 62 63 65 68 71 70 69 69 71 73 73 71 70 70 71 72 74 77 79 80 80 80 79
61 60 59 58 56 55 53 51 49 47 47 48 50 51 53 54 55 56 56 58 61 61 61 61 63 64 66 66 65 63 61 61 60 61 65 68 71 74 77 78 79 80 81 83 83 84 84 84 84 84 84 81 78 75 72 71 71 72 73 74 74 73 72 70 69 70 70 67 64 65 65 64 62 61 63 66 68 69 68 68 71 73 74 73 72 71 72 73 74 76 77 77 77 76 76 75
57 56 54 52 50 49 48 47 46 46 47 48 51 54 55 55 56 57 58 60 62 63 63 62 62 63 64 64 64 62 61 61 61 62 66 69 71 73 75 76 77 79 80 81 81 82 83 82 82 82 80 78 75 73 72 70 70 71 73 74 74 72 70 68 67 68 69 67 65 64 64 63 61 61 63 66 68 68 68 70 72 74 74 73 71 71 71 73 74 75 75 74 75 74 74 73
52 50 48 47 46 46 46 46 47 48 49 52 55 58 58 56 56 59 61 62 63 64 63 62 62 61 62 62 63 63 63 63 64 65 67 69 70 71 73 74 75 76 76 77 78 78 79 80 80 79 78 75 73 73 72 71 71 72 74 74 73 71 69 68 66 66 66 66 64 63 63 62 60 61 63 66 68 69 70 72 74 74 73 72 70 68 69 71 73 74 74 75 76 75 75 73
46 45 45 45 46 48 49 51 51 52 53 56 60 61 59 58 59 60 62 63 64 64 63 62 61 61 60 59 60 62 64 65 66 67 68 69 70 71 74 76 77 76 76 77 78 78 77 78 78 77 75 73 72 72 72 73 73 74 75 75 74 72 70 68 65 64 64 64 63 61 61 61 61 61 64 67 69 71 72 73 73 72 72 71 70 68 69 71 74 75 77 78 77 76 75 74
45 45 45 48 51 53 56 57 57 57 58 60 62 62 61 59 60 62 63 63 64 64 63 62 62 63 60 57 56 57 61 65 67 69 69 69 70 73 76 78 79 78 79 80 81 80 80 79 77 75 73 72 72 72 72 73 73 74 75 75 76 74 70 67 64 62 61 61 61 60 60 60 60 62 65 68 70 72 73 73 72 71 71 71 71 71 71 74 76 78 78 78 77 75 75 75
46 46 48 51 54 57 59 60 61 60 61 62 64 63 61 60 60 61 63 63 64 64 64 65 65 64 60 58 56 57 60 65 68 71 72 71 71 74 77 79 79 79 79 81 81 80 79 77 74 73 72 72 71 71 71 72 72 73 74 74 75 73 69 65 63 61 60 60 59 59 59 60 60 63 66 69 71 72 73 72 72 71 71 72 72 72 74 75 77 77 77 76 75 74 73 73
48 48 50 52 56 58 60 61 62 62 62 63 65 64 62 61 59 60 62 63 65 67 67 67 66 63 60 59 60 61 64 68 70 73 75 74 73 75 77 78 78 78 79 78 78 76 73 71 70 70 71 71 71 71 70 70 71 71 71 71 70 69 67 65 63 61 60 59 59 59 60 60 61 64 67 70 72 72 72 72 71 72 72 73 74 74 74 75 75 75 74 73 72 72 71 70
50 51 52 54 57 60 61 62 62 62 62 63 64 65 64 63 60 59 61 64 67 69 69 67 64 61 59 61 64 66 70 72 73 74 75 76 76 77 77 77 77 76 75 74 72 69 67 66 66 69 70 71 71 70 70 70 70 69 69 67 66 65 66 66 65 63 61 60 60 60 60 61 63 66 69 71 72 72 73 73 73 74 75 75 76 76 76 75 75 73 72 70 68 68 68 67
55 55 56 58 61 64 64 63 62 64 64 63 63 65 66 64 61 60 62 64 67 69 68 65 62 59 60 63 66 69 72 74 73 73 73 74 75 75 74 73 72 71 69 67 65 63 62 62 65 68 70 71 70 70 70 69 69 68 68 66 64 64 66 67 66 64 62 61 60 60 60 61 64 67 71 73 74 74 75 75 75 75 76 77 76 76 75 74 73 71 69 66 64 63 64 63
60 60 60 61 64 67 66 63 63 65 67 65 64 65 66 64 61 61 62 64 65 65 64 62 59 59 62 65 67 69 70 70 69 68 69 70 71 70 69 68 67 66 64 61 59 59 60 62 66 69 70 70 70 70 69 68 68 68 67 65 64 64 66 67 67 65 63 61 60 60 61 63 66 70 73 75 75 75 75 74 74 73 74 74 74 73 72 71 71 69 66 63 61 62 63 65
64 64 63 64 67 67 66 63 63 66 68 67 65 65 65 62 61 61 62 63 63 62 61 59 58 61 64 66 66 66 66 65 64 63 65 67 68 68 67 66 63 61 59 58 58 59 62 65 68 70 70 70 70 70 69 68 68 68 67 65 64 64 66 67 66 65 63 61 61 61 62 65 68 72 74 76 75 74 73 72 72 72 72 72 72 72 71 70 69 67 63 62 63 64 67 69
65 66 66 67 68 67 64 63 63 65 66 65 64 63 62 61 61 62 62 62 62 61 59 58 59 62 64 63 61 61 61 60 60 62 65 68 68 68 67 64 61 59 57 57 58 61 64 66 68 69 70 70 70 70 69 68 68 67 67 66 64 63 64 65 65 64 63 62 62 64 65 68 72 75 76 76 74 73 73 74 74 75 75 74 73 72 71 69 67 65 63 64 66 68 71 71
65 66 67 67 66 64 63 62 62 62 61 60 58 57 57 58 59 60 61 61 61 61 60 60 60 62 62 61 59 59 59 59 60 63 67 68 68 67 66 63 60 59 58 57 59 62 64 66 67 68 69 70 69 69 69 68 68 67 67 66 63 62 63 64 65 64 63 63 64 66 68 71 74 75 76 75 74 75 76 77 77 78 77 76 74 71 70 68 66 65 66 68 70 72 72 72
66 65 65 64 62 61 59 58 57 55 54 53 52 51 52 54 57 58 58 59 60 61 61 61 61 61 61 60 60 60 60 61 62 65 69 70 69 67 65 61 59 58 57 57 59 61 63 65 67 69 69 69 69 69 69 68 68 67 67 66 63 62 63 64 65 65 64 64 65 67 70 72 74 74 74 74 75 76 76 77 76 76 74 73 71 69 68 66 67 68 70 71 72 73 72 72
63 61 60 58 57 55 53 51 50 49 49 49 49 49 51 54 57 57 56 55 57 59 61 62 62 62 62 61 60 59 60 62 64 67 70 70 68 65 62 59 57 57 56 57 59 61 63 66 68 69 69 68 69 68 68 68 68 67 67 66 63 62 62 64 65 66 65 66 67 69 71 72 73 73 74 73 74 74 73 72 71 71 70 69 68 67 67 67 69 70 71 71 71 71 70 69
56 55 53 52 51 50 49 49 50 51 51 52 52 53 54 56 58 58 56 54 54 56 59 61 62 63 63 62 62 62 62 64 66 69 71 69 66 63 60 58 56 56 56 57 59 62 65 66 67 68 68 68 68 68 68 68 68 67 67 65 63 62 62 63 65 66 66 66 68 69 71 72 72 72 72 71 70 70 68 68 68 67 67 67 67 67 68 69 69 70 70 69 69 68 68 68
51 49 48 48 47 47 48 50 52 53 53 54 55 56 56 58 59 59 57 55 53 54 55 58 60 62 63 63 63 64 64 65 67 69 69 67 64 62 59 58 57 56 56 58 60 63 66 67 67 68 68 68 68 67 67 68 67 67 66 66 64 62 61 62 64 64 64 65 67 69 70 71 71 70 69 67 66 66 66 66 67 67 68 68 69 69 69 69 69 68 68 68 68 68 69 70
48 48 48 47 47 48 49 50 52 53 53 54 54 56 57 58 59 59 59 57 55 55 55 55 56 58 60 62 63 64 64 65 67 68 67 65 63 60 59 58 58 58 58 60 63 66 67 68 68 68 68 68 67 67 67 67 67 66 66 66 64 60 59 60 62 62 61 62 65 67 68 69 68 67 65 63 64 65 66 67 68 68 69 70 69 69 69 69 69 69 69 70 70 71 72 72
50 49 49 48 48 48 49 50 52 54 56 57 57 58 59 60 60 60 60 59 58 57 57 57 56 56 57 59 61 62 63 64 65 66 65 63 61 60 59 59 60 59 60 62 65 67 67 67 67 67 67 67 66 66 66 66 66 66 67 65 62 59 58 59 60 59 59 60 63 65 66 67 66 64 62 61 63 66 67 68 68 68 69 69 69 69 69 69 70 70 71 72 72 72 71 70
50 50 49 48 48 48 49 50 52 54 57 58 59 60 60 60 59 60 60 60 59 58 57 57 57 58 58 58 59 60 61 63 64 65 64 62 60 59 59 59 60 60 61 62 64 64 65 65 64 64 64 64 64 64 64 65 66 67 66 64 61 58 58 60 61 60 59 60 63 65 65 65 64 62 60 62 64 67 67 68 68 68 68 69 68 69 69 70 70 71 70 70 70 69 68 67
51 51 51 50 50 50 50 51 52 54 55 57 57 58 58 58 58 59 60 61 60 58 55 55 56 58 60 60 60 61 62 63 64 64 63 61 58 57 58 58 58 58 58 60 61 61 61 62 62 62 61 61 62 62 63 64 66 67 66 63 60 57 58 60 62 62 61 62 63 64 64 64 63 62 62 63 65 67 67 68 68 68 68 68 69 68 69 69 69 68 68 67 66 66 65 65
53 53 54 54 54 54 53 54 55 56 57 56 55 55 56 57 58 58 60 61 60 58 57 57 57 59 61 61 62 62 64 65 64 63 62 60 57 56 56 56 56 55 55 57 57 58 59 60 61 59 58 58 60 61 63 64 66 66 66 64 60 57 57 58 60 60 60 61 63 63 63 62 63 62 63 64 65 67 67 67 68 68 68 68 68 68 68 67 67 66 66 66 65 65 66 66
55 56 56 56 56 57 57 57 58 59 59 58 56 56 56 57 58 58 60 62 61 60 60 61 61 61 63 64 64 64 65 64 63 61 61 59 56 55 55 55 55 54 52 53 54 56 58 60 59 57 56 57 60 63 64 66 66 66 66 64 61 59 57 58 58 57 57 58 60 60 61 62 63 64 65 66 67 67 68 68 69 69 69 68 68 67 67 67 67 66 67 66 66 66 66 66
56 56 57 57 57 58 58 59 59 60 60 59 56 55 55 57 58 59 62 65 65 64 63 63 62 63 66 67 66 65 64 62 60 59 59 58 56 55 56 55 54 53 51 51 52 55 58 58 56 55 56 58 61 64 66 66 67 66 66 65 63 62 60 59 58 57 56 56 57 59 61 63 64 66 67 67 69 69 69 70 70 70 69 68 68 68 68 68 68 68 67 67 67 66 66 66
56 56 56 57 58 58 59 59 59 59 57 56 54 53 54 56 59 61 64 67 69 67 65 63 64 66 68 67 64 62 60 60 60 59 58 57 55 55 56 56 54 53 51 50 52 55 57 56 55 55 57 60 63 65 66 66 67 66 66 65 64 63 61 59 57 56 57 58 58 60 62 64 66 67 68 69 70 70 71 71 71 71 70 69 69 69 69 70 70 69 68 68 68 67 66 66
55 56 56 56 57 58 58 58 58 57 56 56 55 55 56 59 61 64 67 70 69 66 63 63 65 67 67 64 61 60 59 59 59 59 58 57 55 55 56 56 55 53 51 50 51 53 55 55 55 57 60 63 65 66 67 67 67 66 66 66 65 64 62 60 57 56 58 59 60 61 64 66 67 68 69 70 71 71 71 72 71 71 70 70 70 70 70 71 70 71 70 70 69 68 67 66
54 54 55 56 57 58 58 57 57 57 57 58 58 58 60 63 66 68 70 70 67 64 63 64 65 65 62 60 59 59 58 57 55 55 55 55 55 54 55 55 55 54 52 50 50 52 54 55 57 60 63 65 67 68 68 67 67 67 66 66 66 65 64 61 59 58 58 58 59 61 64 66 67 68 69 70 70 71 70 70 71 70 70 69 70 70 70 71 71 71 71 70 68 67 66 65
52 52 53 54 55 56 57 57 57 57 58 58 59 60 62 66 69 70 68 66 64 62 61 61 60 57 56 55 56 55 54 53 51 51 53 55 55 55 55 55 55 54 54 53 52 54 57 59 62 64 67 69 70 71 70 69 68 68 68 67 66 66 64 62 60 59 58 57 58 60 63 66 67 68 68 69 69 69 69 69 68 68 67 68 69 69 70 70 70 69 69 68 68 67 67 67
48 49 51 53 54 55 55 55 56 57 57 58 59 61 64 67 68 66 63 60 58 57 56 54 52 51 50 51 52 52 51 51 51 50 51 54 56 57 57 57 56 56 57 57 57 59 62 65 68 69 71 72 73 72 71 69 69 70 69 67 66 65 64 62 60 58 57 56 58 61 64 65 66 66 66 66 66 66 66 65 65 65 67 69 70 71 71 71 70 69 69 69 68 68 68 68
44 44 46 50 53 55 55 55 55 55 56 57 59 60 63 65 64 60 56 54 52 51 50 49 48 48 48 50 51 52 51 51 52 52 52 53 55 57 58 58 58 58 59 60 61 63 66 69 71 73 74 74 74 73 71 70 71 71 69 66 65 64 63 62 60 58 57 58 60 63 65 66 66 65 65 65 65 65 65 65 66 67 69 70 71 71 72 71 71 71 70 70 70 70 69 69
43 43 44 47 52 54 55 55 55 55 55 56 57 59 61 61 58 56 55 53 53 51 50 49 50 51 51 52 53 53 53 53 53 53 54 55 56 58 59 59 59 59 60 60 62 64 68 71 73 74 76 76 76 75 74 73 73 71 68 65 64 64 63 62 61 59 60 62 65 66 68 68 67 66 66 66 66 66 66 67 68 69 69 70 70 71 72 73 72 73 73 73 73 72 71 71
44 43 44 46 51 54 54 55 56 56 56 55 55 56 56 56 54 55 56 57 56 55 54 53 53 55 56 57 57 58 58 57 56 56 58 59 59 60 60 60 59 59 60 61 62 65 68 71 73 75 76 77 77 76 76 75 74 70 66 64 63 62 62 63 62 62 63 66 68 69 68 68 67 67 67 67 67 67 67 67 67 68 68 69 69 71 73 74 75 75 75 75 75 74 73 74
