data_analyses/maxent/chelseacur_asc/bio_1.asc
ncols         195
nrows         278
xllcorner     -122.86680578405
yllcorner     43.49152724385
cellsize      0.0083333333
NODATA_value  -9999
[rows 0 to 50 of 278, columns 0 to 95 of 195]
122 123 123 123 123 123 123 123 123 123 123 123 123 123 123 121 119 120 120 120 119 119 119 119 119 119 119 119 120 120 120 120 120 120 121 121 121 121 118 118 117 117 116 114 113 115 115 114 115 115 113 110 107 100 93 91 94 98 101 108 110 109 105 101 98 99 100 102 103 103 101 99 97 99 99 96 89 82 74 70 77 78 72 64 68 77 87 84 85 78 69 62 67 72 72 71
123 123 123 123 123 123 123 123 123 123 123 123 123 124 123 121 120 119 119 120 120 120 119 119 119 119 119 119 120 120 120 120 120 119 119 119 119 119 119 118 118 118 118 117 116 115 114 113 112 115 114 112 110 105 102 98 97 99 104 105 106 109 108 105 102 98 96 95 96 99 101 98 98 95 94 98 92 81 76 71 71 72 68 60 70 78 78 75 79 70 64 63 66 74 78 76
123 123 123 123 123 123 123 123 123 123 123 123 123 123 123 121 120 119 119 119 119 119 119 119 119 119 119 119 119 120 120 120 120 119 119 119 119 119 119 119 119 117 116 116 115 115 114 114 113 114 116 114 112 110 106 100 97 98 100 99 99 107 108 107 106 102 98 93 89 94 98 95 95 91 85 85 94 93 91 85 79 73 72 64 65 70 82 81 77 84 78 78 72 71 76 79
122 123 123 123 123 123 123 123 123 123 123 123 123 123 123 121 119 120 120 119 118 118 118 119 119 119 119 119 119 119 120 120 120 119 119 119 119 119 119 119 119 118 117 118 117 115 115 114 114 114 117 116 114 112 108 103 98 96 95 93 98 106 108 107 106 101 98 93 87 88 93 90 89 89 78 78 87 79 88 89 82 83 79 68 71 78 84 87 82 90 88 84 82 80 76 78
123 123 123 123 123 123 123 123 123 123 123 123 123 123 123 120 120 120 120 120 118 117 118 119 119 119 119 119 119 119 120 120 120 119 118 119 119 119 119 119 119 119 119 119 119 116 117 116 117 117 115 116 116 114 111 107 102 96 91 93 97 103 106 106 106 104 101 96 87 82 84 85 80 81 71 76 82 67 80 90 89 80 70 64 73 82 87 91 91 92 84 83 89 91 88 84
123 123 123 123 123 123 123 123 123 123 123 123 124 123 123 122 120 120 120 120 120 119 119 119 119 119 119 119 119 120 121 121 120 120 119 119 119 119 119 119 119 119 120 120 119 119 118 117 116 115 113 113 116 116 112 108 104 98 93 89 93 99 103 104 103 104 102 99 95 92 90 89 82 72 62 72 77 62 75 87 87 79 68 66 70 75 80 85 94 94 93 95 93 90 86 80
123 123 123 123 123 123 123 123 123 123 123 123 124 124 123 122 122 121 121 121 120 119 118 118 119 119 119 119 119 120 121 120 120 120 119 119 119 119 119 119 119 119 119 119 120 118 116 115 115 115 114 112 111 114 113 109 105 100 95 90 90 94 99 103 102 99 101 97 94 91 88 85 80 71 60 63 67 69 77 73 78 74 74 78 81 77 83 88 92 98 97 95 94 90 86 86
123 123 123 123 123 123 123 124 124 124 123 123 124 124 124 122 121 121 121 121 120 119 119 119 119 119 119 120 120 120 120 121 120 120 119 119 119 119 120 119 119 119 119 119 120 119 117 116 116 115 113 112 109 108 108 108 105 98 92 88 93 99 102 103 98 97 93 97 95 89 80 75 69 63 58 55 69 71 73 63 69 67 79 87 92 88 87 93 97 99 97 97 95 93 91 86
123 123 123 123 123 124 124 124 124 124 123 123 124 124 124 123 122 121 121 121 121 120 121 120 120 120 118 119 120 120 121 121 120 120 120 120 120 120 119 119 119 119 119 119 120 119 116 116 115 115 114 111 107 104 102 100 98 94 91 88 91 97 102 99 92 92 91 87 93 94 90 85 80 71 64 60 71 83 86 72 72 65 76 85 89 92 96 98 99 98 95 92 85 81 83 83
123 123 123 123 124 123 124 124 124 124 124 123 124 124 124 124 122 123 122 121 121 121 121 121 121 120 119 119 121 121 120 121 121 120 120 119 119 119 119 119 119 119 119 119 119 119 117 116 115 115 113 109 107 104 102 102 101 99 98 95 91 96 100 99 93 84 85 82 79 85 89 81 74 71 77 72 80 90 83 80 81 73 84 77 86 92 94 101 103 99 100 98 95 88 87 90
123 123 124 124 124 123 124 124 124 124 123 123 124 124 124 124 122 121 121 123 123 121 121 121 121 121 120 121 120 120 120 120 121 121 120 119 119 119 119 119 119 119 119 119 120 119 116 116 116 116 113 110 109 105 106 108 105 104 103 98 94 92 97 97 92 82 75 71 68 71 79 83 83 86 85 83 88 93 86 87 76 72 74 74 76 82 91 98 104 106 103 100 94 92 96 93
123 123 124 124 124 123 123 124 124 124 124 124 124 124 124 124 124 121 120 120 121 122 123 122 121 121 121 122 121 120 120 120 121 121 120 120 119 119 119 119 119 119 119 120 120 119 117 117 116 116 114 114 112 108 109 112 111 108 104 99 93 89 89 91 88 88 86 77 70 73 81 88 93 95 92 89 95 94 92 82 75 83 81 83 87 84 86 96 102 107 100 93 94 98 94 89
123 123 124 124 124 124 124 124 124 124 124 124 124 124 124 124 124 124 121 120 120 120 121 121 122 122 121 121 120 120 120 120 120 121 121 120 120 119 119 119 119 120 120 120 120 120 119 118 117 116 116 117 115 110 109 114 113 109 104 99 96 94 92 93 96 100 96 88 81 78 76 83 92 98 97 96 99 95 86 81 85 90 88 88 89 96 89 90 100 105 100 102 99 90 82 75
124 123 123 124 124 124 124 124 124 124 124 124 124 124 124 124 124 124 123 121 120 120 121 121 121 121 120 120 119 120 120 120 120 121 121 121 120 120 120 120 119 119 120 120 120 120 120 119 118 117 117 116 114 115 117 117 114 110 103 99 96 95 96 98 102 105 102 96 94 92 84 81 90 99 100 101 100 95 93 86 88 90 91 96 98 98 100 96 100 107 105 100 96 95 88 74
123 123 123 123 124 124 124 124 124 124 124 124 124 124 124 124 124 124 124 123 121 120 120 121 120 120 120 119 119 119 120 120 120 120 121 121 120 120 120 120 120 120 120 120 120 120 120 120 119 119 119 117 116 118 116 111 108 107 103 99 95 98 102 104 106 107 104 103 102 98 88 83 89 96 103 103 98 97 99 94 94 96 89 91 98 105 102 102 108 105 98 96 92 84 76 74
123 123 124 124 124 124 124 124 124 124 124 124 124 124 124 124 124 124 124 124 124 122 121 121 121 120 120 119 119 119 119 120 120 120 121 121 121 120 120 120 120 120 120 120 120 120 120 120 120 119 119 117 117 117 111 103 101 100 97 94 96 101 107 108 111 109 107 108 105 101 95 89 95 102 105 104 104 103 105 103 98 100 99 99 99 106 103 108 106 97 96 93 83 78 73 73
123 123 123 124 123 124 124 124 124 124 124 124 124 124 124 124 124 124 124 124 124 122 122 121 120 119 119 120 120 119 119 119 119 120 120 120 121 121 121 121 121 121 121 121 121 121 120 120 119 119 119 119 118 115 111 108 106 102 101 101 102 105 110 112 113 111 110 109 107 105 99 94 97 103 106 105 106 108 107 104 101 99 103 102 107 111 109 105 99 95 88 82 79 83 79 80
123 123 123 123 123 123 124 124 124 124 124 124 124 124 124 124 124 124 124 124 124 122 121 122 121 120 120 120 119 119 119 119 120 120 120 120 121 121 121 121 121 121 121 121 121 121 121 120 119 119 119 118 118 118 116 114 111 107 108 107 108 110 113 113 110 109 110 108 103 101 101 103 103 104 105 108 108 110 107 105 101 99 103 111 110 103 101 97 91 86 84 82 83 86 88 91
120 122 123 123 123 123 124 124 124 124 124 124 124 124 124 124 124 124 124 124 124 122 120 121 122 122 121 120 120 119 120 120 120 120 121 121 121 121 121 120 120 120 120 121 121 121 121 121 118 115 116 115 116 118 118 116 114 113 113 113 113 115 116 115 109 107 105 101 102 103 107 107 106 105 105 105 109 110 110 106 102 97 102 112 108 102 99 94 88 82 86 87 87 89 92 96
118 119 120 123 123 124 124 124 124 124 124 124 123 124 124 124 124 124 124 124 124 123 122 121 121 121 121 121 121 121 121 121 121 121 121 121 121 121 120 121 120 120 120 120 120 120 121 121 121 121 119 118 117 117 118 117 115 113 114 117 118 117 115 112 112 109 104 102 108 108 110 107 106 105 105 104 105 109 112 108 103 97 101 109 110 103 99 91 88 89 89 89 95 97 100 103
119 115 117 118 123 124 124 124 124 124 124 124 124 124 124 124 124 124 124 124 124 123 123 122 121 121 121 121 121 121 121 121 121 121 121 121 120 120 120 120 120 120 120 120 120 120 120 121 121 121 121 120 119 118 117 117 116 115 117 118 116 113 112 111 109 109 106 108 113 114 112 110 109 109 106 105 105 110 113 107 104 102 103 110 112 105 99 88 88 91 89 96 102 106 107 108
119 114 112 113 116 122 124 124 124 124 124 124 124 124 124 123 124 124 124 124 124 124 123 123 123 122 122 121 120 120 120 119 119 119 119 119 119 119 119 119 119 119 119 120 120 120 120 120 121 121 121 121 120 119 118 118 118 118 121 119 117 117 117 116 117 117 118 116 117 117 118 118 117 115 113 107 107 111 113 109 107 106 111 114 113 105 100 94 90 88 93 97 106 110 112 114
117 113 109 108 110 115 121 124 124 124 124 124 124 124 124 124 124 124 124 124 124 124 124 124 124 124 124 124 123 121 120 119 119 119 119 119 119 119 119 119 119 119 120 120 120 120 120 120 121 119 119 121 121 120 120 119 118 118 119 122 121 119 120 120 117 115 114 119 118 116 117 120 119 119 117 114 113 116 115 112 115 115 115 109 104 100 97 94 92 96 105 95 105 114 117 119
113 115 112 109 109 113 116 117 123 124 124 124 123 123 124 124 124 124 124 124 124 124 124 124 124 124 124 124 124 124 124 123 122 121 121 120 120 120 120 120 120 120 120 120 120 120 120 120 121 120 120 119 119 121 121 119 118 118 118 118 120 122 122 119 116 115 114 113 109 108 109 110 112 116 119 119 118 118 117 115 113 113 110 105 104 101 96 97 107 110 113 109 113 118 120 122
115 112 111 110 108 111 110 111 115 123 124 123 123 122 123 124 124 124 124 124 124 124 124 124 124 124 124 124 124 125 125 125 125 124 124 124 123 122 122 121 121 120 120 120 120 120 120 120 120 120 119 117 114 116 121 121 118 119 117 117 117 118 121 121 118 116 115 113 112 111 109 108 108 109 114 115 117 115 113 111 110 111 109 108 106 99 102 109 114 118 121 121 123 125 126 126
117 115 113 114 110 107 106 109 112 118 124 124 122 122 122 123 123 123 124 124 124 124 124 124 124 124 124 124 124 125 124 125 124 125 125 125 125 125 125 124 124 123 122 121 121 121 120 119 118 117 116 113 113 115 119 121 121 121 118 118 118 117 120 121 119 118 116 115 115 113 112 111 111 110 109 108 109 111 114 112 111 112 113 111 114 113 118 121 124 125 126 127 127 127 127 127
119 118 117 117 115 111 108 107 109 112 117 123 124 122 122 122 122 122 123 123 123 124 124 124 124 124 124 124 124 125 125 124 125 124 125 125 124 125 124 125 125 125 125 124 124 123 122 121 118 117 115 114 117 120 122 123 124 124 124 124 124 124 124 124 123 122 121 119 118 116 114 113 113 113 111 110 111 110 110 108 106 114 118 120 123 125 126 126 126 127 127 127 126 123 117 117
120 120 120 119 118 118 114 109 106 108 109 113 121 124 124 123 122 122 122 122 122 122 123 123 123 124 124 124 124 124 125 124 125 125 125 125 125 125 125 124 124 124 125 125 125 125 125 125 125 123 121 122 123 124 125 125 125 125 125 125 125 125 125 125 124 124 124 122 119 118 117 116 116 115 116 115 112 111 107 106 111 122 125 126 126 126 126 126 126 124 121 116 106 97 98 109
120 119 119 118 117 117 116 111 107 106 108 111 115 122 124 124 123 123 124 123 121 121 121 122 122 122 122 123 123 123 124 124 124 124 125 125 125 125 125 125 125 125 125 125 125 125 125 125 125 125 125 125 125 125 125 125 126 126 126 126 126 126 126 125 126 126 125 125 123 120 118 117 119 117 114 112 112 113 112 113 121 126 126 126 126 122 114 106 105 104 96 98 96 95 89 97
120 120 120 119 118 117 116 115 110 105 105 108 112 116 121 124 124 124 124 124 122 121 121 121 121 121 121 121 122 122 122 122 123 123 123 124 124 124 125 125 125 125 125 125 125 125 125 125 125 125 125 125 125 125 125 125 125 125 125 125 126 126 126 126 126 126 126 126 126 126 125 123 122 119 118 117 118 120 123 126 126 126 126 124 117 107 96 90 87 89 87 86 87 84 86 81
120 120 120 119 119 119 119 117 114 110 106 106 108 112 110 117 123 124 124 124 124 122 121 121 121 121 121 120 120 121 121 121 121 122 122 121 122 123 123 124 124 125 125 125 125 125 125 125 125 125 125 125 125 125 125 125 125 125 125 125 125 126 126 126 126 126 126 126 126 126 126 126 126 126 126 126 126 126 126 126 126 125 120 108 100 97 92 89 88 87 85 82 78 77 78 78
120 120 120 120 120 119 119 117 115 113 113 109 106 108 108 111 116 123 124 124 124 124 123 122 121 122 122 122 121 121 120 120 120 121 121 120 119 121 121 121 122 122 123 123 123 124 124 124 124 124 125 125 125 125 125 125 125 125 125 125 125 125 125 126 126 126 126 126 126 126 126 126 126 126 126 126 126 126 126 125 119 114 108 106 99 96 94 93 89 84 80 75 69 71 75 76
120 120 120 120 120 120 118 116 115 115 115 113 109 106 110 110 112 118 123 123 124 124 124 123 122 122 122 122 122 122 121 121 121 121 121 121 121 120 120 120 120 121 121 122 122 122 122 122 123 123 123 123 123 124 124 123 123 123 124 120 117 117 117 117 121 122 122 121 119 119 118 117 117 121 115 118 121 119 114 111 106 104 100 99 97 95 92 89 88 83 77 70 63 69 69 70
120 120 120 120 120 120 119 118 118 117 116 113 111 106 108 112 113 113 115 120 123 124 124 124 123 122 122 122 122 122 121 121 121 120 121 121 120 120 120 120 120 120 119 120 120 121 121 122 122 122 122 122 122 121 120 120 121 122 123 123 118 116 114 114 116 116 115 115 115 115 114 113 112 111 109 110 109 110 106 105 104 101 96 93 95 94 90 88 87 83 77 70 63 60 64 67
121 121 121 121 120 120 120 120 120 118 116 115 111 109 107 108 108 110 113 117 121 123 123 124 124 123 123 122 122 122 121 121 119 120 120 120 120 120 120 120 120 120 120 120 121 121 121 121 121 121 121 120 120 120 120 120 120 122 122 124 120 120 120 121 120 118 117 116 114 116 116 116 114 112 109 105 106 107 106 105 103 101 98 95 94 93 90 89 86 84 80 76 72 69 71 74
121 121 120 120 121 121 121 120 119 118 117 116 113 110 110 109 109 110 112 115 117 121 122 124 124 124 123 122 122 122 122 120 117 119 120 121 121 120 120 120 120 120 121 121 121 121 121 121 122 121 120 120 120 120 120 120 120 121 121 123 123 122 122 124 121 119 118 117 115 116 116 114 113 112 112 110 109 106 104 103 102 100 99 97 96 94 91 91 88 85 82 80 78 77 77 81
121 121 121 121 121 121 121 120 120 119 117 117 115 114 114 113 110 110 111 111 114 117 122 124 124 124 124 123 122 122 122 121 121 121 121 121 120 120 120 120 121 121 121 121 121 121 121 120 120 120 119 120 120 120 120 120 119 120 120 120 120 120 119 123 123 121 121 123 120 119 117 115 113 110 109 109 107 106 105 103 103 102 100 98 97 96 94 92 88 86 84 83 82 83 86 91
121 121 121 121 121 121 121 121 121 120 119 119 119 118 118 118 117 116 113 109 110 115 120 124 124 124 124 123 123 122 121 121 121 121 121 121 120 120 121 121 121 121 121 120 121 121 121 120 120 120 120 120 120 120 119 119 119 118 119 119 119 119 117 116 118 120 121 123 123 122 123 117 115 113 113 113 113 111 108 106 104 101 98 97 96 94 92 90 88 89 88 88 89 95 99 100
120 121 121 121 121 121 121 121 121 121 121 120 120 119 120 119 119 118 117 115 110 114 121 124 125 124 124 124 123 122 121 121 121 121 121 121 121 121 122 122 122 121 117 116 117 121 119 120 121 120 119 113 117 120 119 119 119 118 118 118 117 117 117 116 116 115 116 119 120 122 120 116 115 114 112 111 110 108 107 105 102 100 97 95 94 93 92 87 83 85 88 93 99 103 106 106
121 120 120 120 121 121 121 121 121 121 121 120 120 120 120 119 119 117 116 116 115 115 120 125 125 124 124 124 123 121 121 121 121 121 121 122 122 122 122 121 121 121 120 119 120 119 117 117 119 118 116 113 115 118 119 119 118 118 118 118 117 117 116 116 116 116 115 115 121 122 116 113 112 112 111 110 109 108 107 105 102 99 96 93 91 91 90 87 84 89 96 103 107 108 106 105
120 120 118 119 120 120 120 120 121 121 121 121 120 120 120 119 118 118 116 116 117 117 119 124 124 124 124 124 123 122 121 121 121 121 121 122 122 120 119 119 120 118 117 117 120 119 119 119 118 117 113 112 113 115 117 118 119 118 118 118 117 117 116 116 116 116 115 114 118 123 119 115 112 111 111 110 109 108 106 104 102 99 96 92 90 90 91 88 89 97 105 109 107 105 102 98
116 118 119 120 119 118 119 120 121 121 120 120 120 120 119 118 117 116 117 117 117 117 118 121 124 123 124 124 123 123 123 121 121 122 122 121 119 116 114 113 115 113 113 117 118 120 120 119 116 113 112 112 111 112 116 118 118 119 118 118 117 117 117 117 116 116 115 115 114 117 119 121 120 115 112 110 108 107 106 104 102 100 97 95 92 92 93 94 96 107 109 107 104 100 96 92
112 113 116 119 119 119 120 121 122 121 120 121 121 120 118 116 114 114 116 117 118 119 117 118 123 124 124 124 123 122 123 123 122 122 122 120 115 110 109 112 115 116 116 114 115 118 119 118 114 110 113 112 114 115 117 116 111 114 117 116 114 116 117 116 116 116 115 115 114 114 115 117 120 121 120 114 111 109 108 106 104 101 100 98 97 103 106 108 109 110 108 105 99 95 91 89
112 112 115 118 120 120 121 121 121 122 121 121 121 120 119 117 114 113 116 117 118 120 120 117 118 123 125 124 124 123 122 122 122 122 122 121 117 113 110 114 117 117 114 112 114 118 120 118 115 115 113 115 116 117 118 116 112 116 117 117 116 116 117 116 116 116 115 115 114 114 114 114 116 120 121 116 110 108 108 106 105 104 104 107 110 112 110 109 108 108 106 104 99 98 95 93
116 114 115 118 120 121 121 121 121 122 122 121 121 121 119 116 113 111 113 115 116 118 121 120 118 121 125 124 124 124 123 123 123 123 123 122 120 118 118 118 116 113 113 115 118 120 120 118 117 117 116 116 116 116 116 115 111 112 117 117 117 117 117 117 116 116 115 115 114 114 113 113 117 121 118 118 114 109 107 108 108 110 113 110 107 105 102 101 99 98 96 95 94 91 88 86
119 118 119 119 120 119 120 121 121 121 122 122 122 121 120 119 118 115 114 117 117 118 120 121 121 124 123 122 122 124 124 124 124 124 124 123 122 118 119 119 119 118 116 117 120 120 118 117 116 114 114 113 114 116 116 115 113 114 117 118 117 117 117 117 116 116 115 115 114 113 113 114 120 119 116 117 117 113 112 115 114 112 106 102 101 101 101 100 97 94 93 92 92 91 90 87
120 120 119 117 115 114 117 119 120 120 120 121 122 122 122 121 120 119 119 118 118 120 121 122 124 125 122 122 121 121 121 123 124 123 124 124 123 119 119 120 120 121 120 120 120 119 118 116 116 115 115 114 115 115 116 116 117 116 116 117 117 117 117 117 116 115 115 114 114 113 112 113 120 117 115 115 113 115 114 112 111 110 108 105 103 104 106 105 104 102 99 97 95 93 93 90
121 120 119 116 115 114 115 117 119 119 119 121 122 122 122 121 121 121 121 122 122 122 122 123 123 125 124 123 122 120 120 121 123 123 123 123 124 124 122 122 122 122 122 122 120 119 118 117 118 118 117 117 115 115 116 117 118 116 116 116 116 116 116 115 115 114 115 115 114 113 113 116 119 118 118 118 115 112 108 107 106 106 107 108 108 107 105 104 107 105 100 97 96 97 97 94
122 121 120 119 119 119 120 121 122 122 121 122 122 122 122 121 122 122 123 121 119 118 118 118 120 123 124 124 124 123 121 120 121 123 123 123 124 124 124 124 124 124 124 123 121 119 119 120 119 117 116 115 114 116 118 119 117 116 116 116 118 117 116 116 116 116 115 114 114 113 112 114 115 115 116 116 117 116 113 109 107 111 111 109 106 105 105 106 105 106 104 97 94 93 96 93
122 122 122 122 122 122 122 122 122 122 123 123 122 122 122 122 122 123 121 117 116 117 117 115 114 120 123 124 125 124 124 123 121 121 122 124 124 123 123 124 124 123 122 123 122 122 123 123 122 117 115 116 119 121 121 120 119 119 119 119 116 115 113 113 114 114 114 114 113 113 112 111 110 110 112 113 114 113 113 114 114 112 110 110 112 112 112 111 113 110 106 105 100 97 99 100
122 122 123 123 123 122 122 122 122 122 123 123 123 122 122 122 122 123 121 119 119 118 118 116 114 115 120 123 124 124 124 124 124 123 124 124 121 121 121 121 119 116 116 118 123 123 123 124 124 121 120 123 124 123 123 122 122 122 120 118 118 117 114 113 113 114 113 112 112 111 111 110 110 109 108 107 109 111 110 108 107 107 107 109 109 107 106 107 113 111 109 110 109 109 110 110
