data_analyses/maxent/chelseacur_asc/bio_8.asc
ncols         195
nrows         278
xllcorner     -122.86680578405
yllcorner     43.49152724385
cellsize      0.0083333333
NODATA_value  -9999
[rows 0 to 54 of 278, columns 96 to 191 of 195]
12 16 20 0 1 4 11 13 12 9 9 16 16 17 25 28 30 31 31 28 21 13 20 31 29 38 26 23 12 10 5 21 30 23 15 15 18 1 -4 -4 -2 1 5 12 13 14 13 11 12 15 21 20 10 2 9 6 4 9 12 15 14 13 18 28 27 29 33 35 36 36 34 44 39 33 25 25 9 8 10 10 9 7 5 3 3 4 6 4 -1 -3 0 3 3 3 3 3
7 9 9 -1 -3 0 4 4 0 2 4 9 9 12 19 24 30 30 31 32 29 23 24 30 31 21 18 23 20 13 9 28 36 28 22 25 26 20 5 3 8 6 2 7 12 13 16 17 18 20 20 22 16 23 23 5 2 3 9 17 21 24 22 24 32 32 36 37 36 37 36 32 30 37 26 8 7 9 11 12 10 8 6 6 8 10 5 1 -1 -1 1 6 5 5 4 4
13 13 1 2 2 8 6 7 5 10 4 2 12 19 24 23 25 26 30 30 30 32 33 34 33 27 29 24 17 14 33 38 38 30 31 31 29 23 6 17 20 21 22 12 14 14 14 13 16 18 20 22 21 30 22 6 7 9 10 12 16 23 29 31 32 36 37 36 45 31 29 24 26 38 26 7 9 11 12 11 11 9 7 13 12 5 3 2 2 3 4 8 8 6 6 6
24 14 8 13 9 13 15 12 6 12 14 12 8 11 12 10 12 17 24 24 22 25 24 31 34 35 25 25 24 25 42 38 30 31 31 25 22 21 19 22 26 25 20 8 10 7 5 10 16 19 20 22 24 33 28 19 8 11 14 18 21 26 32 35 37 38 48 41 34 20 18 29 33 33 26 10 11 11 11 15 9 9 9 17 9 5 4 3 3 4 4 7 9 9 8 8
19 14 20 20 20 21 16 15 15 11 19 22 10 9 8 6 3 4 10 10 14 23 28 32 36 35 34 35 29 46 41 33 20 16 17 17 15 25 31 31 27 23 21 9 10 11 13 15 18 19 20 23 37 36 32 24 20 12 15 19 22 26 33 38 37 44 36 33 15 17 20 31 28 30 26 11 11 12 13 19 18 10 16 19 9 6 5 5 5 6 6 7 10 12 11 12
20 10 17 23 25 26 24 22 17 19 15 25 23 20 16 14 11 9 8 9 7 11 21 31 37 38 36 37 38 33 37 22 22 24 22 21 30 32 35 28 23 15 1 6 9 14 19 22 25 25 25 27 39 37 33 24 20 9 11 15 20 23 26 36 37 30 32 14 15 19 23 34 28 27 24 11 11 12 12 13 17 22 25 18 8 7 7 8 9 10 10 11 11 14 15 15
21 10 14 21 23 26 28 29 27 27 21 26 26 22 22 19 20 18 18 17 13 7 10 19 27 33 37 38 38 38 45 31 32 25 22 37 40 38 31 25 21 14 -8 -6 2 12 17 20 24 28 29 30 39 38 32 23 9 5 3 12 20 24 25 30 38 38 29 18 19 22 26 37 30 26 11 11 11 12 11 10 10 12 25 24 19 11 11 13 14 15 15 16 15 17 19 21
24 13 8 13 17 19 16 19 24 29 31 32 26 29 25 23 27 27 25 17 11 9 10 12 15 19 27 36 38 38 50 44 31 33 44 45 40 31 11 11 10 2 -2 1 -2 2 13 21 25 28 30 32 28 36 26 14 13 9 4 15 22 26 30 34 36 39 32 27 27 27 29 39 32 11 9 10 12 12 11 13 12 11 16 28 27 19 18 19 20 21 20 20 20 21 20 20
21 7 -1 2 2 7 6 12 19 21 25 31 34 33 30 24 29 31 24 34 19 17 16 15 14 17 23 28 36 39 39 39 30 32 49 46 41 24 18 22 20 16 7 6 9 0 3 14 17 18 22 32 29 23 16 19 19 16 13 17 23 29 33 35 37 39 34 32 30 31 32 26 15 11 9 9 10 10 9 9 13 17 15 21 31 27 24 26 26 25 25 25 24 24 24 27
25 5 -5 -1 4 2 2 6 10 9 16 23 29 34 36 33 28 35 42 39 37 26 25 24 23 23 24 29 32 39 39 40 42 41 38 35 32 30 29 30 39 36 27 14 16 15 8 3 9 20 23 33 35 27 23 25 23 23 22 26 32 38 40 41 42 42 39 36 34 34 34 31 23 20 10 9 9 9 11 11 13 18 23 23 28 34 32 31 29 29 27 27 28 28 28 29
11 0 -2 1 7 11 2 -5 -4 3 10 13 20 23 25 32 37 38 30 39 31 32 43 32 41 31 32 31 37 41 41 41 43 44 40 38 35 31 32 34 33 42 19 6 6 19 23 16 15 28 39 39 34 31 36 41 40 39 40 43 44 44 44 44 44 44 44 44 43 43 41 39 34 20 12 10 12 12 14 17 19 21 26 31 33 36 35 34 34 32 29 30 31 31 28 33
10 2 5 9 13 16 7 -3 -2 5 8 4 4 15 20 26 33 40 37 45 47 48 46 47 34 34 38 41 45 46 47 46 46 46 45 42 38 27 36 37 38 37 23 14 10 21 35 37 37 41 44 45 44 43 45 45 45 44 44 44 43 42 41 41 42 43 43 43 43 44 44 43 42 37 30 22 20 22 25 24 27 32 38 37 38 39 40 38 36 35 33 32 33 31 30 37
-2 3 8 12 15 20 20 7 -1 4 10 13 14 23 37 31 35 39 42 42 52 52 52 41 43 45 47 47 47 47 47 47 47 47 46 46 44 39 41 41 42 41 32 30 37 43 45 45 45 45 45 45 45 43 41 42 41 36 36 37 37 37 37 38 38 38 40 41 37 49 42 43 43 43 43 40 34 29 33 36 35 40 43 43 42 43 43 42 42 41 41 39 36 38 38 32
-2 -1 2 6 12 19 25 18 14 5 5 14 19 35 39 44 38 40 42 44 45 45 46 47 47 47 47 47 45 43 42 43 44 46 46 46 46 46 46 46 46 46 45 46 46 45 43 43 40 35 32 36 34 32 27 30 27 29 33 34 35 35 36 36 37 37 39 50 45 40 40 33 37 41 42 43 43 43 43 43 43 43 42 41 40 39 39 40 41 42 41 42 42 41 36 27
-2 -1 0 2 7 13 22 29 26 11 5 21 28 40 43 47 39 41 43 45 48 48 48 48 47 47 47 44 40 32 27 28 32 36 40 41 40 37 34 27 36 40 41 43 40 35 20 23 29 21 16 25 19 22 22 24 25 28 32 34 34 35 36 36 36 37 39 49 45 39 33 34 20 27 31 36 40 41 41 43 43 40 38 37 35 32 33 33 34 33 35 36 41 42 42 38
3 4 5 6 10 10 22 29 32 22 18 25 35 47 49 40 41 42 45 47 48 48 47 46 46 46 42 37 32 22 20 14 17 7 16 25 22 10 14 19 23 28 17 25 26 22 9 10 18 21 14 17 12 15 21 24 26 30 31 33 34 35 35 36 36 37 40 48 47 42 35 31 28 21 25 27 30 34 38 39 37 39 38 36 34 33 32 32 31 31 32 31 37 41 42 42
12 14 12 11 7 15 16 26 37 26 28 32 36 40 41 41 43 44 47 48 48 46 45 42 38 36 34 22 21 29 28 19 7 8 9 12 6 -4 -5 8 18 14 6 14 11 9 2 0 9 15 9 10 11 14 21 24 26 29 31 32 33 34 35 35 36 39 37 47 46 42 30 25 29 21 26 28 32 34 35 33 31 36 38 37 35 33 30 28 28 29 26 22 26 25 29 35
19 20 22 18 10 19 17 26 40 31 34 37 39 47 46 44 44 44 44 47 46 41 37 35 30 17 7 3 13 26 28 15 5 -3 5 3 -9 -15 -6 5 2 -7 -9 -3 -7 -9 -7 -9 0 3 4 8 11 15 21 22 26 29 30 31 32 34 36 38 38 37 35 35 45 42 33 25 28 17 25 31 30 28 29 27 28 34 37 34 35 31 27 25 25 26 20 15 15 14 12 14
28 29 28 27 19 19 21 20 34 42 38 43 47 48 48 47 45 46 46 45 39 32 24 19 17 8 -7 -6 8 23 22 25 13 -1 -5 -1 -19 -17 -9 -13 -17 -24 -22 -18 -16 -11 -8 -6 -3 1 6 8 10 15 21 24 27 29 31 34 36 37 37 36 35 36 35 35 44 42 34 24 26 21 27 27 27 27 24 24 27 29 34 33 33 30 25 22 23 24 22 19 16 14 13 12
33 35 34 33 28 26 29 31 38 46 48 49 49 49 49 48 48 45 40 35 22 10 8 6 12 -8 -14 -7 8 19 13 15 19 7 -6 -24 -23 -17 -16 -20 -25 -28 -22 -18 -15 -10 -8 -6 -1 2 6 9 14 18 23 27 30 34 34 34 34 34 35 33 33 35 36 35 44 42 33 24 24 19 24 23 21 20 21 27 32 33 35 31 27 29 25 23 21 21 20 17 16 15 16 17
34 37 39 36 38 36 41 44 48 49 49 49 49 49 47 43 37 40 35 27 17 9 11 2 -2 -6 -15 -8 1 15 4 3 18 6 -10 -27 -27 -19 -17 -17 -20 -22 -19 -14 -11 -9 -6 -5 0 4 8 12 15 20 24 31 35 32 31 32 33 34 34 33 33 35 35 35 44 41 33 21 22 17 21 16 16 19 23 28 27 27 29 33 25 24 25 23 19 16 16 15 15 17 22 26
41 40 41 43 43 46 49 49 50 50 49 48 42 43 33 22 11 22 34 36 32 21 14 12 -2 -18 -19 -15 -4 21 14 5 3 -5 -21 -27 -21 -18 -13 -15 -16 -16 -13 -9 -6 -3 -5 -4 2 8 11 15 18 21 28 45 40 23 27 31 33 34 34 34 34 34 34 34 42 38 29 21 24 15 17 13 15 23 25 25 23 23 25 31 23 20 18 15 14 13 11 14 18 23 24 25
45 46 47 47 49 50 50 50 50 48 42 39 27 35 27 25 12 17 19 17 32 30 22 21 9 -14 -19 -12 9 17 12 1 -4 -3 -15 -26 -19 -13 -8 -7 -10 -11 -8 -7 -6 1 4 3 3 7 13 17 22 30 44 39 28 29 23 26 30 31 32 32 31 31 33 31 38 33 26 21 13 15 11 11 16 22 21 20 17 16 23 29 22 16 12 9 8 13 15 20 21 24 28 29
47 49 50 50 50 49 48 46 40 28 13 23 25 30 29 25 12 6 1 12 23 33 24 11 7 -2 -11 0 6 11 5 -8 -12 -4 -14 -24 -20 -11 -10 -9 -6 -3 -2 0 0 -3 4 13 10 11 15 21 31 42 40 32 27 15 17 24 29 30 29 28 28 27 30 41 35 28 22 19 12 7 8 11 15 18 14 13 15 18 26 25 21 16 12 9 14 19 23 27 30 32 33 34
51 51 50 49 45 43 38 30 20 23 6 16 11 21 31 31 20 5 -10 -1 12 21 31 23 12 3 12 4 -1 7 7 -3 -15 -11 -20 -20 -14 -7 -3 -1 1 -1 -2 -3 6 7 4 13 19 21 23 29 31 38 31 34 31 12 17 24 29 29 38 37 25 24 27 28 32 26 21 21 7 5 8 10 12 11 10 10 13 20 27 25 18 15 11 12 15 20 25 28 27 28 30 33
51 49 44 38 28 29 20 7 3 13 1 5 1 9 26 33 20 3 -15 -5 6 20 29 29 24 16 20 13 1 -7 -1 -17 -20 -19 -19 -8 -4 -3 -5 -6 -1 2 7 9 6 14 14 12 15 16 22 30 42 33 29 25 14 9 17 24 26 24 31 30 30 31 19 22 35 24 20 16 3 4 5 6 9 7 8 10 13 23 22 25 24 18 15 14 18 21 23 20 20 25 29 32
36 27 17 18 6 3 1 -8 -1 3 -4 -6 -4 12 24 26 11 -2 -14 -1 6 12 25 18 23 23 29 22 11 1 -21 -22 -20 -21 -15 -10 -13 -16 -16 -14 -5 1 1 3 8 12 19 22 22 23 29 29 30 34 31 13 6 10 18 31 32 31 31 32 30 30 20 21 21 15 17 12 0 1 1 5 7 8 10 12 20 20 20 20 21 17 13 16 16 16 17 17 23 27 31 30
22 20 13 3 -1 -5 -8 -9 -3 -3 -7 -8 -1 11 23 22 6 -3 -17 -8 3 15 18 7 7 22 24 20 5 -1 -8 -17 -17 -20 -21 -21 -21 -16 -10 -6 -6 -9 -10 -6 -2 3 9 12 14 23 28 27 30 23 16 14 8 12 23 23 27 31 30 31 29 24 21 10 13 13 0 -1 -3 -1 1 3 5 6 8 12 18 15 14 14 18 16 13 14 14 14 16 21 27 29 27 25
24 9 5 3 -1 -5 -11 -10 -4 -8 -10 -8 0 9 17 27 12 -1 -14 -7 -3 10 4 -2 9 22 22 10 -5 -6 -8 -22 -20 -12 -16 -21 -24 -20 -13 -11 -9 -10 -9 9 15 17 21 19 26 28 27 26 28 27 24 22 19 26 26 25 29 32 28 26 23 21 14 18 7 0 -4 -3 -5 -3 -2 1 4 7 11 11 11 11 11 13 14 13 15 16 18 21 24 28 27 26 27 31
16 11 2 0 -1 -2 -6 -6 -3 -7 -11 -10 -3 -1 11 17 20 7 -13 -14 -3 3 -2 4 14 19 20 5 -17 -19 -14 -22 -18 -8 -4 -8 -16 -15 -9 -8 8 6 10 20 27 32 37 27 25 23 23 25 26 25 26 25 26 36 35 32 34 32 24 19 15 16 14 11 -2 -3 -6 -6 -7 -6 -3 0 2 6 8 6 8 9 9 11 11 15 17 19 19 21 26 26 29 33 32 34
7 5 3 3 0 -2 -2 0 -2 -4 -6 -10 -5 3 3 13 17 5 -8 -12 -8 -6 1 10 18 12 2 -13 -24 -20 -13 -9 -14 -17 -12 -2 4 4 5 1 20 22 26 31 36 24 22 18 13 16 20 25 24 24 24 24 24 25 35 35 34 31 23 14 9 10 11 8 7 -6 -8 -10 -10 -8 -5 -3 1 5 4 4 5 6 7 8 10 13 15 15 18 21 28 30 28 26 27 30
2 -1 -6 -3 -1 -1 11 -2 -3 1 0 -7 -5 -5 -9 8 8 -2 -11 -3 1 -6 0 11 14 3 -6 -20 -27 -17 -11 -4 2 -1 -2 2 6 10 16 18 32 34 23 25 21 17 16 9 8 15 21 24 23 23 24 23 35 23 24 34 33 29 21 11 6 7 7 5 6 -8 -10 -12 -11 -9 -8 -4 -1 3 1 1 4 6 4 5 8 11 14 17 24 28 29 24 21 20 22 21
-2 -3 -9 -9 -7 12 13 -2 -5 2 3 -3 -9 -6 4 14 11 -7 -14 -7 5 8 10 12 7 -3 -17 -20 -16 -7 -3 4 10 13 13 15 14 17 19 20 20 19 18 14 6 4 3 1 6 14 19 21 22 22 22 22 22 22 34 22 32 27 17 6 0 6 4 2 2 -11 -12 -12 -11 -9 -7 -5 -3 0 1 8 11 11 13 14 16 19 22 23 20 24 23 17 12 12 14 13
0 0 -3 -3 1 18 13 0 -5 -2 18 4 -3 5 6 -8 -9 -12 -15 -4 6 9 8 5 -2 -13 -13 1 7 10 10 12 11 5 3 3 8 14 18 27 22 23 20 -2 -5 -2 -2 0 6 13 15 18 20 21 21 32 20 20 21 33 30 25 19 11 3 4 2 0 -1 -15 -15 -13 -11 -10 -8 -5 -4 2 9 4 2 7 9 13 15 15 14 15 20 22 14 10 9 9 10 11
2 3 4 9 13 20 17 4 3 4 9 16 13 12 6 -3 -4 -6 -13 -14 1 7 2 2 -12 -12 5 10 1 1 4 0 -4 -7 -1 7 11 14 18 25 16 13 11 -8 -9 0 2 5 6 7 10 15 18 19 20 19 19 19 20 20 30 26 17 11 5 0 -2 -2 -5 -17 -18 -15 -13 -11 -8 -6 2 6 0 -2 0 1 3 6 6 9 14 19 18 14 9 9 9 11 12 15
6 8 12 19 17 25 23 11 12 13 17 22 21 19 16 12 8 5 2 -6 -7 -7 -1 -5 -9 2 7 -4 -13 -14 -11 -10 -7 -1 2 4 7 15 26 22 14 4 -1 -7 -10 -3 -2 0 0 2 7 13 15 15 18 18 18 18 18 30 29 24 18 11 -1 -4 -3 -4 -18 -20 -18 -15 -12 -10 -8 0 3 -6 -4 -5 -4 -2 1 4 8 13 16 15 10 8 9 10 10 11 13 14
28 20 23 25 23 22 23 24 26 26 25 22 19 15 17 17 18 15 19 15 10 7 1 -2 -16 -6 4 -2 -4 -5 -7 -9 -10 -7 -4 -1 7 15 24 19 11 1 -1 -9 -7 -5 -6 -5 -4 -1 4 10 13 13 16 16 16 16 17 17 28 22 15 5 -5 -7 -4 -6 -19 -18 -15 -14 -10 -3 0 -1 -5 -2 2 1 2 3 6 10 14 14 11 7 8 9 9 10 11 11 12 13
39 28 29 30 29 30 29 26 22 19 14 9 8 2 7 6 11 18 13 19 14 8 -3 -8 -23 -12 -6 -5 -5 -4 -8 -14 -19 -14 -9 1 13 23 19 14 5 -3 -4 -11 -10 -9 -11 -8 -6 0 5 9 11 11 13 14 14 26 15 27 26 21 13 7 -4 -8 -7 -8 -19 -18 -14 -10 -6 -4 -5 -1 2 5 7 9 10 11 12 12 10 7 6 7 8 9 10 11 12 13 16 17
33 32 31 30 28 25 19 24 18 12 7 2 7 -8 -3 2 8 14 9 9 17 14 8 1 -19 -20 -5 -7 -6 -5 -6 -10 -13 -13 -6 8 24 17 13 7 -1 -7 -17 -12 -14 -13 -10 -6 -1 3 0 3 9 9 8 10 12 12 23 12 25 18 12 6 -3 -9 -6 -20 -19 -15 -12 -12 -8 -5 -1 3 6 8 8 7 6 6 5 4 4 7 9 10 11 11 12 14 16 14 12 12
28 25 20 18 19 19 20 13 10 10 10 6 3 -11 -8 0 7 12 10 6 7 16 15 9 1 -7 -20 -5 -17 -10 -5 -5 -9 -4 8 23 17 11 6 -2 -9 -10 -19 -16 -17 -12 -7 -8 -5 -5 -4 2 7 6 4 9 10 10 21 9 24 16 7 2 -8 -7 -6 -17 -15 -14 -14 -11 -4 1 4 5 3 1 -1 -1 -1 1 3 4 6 6 6 8 9 11 12 13 11 10 11 12
30 26 24 23 11 11 25 23 20 18 13 11 8 -5 -4 -2 0 8 12 8 3 10 10 13 11 6 2 -5 -18 -11 -4 -1 -6 1 10 20 14 6 0 -7 -14 -13 -20 -20 -22 -17 -13 -10 -11 -11 -7 0 5 1 4 7 5 6 7 8 23 17 12 5 -4 -8 -6 -12 -10 -8 -4 -3 0 2 0 -3 -4 -4 -2 -1 0 1 2 3 4 7 8 8 8 8 8 9 10 10 10 11
26 24 24 24 23 21 20 18 14 8 3 2 2 -11 -11 -5 3 2 1 8 4 12 9 4 4 6 6 6 1 -6 -14 -4 3 7 10 18 14 3 -5 -11 -17 -18 -25 -22 -21 -16 -10 -6 -5 -4 -2 1 1 -1 2 2 2 4 7 8 18 11 4 1 -8 -6 -14 -13 -13 -10 -8 -4 -2 -2 -7 -7 -6 -4 -3 -1 0 2 3 5 5 4 5 5 6 7 7 8 9 10 12 14
26 26 23 22 22 24 24 25 22 4 7 1 -3 -5 0 -2 -3 -2 1 6 5 16 13 7 2 -1 0 4 7 5 -5 -18 -2 8 20 15 12 1 -9 -10 -17 -19 -15 -16 -9 -6 -8 -8 -5 -5 -5 -4 -5 -3 -3 -2 0 2 6 13 13 11 3 -6 -9 -10 -18 -16 -17 -11 -6 -5 -4 -7 -9 -8 -5 -4 -4 -4 -2 0 1 2 2 3 4 5 6 7 9 11 12 15 18 18
26 22 20 18 17 16 15 17 22 24 23 18 12 7 3 5 -8 -2 3 -3 3 15 12 10 10 3 -4 -6 -3 4 0 -3 10 15 16 15 8 4 -7 -10 -17 -14 -6 -10 -11 -13 -10 -11 -12 -7 -10 -10 -9 -9 -8 -8 -3 -1 4 12 11 3 2 -7 -14 -17 -12 -23 -19 -11 -8 -8 -11 -10 -8 -8 -8 -9 -6 -5 -5 -3 -1 1 2 4 6 7 9 10 12 16 14 13 12 12
22 20 18 15 12 11 10 11 9 12 19 22 18 13 10 4 -11 -3 -2 -2 15 11 6 -2 6 5 2 -3 -9 -7 -9 -6 7 8 10 13 6 4 -6 -13 -16 -15 -10 -20 -19 -17 -19 -18 1 -3 -13 -16 -15 -14 -14 -13 -6 -4 11 10 6 3 -3 -7 -11 -10 -9 -16 -13 -12 -15 -14 -11 -11 -13 -13 -10 -8 -7 -7 -6 -5 -3 -1 2 4 6 8 10 12 11 9 9 10 11 11
21 19 16 14 11 9 8 6 5 5 9 16 13 6 5 1 -1 -6 -3 1 11 3 0 -3 1 -1 -1 1 -6 -5 -2 0 4 7 8 10 -1 -5 -4 -13 -21 -21 -18 -29 -28 -27 -24 -16 -19 -20 -22 -23 -20 -18 -17 -14 -9 -7 -3 10 -3 -5 -2 -8 -11 -11 -10 -19 -18 -18 -17 -15 -16 -14 -14 -12 -11 -12 -11 -7 -5 -3 -2 0 2 3 4 5 6 5 6 7 8 9 11 12
24 21 18 16 12 10 -2 8 5 7 12 14 13 11 9 6 2 -14 -9 6 3 -4 4 5 5 -2 1 6 6 9 9 0 -3 2 3 10 1 -9 -17 -11 -17 -26 -26 -27 -36 -33 -24 -22 -30 -27 -29 -28 -25 -21 -19 -14 -11 -9 -6 10 -3 -9 -8 -15 -14 -13 -15 -15 -26 -25 -23 -20 -17 -16 -16 -14 -13 -12 -11 -12 -11 -10 -7 -2 -1 1 1 2 2 4 5 6 10 11 12 12
27 24 21 7 4 2 2 12 14 16 16 15 12 2 -1 -3 3 -2 -4 1 10 11 11 6 -3 1 9 15 16 12 10 3 -5 -8 -4 0 3 -7 -19 -22 -22 -30 -34 -37 -41 -38 -22 -30 -39 -36 -37 -33 -29 -27 -23 -17 -13 -10 -7 8 -4 -10 -10 -11 -11 -13 -18 -21 -32 -29 -25 -25 -22 -17 -15 -14 -15 -14 -12 -11 -9 -6 -4 -3 -3 -2 -2 -1 1 5 8 8 7 7 9 10
28 26 14 12 10 10 9 6 13 10 7 6 4 -4 -6 -7 -1 -1 7 12 17 17 5 -1 8 16 18 13 7 4 2 4 1 -5 -9 -10 -11 -12 -14 -25 -32 -35 -44 -46 -38 -37 -31 -45 -47 -46 -43 -38 -33 -27 -21 -19 -16 -13 -9 -6 -4 -9 -13 -14 -16 -15 -19 -23 -33 -28 -24 -23 -20 -18 -17 -15 -14 -12 -10 -9 -7 -7 -6 -4 -2 -1 2 2 4 3 3 4 6 7 9 11
32 19 16 14 12 16 14 5 0 0 10 6 1 -2 -13 -8 6 10 15 22 20 6 -3 7 20 22 15 7 4 10 12 12 11 9 4 1 -2 -9 -16 -25 -38 -45 -51 -59 -53 -49 -47 -60 -56 -52 -46 -42 -36 -32 -31 -27 -17 -17 -12 -5 0 -7 -18 -21 -22 -19 -16 -18 -29 -28 -26 -23 -21 -18 -16 -14 -11 -10 -10 -9 -8 -7 -6 -6 -4 -3 -2 -1 1 2 4 6 9 11 11 11
45 35 34 30 25 24 23 16 7 3 -1 -3 -6 -8 -11 8 16 22 28 26 18 19 18 23 26 24 23 21 19 15 10 9 10 5 -4 -11 -13 -15 -17 -24 -38 -51 -62 -70 -69 -69 -75 -67 -65 -59 -52 -46 -45 -40 -35 -29 -20 -24 -16 -6 1 -10 -17 -25 -26 -21 -17 -32 -31 -30 -28 -24 -20 -18 -14 -12 -12 -13 -10 -7 -6 -4 -1 1 1 2 3 4 5 6 8 8 6 6 7 8
33 32 34 34 34 32 31 29 22 15 6 -4 -6 -6 10 18 25 30 33 32 31 30 29 27 25 21 14 15 19 14 7 1 2 4 3 -5 -16 -26 -37 -42 -51 -61 -73 -94 -97 -85 -85 -81 -71 -62 -55 -50 -45 -37 -33 -26 -23 -30 -17 -7 2 -7 -16 -27 -26 -23 -33 -37 -35 -33 -29 -24 -17 -12 -10 -7 -6 -5 -3 -1 -1 -3 -9 -9 -6 -4 -2 0 2 4 4 5 6 6 7 7
23 21 25 30 32 33 31 32 31 24 17 11 2 13 22 26 33 34 33 32 30 28 25 19 11 7 11 6 12 15 10 3 -3 -8 -3 -3 -9 -17 -26 -38 -50 -65 -84 -102 -113 -94 -79 -68 -60 -52 -55 -48 -42 -38 -31 -27 -29 -28 -15 -7 2 -7 -14 -26 -29 -27 -39 -41 -37 -36 -35 -28 -23 -17 -14 -9 -12 -10 -9 -13 -13 -14 -10 -4 0 2 3 3 4 5 6 6 7 8 8 8
16 16 11 14 24 30 31 42 42 31 30 25 28 23 26 32 36 30 20 15 15 15 8 13 8 -4 -1 4 -1 3 8 8 4 -3 -9 -10 -15 -25 -34 -43 -53 -66 -78 -87 -90 -84 -70 -57 -47 -45 -44 -36 -41 -39 -37 -31 -32 -22 -9 4 1 -8 -21 -32 -33 -34 -46 -43 -40 -38 -37 -33 -27 -22 -17 -17 -15 -14 -16 -12 -9 -7 -4 -1 -1 0 0 1 3 4 4 4 4 5 6 6
8 9 8 4 16 25 23 28 42 41 41 41 39 35 34 37 31 18 7 1 -5 0 -1 11 4 -9 -12 -9 -10 -9 -9 -5 -1 -1 -8 -15 -22 -29 -36 -41 -46 -58 -67 -70 -67 -67 -62 -49 -42 -38 -33 -34 -32 -29 -24 -38 -33 -18 -9 3 -1 -10 -19 -33 -38 -40 -46 -41 -39 -36 -33 -30 -26 -24 -23 -22 -23 -18 -11 -7 -5 -4 -3 -1 0 2 2 2 2 2 3 5 6 6 6 7
