data_analyses/maxent/chelseacur_asc/bio_13.asc
ncols         195
nrows         278
xllcorner     -122.86680578405
yllcorner     43.49152724385
cellsize      0.0083333333
NODATA_value  -9999
[rows 86 to 128 of 278, columns 96 to 191 of 195]
213 238 261 270 269 263 254 250 254 264 283 308 329 335 325 300 259 235 248 271 281 283 279 269 253 237 237 251 256 231 197 188 193 199 203 203 194 181 174 172 170 167 164 162 163 171 190 205 206 193 182 175 172 170 168 164 158 149 141 135 131 128 128 138 150 154 153 155 160 162 160 155 150 147 146 144 142 138 133 129 122 111 100 93 85 78 74 72 70 68 66 65 63 62 61 60
204 212 223 230 239 234 217 207 205 207 216 236 260 271 261 239 213 198 200 208 215 223 233 239 239 243 256 269 269 242 204 188 187 191 195 195 188 178 173 171 169 167 166 168 175 189 208 227 232 220 203 195 194 196 190 177 162 149 140 134 130 126 124 130 142 150 150 148 151 155 155 152 147 143 140 138 137 134 130 129 127 124 119 113 101 89 80 77 75 73 70 67 65 63 62 61
202 201 207 223 251 259 243 223 213 209 207 207 210 211 205 199 197 199 198 195 195 204 219 232 240 253 269 279 277 254 216 191 184 182 183 182 179 175 174 174 174 174 181 197 214 227 240 250 253 245 230 220 215 209 193 173 162 158 151 141 133 129 126 126 133 141 144 145 146 146 146 147 145 142 138 133 130 128 123 119 118 121 123 122 116 104 93 86 84 81 76 70 67 65 64 63
201 199 205 226 264 290 285 265 248 241 241 236 226 214 206 209 221 231 231 221 215 216 215 211 211 225 250 269 271 254 221 195 185 181 180 179 178 177 179 183 186 189 202 228 248 254 255 257 258 255 246 235 221 205 187 177 180 185 178 165 153 143 135 128 125 127 132 139 142 138 134 135 134 131 129 126 124 124 120 113 112 118 122 123 122 115 104 94 88 83 76 72 71 71 69 66
201 199 203 219 253 290 308 307 300 301 303 297 283 261 243 245 262 275 274 263 255 254 242 221 206 211 238 260 258 239 215 199 191 186 185 187 186 185 191 203 212 213 218 233 248 254 252 251 252 251 248 241 229 217 207 203 205 205 196 185 177 165 148 132 123 119 123 136 143 139 132 126 119 114 112 111 114 117 114 109 113 119 122 124 124 118 109 100 92 84 79 78 82 84 77 69
203 205 211 219 243 282 312 332 342 344 340 330 318 302 286 284 293 301 300 296 297 301 285 253 230 232 253 264 255 234 216 209 203 198 201 210 214 214 221 235 245 245 238 235 238 243 242 241 240 241 241 239 235 231 227 222 216 203 186 178 179 175 160 143 129 121 122 134 145 146 140 131 120 110 105 103 105 108 106 103 107 113 117 119 121 119 114 109 102 95 87 85 90 90 79 68
204 210 217 221 234 265 297 323 332 327 310 292 286 287 288 289 295 299 300 304 313 321 312 283 261 260 272 272 258 239 228 223 219 218 224 237 246 249 254 259 263 262 254 242 235 232 230 228 227 228 229 229 228 226 223 219 211 192 166 153 157 163 161 152 141 129 123 130 141 146 145 139 130 120 112 105 101 98 95 93 93 95 100 107 115 118 117 113 107 101 94 88 85 82 74 70
202 207 214 216 219 230 250 268 277 268 246 227 224 231 239 248 260 271 278 287 302 318 319 303 287 285 289 285 273 261 254 249 247 245 245 244 244 248 253 255 255 253 248 239 230 224 219 214 211 212 215 216 215 213 211 209 202 182 155 138 135 141 146 147 143 132 122 123 132 141 143 141 135 127 119 111 102 95 92 89 85 82 84 92 104 112 114 113 109 104 98 91 82 78 77 77
207 212 222 228 224 215 211 213 215 212 204 199 199 200 201 203 210 220 227 240 265 296 312 309 302 302 308 311 304 293 287 285 283 277 265 246 227 218 220 224 225 223 220 215 211 209 206 201 195 194 199 202 203 202 202 203 198 185 163 142 129 125 126 128 129 124 116 114 121 130 136 137 132 125 119 113 107 104 105 102 94 87 85 86 93 101 108 109 107 102 97 89 81 78 81 82
219 220 230 243 248 235 217 207 202 202 205 210 211 209 204 198 194 191 191 196 217 257 290 301 302 307 315 321 317 309 303 301 297 289 275 252 222 197 187 186 185 184 183 182 181 183 186 184 178 177 181 187 193 197 200 201 199 193 178 154 133 121 115 113 112 110 107 105 110 118 124 126 123 118 114 112 110 114 120 119 113 104 98 93 92 96 99 98 95 93 90 83 75 73 76 78
222 221 228 240 256 259 242 229 223 222 223 229 239 238 227 217 210 204 197 187 191 221 263 289 297 301 306 311 311 304 296 291 284 274 261 242 213 187 172 167 163 161 159 158 156 158 161 161 158 157 160 167 180 192 197 198 197 196 189 170 146 127 115 109 106 105 103 102 103 107 112 114 113 111 110 109 111 119 126 127 125 120 114 108 103 98 93 87 84 85 85 80 73 70 72 76
212 219 232 246 265 281 282 276 272 266 255 259 283 290 271 249 236 228 217 197 186 202 243 280 293 293 290 291 294 289 277 266 255 240 226 211 192 176 168 163 159 156 153 150 147 145 145 145 142 140 139 143 157 175 186 190 192 194 192 181 159 137 119 110 106 105 105 103 101 102 104 105 106 107 109 109 110 117 124 126 126 125 121 116 110 102 93 86 86 88 88 84 78 76 77 79
204 217 241 265 291 316 333 339 337 325 300 291 310 321 311 291 268 248 228 205 187 192 227 268 285 280 270 272 276 272 261 248 229 207 190 182 175 169 165 163 160 157 155 152 148 144 141 139 137 134 131 128 133 145 159 169 176 183 186 178 160 137 120 112 111 111 108 105 102 100 99 100 101 104 106 107 106 108 113 117 121 120 118 112 105 98 93 93 94 96 95 91 87 84 83 80
201 213 240 272 303 334 358 366 362 351 332 312 303 303 309 308 287 259 236 213 190 186 207 239 257 253 250 256 264 260 247 233 214 190 177 172 168 166 164 163 161 159 157 154 150 146 143 142 141 139 136 130 125 124 129 136 144 155 162 159 145 130 120 117 119 118 111 106 102 99 98 98 99 101 102 100 99 97 97 101 106 107 103 96 87 84 88 94 97 99 97 94 89 87 85 81
202 205 221 246 280 319 343 347 343 346 347 328 296 276 276 283 276 261 247 223 194 183 189 204 217 223 230 243 253 248 233 219 203 184 175 171 168 167 165 165 163 159 157 155 154 152 149 147 146 146 143 138 131 124 119 117 119 127 136 137 132 127 123 122 121 116 109 104 102 102 104 103 100 100 99 97 93 90 87 85 86 87 84 77 71 71 76 84 90 93 92 88 85 85 86 84
207 203 204 215 243 282 308 316 324 343 360 353 315 273 252 248 248 250 247 224 194 183 184 188 194 205 220 235 243 234 217 204 192 182 178 177 177 176 173 169 166 164 162 161 163 163 158 153 149 146 143 139 134 129 123 117 116 122 131 133 129 124 121 117 112 107 103 102 102 107 112 110 101 96 97 97 95 90 86 81 77 77 78 76 73 71 72 75 80 83 84 83 83 85 86 86
216 210 205 205 220 249 277 297 319 345 368 371 335 282 248 235 232 234 232 213 191 186 188 188 189 195 209 223 229 222 210 203 198 195 194 199 207 207 195 180 178 185 189 183 178 173 168 161 153 146 140 137 134 130 124 118 116 121 129 130 123 115 110 107 103 101 100 101 101 104 108 105 98 93 93 96 97 94 90 85 80 79 84 88 87 84 82 80 81 83 84 84 85 87 87 86
228 220 210 205 209 230 263 294 318 340 363 371 343 294 259 243 235 231 223 204 190 192 198 194 188 190 194 203 212 217 224 235 242 237 233 242 253 250 228 203 200 217 226 212 191 176 171 166 158 148 141 135 132 127 122 118 117 118 120 119 114 108 104 102 99 98 98 99 98 98 98 96 93 92 92 93 94 94 93 91 86 81 84 92 96 95 93 90 88 88 88 88 88 89 88 86
235 223 215 210 208 220 255 294 317 335 357 370 353 309 270 251 239 229 217 198 188 197 209 205 195 194 194 195 199 212 242 276 290 283 273 275 280 273 250 222 212 222 224 207 184 170 164 160 153 146 138 132 127 123 120 118 118 118 117 115 113 112 112 109 104 100 98 97 96 96 95 94 94 93 93 92 92 91 91 91 90 82 78 83 91 94 95 93 91 89 88 88 89 89 88 86
233 225 226 227 220 215 235 275 308 327 346 361 352 312 271 252 243 231 213 194 186 200 220 223 216 212 209 205 203 211 240 278 296 290 280 276 275 267 248 219 201 199 192 178 166 159 153 148 143 138 134 130 126 122 120 119 118 117 114 113 117 126 132 130 119 106 98 95 94 94 95 95 95 95 94 93 93 92 91 91 92 87 78 75 79 86 92 94 92 89 88 88 88 89 88 85
234 240 253 257 241 219 215 242 282 311 332 346 338 304 270 255 248 236 215 194 185 199 229 249 252 250 242 232 222 218 231 257 270 265 257 252 249 241 228 206 189 184 181 175 163 155 149 146 143 138 133 129 126 124 121 119 116 114 112 113 119 132 143 143 129 111 99 93 92 92 93 94 94 93 93 92 92 92 90 89 92 92 85 78 72 74 83 90 91 89 88 87 87 87 86 84
261 288 313 310 279 239 214 223 263 306 334 346 339 311 278 258 247 236 218 197 185 195 231 269 290 296 291 278 262 248 243 246 244 236 230 226 220 212 203 193 188 193 206 205 189 171 160 155 148 140 133 129 126 124 121 118 115 113 112 114 119 127 135 137 131 117 103 94 90 90 90 90 90 89 89 89 89 90 88 86 87 89 90 85 75 67 71 79 86 88 88 86 85 85 84 82
330 362 382 374 337 283 232 216 247 295 330 347 349 328 288 256 240 230 218 201 188 191 223 273 310 326 328 320 304 286 266 247 231 223 218 210 199 187 180 178 186 204 222 226 214 192 170 156 147 138 132 128 125 122 120 118 115 114 113 114 116 119 123 127 129 124 112 99 91 88 87 87 86 86 85 84 85 86 85 83 81 82 87 89 80 68 63 68 79 86 87 85 84 84 83 81
395 406 406 394 361 303 240 212 224 258 299 332 348 336 296 255 233 225 218 210 198 191 210 260 307 329 333 328 316 298 273 243 226 220 216 210 199 183 173 173 179 190 200 203 196 179 159 147 142 138 132 127 123 120 118 118 116 114 111 110 110 111 113 115 120 123 120 109 96 89 86 85 85 84 82 81 81 80 79 78 76 74 79 86 83 72 61 61 72 83 86 85 84 84 84 82
406 391 370 343 307 266 236 225 224 234 271 317 344 341 304 259 237 234 235 232 218 199 201 236 278 300 307 305 296 281 261 241 229 220 215 215 212 199 183 178 174 169 167 168 166 159 151 147 144 139 132 126 122 120 118 118 116 113 110 108 107 106 107 107 109 114 117 113 102 91 87 85 85 83 82 80 78 77 76 74 71 68 69 74 77 73 62 58 65 77 84 85 84 85 84 82
397 359 308 269 254 254 266 275 258 241 262 304 334 340 308 266 254 264 270 262 238 208 198 212 235 250 255 257 254 248 243 239 233 223 213 213 220 218 200 183 170 161 162 172 183 182 174 163 152 143 135 129 125 122 119 117 114 111 108 107 105 104 103 103 103 104 107 107 100 93 89 87 85 83 81 79 77 75 74 72 69 66 64 63 65 65 59 55 57 66 77 82 83 83 82 79
394 346 280 259 281 308 329 327 287 253 267 305 334 345 320 287 286 302 301 277 240 207 198 205 214 216 213 214 217 214 214 218 223 220 212 210 221 226 207 180 167 169 182 205 222 219 203 181 163 151 142 135 128 122 119 116 114 111 108 106 104 103 102 101 100 99 99 98 96 92 89 87 85 83 81 78 76 74 72 71 71 70 68 63 60 59 57 55 53 57 67 77 81 81 79 75
369 331 287 302 345 371 372 340 285 259 285 327 355 367 352 328 323 325 308 268 226 203 201 207 214 215 206 201 202 199 193 194 200 210 209 205 213 223 212 187 179 190 207 223 232 228 212 192 174 160 145 133 126 122 120 118 115 112 110 107 104 102 101 100 98 96 95 94 92 89 86 84 82 81 79 78 76 74 72 72 73 73 72 70 67 65 64 62 57 53 58 70 78 79 76 70
308 296 298 338 378 392 376 329 277 263 299 345 374 385 376 356 337 318 287 243 212 205 208 213 222 230 215 201 197 195 190 185 187 192 194 189 192 207 213 206 204 215 225 231 233 227 213 195 177 157 138 128 127 129 128 124 119 116 113 110 106 103 101 99 96 94 92 90 88 86 83 81 79 78 77 76 75 74 73 72 73 73 73 73 73 73 72 69 61 53 52 60 68 72 70 62
285 305 335 362 377 383 369 325 279 267 296 343 375 386 377 350 316 282 251 224 210 210 219 228 244 253 235 209 197 193 190 186 182 182 183 182 182 189 201 210 218 226 231 229 222 210 193 174 156 141 130 129 136 140 136 130 125 121 117 113 108 103 99 96 94 91 89 88 86 84 82 80 78 76 76 75 75 74 72 72 72 72 72 72 73 73 73 70 63 55 52 53 56 58 57 52
333 359 377 369 358 369 371 341 300 277 285 319 356 376 371 338 290 252 234 226 220 218 229 249 268 276 261 231 208 197 192 188 185 187 197 206 205 200 199 204 209 212 207 196 182 168 156 144 136 133 134 139 147 147 141 135 130 127 122 115 108 102 98 95 92 90 88 87 86 84 82 80 77 76 75 75 75 73 73 72 72 72 72 72 72 72 72 71 67 62 59 58 56 53 50 51
376 373 358 331 324 353 377 370 346 322 312 323 348 371 371 336 285 254 249 250 245 236 242 267 288 295 287 262 232 210 199 192 192 206 236 257 255 240 222 206 193 182 170 158 149 144 142 142 144 147 149 151 150 146 139 134 130 127 122 116 109 103 99 95 92 90 88 87 85 84 82 79 77 75 74 74 74 73 73 73 73 74 74 74 73 73 73 72 70 65 61 60 61 59 58 62
386 346 310 299 316 353 382 391 386 374 365 363 368 377 375 349 314 296 298 303 293 269 257 274 297 307 304 286 258 234 216 203 201 222 262 289 288 271 241 207 179 162 155 154 158 165 171 173 170 166 160 152 144 138 133 128 124 119 116 112 108 104 100 95 92 89 87 86 84 83 81 78 76 75 74 73 73 73 73 74 75 77 78 77 76 75 74 72 69 62 55 52 55 60 65 69
369 320 308 330 351 368 385 392 386 378 373 373 374 374 373 364 352 345 341 334 312 276 250 257 281 300 307 301 283 262 239 218 206 216 246 270 274 258 226 192 168 158 163 177 191 201 206 202 189 174 162 150 140 133 128 122 116 112 109 106 104 102 100 96 92 89 86 84 82 81 79 78 77 76 75 74 73 72 73 73 75 77 79 79 79 78 76 74 70 62 53 47 47 52 57 61
341 315 337 363 364 362 369 373 360 344 339 346 353 356 354 347 339 327 308 284 256 229 213 217 239 269 294 307 306 291 263 230 207 201 209 221 223 212 191 172 162 159 167 182 193 195 192 186 176 166 158 150 141 133 126 119 114 110 108 106 104 103 101 98 94 89 86 83 81 80 79 80 80 80 80 78 75 73 71 69 68 69 70 72 75 77 77 76 74 68 60 51 46 45 47 48
309 305 325 333 318 311 324 332 316 293 286 297 312 315 302 283 268 256 241 227 216 207 201 199 205 226 258 289 309 308 284 245 211 193 187 186 184 179 172 167 163 162 162 164 168 169 168 165 161 158 153 147 139 130 124 120 118 116 113 109 107 105 103 99 95 91 87 84 82 81 80 80 80 80 79 76 73 70 66 63 60 58 58 60 63 67 70 71 73 72 68 60 51 46 44 43
266 266 272 268 255 251 263 271 258 240 233 241 252 254 243 234 236 243 249 253 256 253 244 227 210 205 220 250 283 299 291 259 220 195 186 183 180 177 176 175 175 177 177 177 185 192 193 187 181 172 162 153 146 139 133 130 129 127 122 115 109 106 103 100 96 92 88 86 84 82 81 79 76 73 71 69 67 66 65 62 60 59 60 60 58 57 58 59 61 64 65 63 59 55 49 45
235 235 238 239 237 232 228 225 220 213 209 209 212 215 220 239 268 295 312 319 319 315 303 281 249 221 208 217 244 269 273 260 231 202 192 191 191 191 192 193 196 202 207 212 222 229 226 218 208 196 183 175 171 163 150 139 133 129 125 120 113 107 103 99 96 93 89 86 84 82 79 76 74 72 71 69 68 68 67 66 64 63 64 64 59 55 52 50 50 51 53 55 56 57 56 53
236 240 251 265 266 253 237 228 223 219 216 212 212 216 224 237 258 285 312 333 345 347 343 329 299 258 223 208 218 240 253 244 225 206 201 205 213 218 219 216 213 211 214 221 227 227 223 216 209 200 191 184 177 163 144 129 121 118 117 117 113 108 103 99 95 92 89 85 83 80 77 76 76 77 76 74 73 71 68 65 62 61 61 60 58 55 52 50 49 47 47 46 47 50 52 53
254 262 281 304 307 286 266 254 245 237 230 224 222 227 237 243 242 243 257 288 323 346 354 351 335 301 258 224 213 224 243 239 219 206 207 216 225 227 223 215 207 199 194 194 194 192 190 188 184 178 169 158 147 135 123 117 115 115 116 115 112 107 102 98 95 91 88 85 83 80 79 79 81 82 81 79 77 74 69 65 62 62 62 62 61 59 58 57 56 54 52 49 46 45 44 45
302 311 331 354 357 339 321 307 290 268 252 242 236 237 245 257 267 262 245 243 271 311 339 349 348 334 303 265 234 225 243 249 232 217 211 209 204 196 188 182 176 172 167 161 157 154 152 150 147 143 137 130 126 128 132 133 131 130 130 126 120 113 107 102 99 95 91 89 86 85 84 85 87 87 85 83 82 78 73 69 67 66 64 63 62 61 60 60 59 57 55 51 46 43 41 40
372 374 384 396 399 391 382 374 357 330 304 282 266 261 259 259 273 287 273 240 230 253 284 308 324 334 328 308 274 245 247 252 239 221 204 190 179 171 166 163 159 155 151 147 144 141 137 135 133 131 132 134 141 154 163 161 153 147 144 139 133 126 117 109 104 101 98 95 93 93 93 94 94 92 89 87 83 77 71 67 64 60 57 56 54 53 52 52 51 50 48 45 43 41 40 40
407 402 404 409 408 403 401 402 399 390 372 344 322 316 305 281 268 280 285 264 237 224 230 245 265 292 315 321 306 281 269 262 243 215 193 182 181 185 187 184 177 168 161 159 160 159 155 153 153 154 154 156 162 171 175 169 160 153 149 146 143 137 126 114 108 105 102 100 99 100 102 103 102 99 95 90 83 74 67 61 58 56 56 54 51 49 47 46 45 44 43 43 42 42 42 41
