data_analyses/maxent/chelseacur_asc/bio_8.asc
ncols         195
nrows         278
xllcorner     -122.86680578405
yllcorner     43.49152724385
cellsize      0.0083333333
NODATA_value  -9999
[rows 220 to 274 of 278, columns 96 to 191 of 195]
9 4 -6 -8 -7 -8 -7 -6 -5 -5 -4 -4 -4 -6 -8 -11 -13 -15 -17 -18 -18 -19 -22 -23 -23 -19 -17 -18 -19 -16 -11 -8 -9 -10 -9 -11 -11 -12 -13 -15 -18 -23 -30 -40 -51 -57 -53 -46 -49 -41 -35 -33 -32 -31 -31 -32 -31 -31 -32 -32 -31 -29 -27 -26 -26 -26 -25 -23 -21 -18 -15 -14 -12 -10 -8 -6 -5 -4 -3 -2 -3 -4 -4 -4 -3 -2 -2 -3 -4 -4 -4 -3 -3 -4 -4 -4
23 21 14 8 0 1 2 -1 -1 3 6 8 8 4 -1 -4 -6 -9 -12 -15 -17 -19 -20 -23 -26 -25 -19 -17 -15 -16 -12 -9 -9 -19 -19 -10 -11 -12 -13 -14 -16 -19 -25 -32 -40 -45 -43 -39 -44 -38 -34 -31 -30 -29 -29 -28 -28 -29 -31 -32 -29 -29 -28 -27 -27 -28 -25 -22 -21 -18 -15 -13 -12 -10 -8 -6 -4 -4 -3 -3 -4 -4 -4 -4 -3 -3 -3 -4 -5 -5 -5 -5 -5 -5 -5 -5
14 19 24 23 20 20 20 18 17 15 9 3 1 1 1 -2 -5 -7 -9 -13 -16 -18 -19 -21 -25 -24 -17 -16 -14 -12 -12 -19 -19 -20 -21 -10 -10 -11 -12 -13 -14 -18 -23 -28 -35 -39 -42 -36 -42 -38 -34 -31 -29 -28 -26 -26 -27 -28 -32 -31 -29 -28 -30 -27 -27 -29 -22 -19 -18 -17 -15 -13 -11 -9 -6 -4 -3 -3 -3 -4 -4 -5 -4 -4 -5 -4 -4 -4 -5 -6 -6 -6 -6 -6 -6 -7
9 3 15 22 15 10 4 2 2 -1 -4 -5 -7 -7 -5 -4 -5 -6 -7 -11 -14 -16 -16 -19 -23 -22 -18 -17 -16 -15 -13 -10 -19 -19 -19 -19 -9 -10 -12 -13 -14 -18 -22 -27 -32 -37 -39 -42 -38 -36 -33 -31 -28 -25 -24 -24 -25 -26 -27 -27 -28 -27 -28 -27 -27 -27 -25 -20 -18 -17 -17 -14 -11 -8 -5 -4 -3 -3 -3 -4 -5 -5 -6 -7 -7 -5 -5 -5 -6 -7 -7 -8 -7 -7 -7 -9
11 -2 4 15 19 12 2 -3 -6 -5 -6 -5 -7 -8 -10 -10 -10 -8 -8 -9 -13 -14 -16 -19 -22 -19 -20 -20 -18 -17 -14 -22 -20 -18 -17 -17 -8 -10 -11 -13 -15 -17 -22 -26 -30 -32 -31 -38 -35 -33 -31 -29 -26 -24 -22 -22 -23 -23 -24 -25 -27 -26 -24 -24 -25 -24 -24 -24 -19 -16 -15 -13 -10 -8 -7 -7 -5 -6 -6 -5 -6 -6 -8 -10 -8 -6 -6 -7 -7 -7 -8 -9 -8 -8 -8 -8
7 -6 -9 -4 7 12 14 12 2 -5 -5 -5 -7 -10 -13 -13 -12 -11 -10 -10 -12 -14 -16 -21 -22 -20 -20 -22 -23 -20 -17 -24 -21 -17 -16 -16 -7 -9 -10 -12 -15 -17 -21 -24 -26 -27 -37 -34 -32 -30 -28 -26 -24 -22 -20 -19 -19 -21 -22 -24 -28 -27 -24 -23 -23 -23 -23 -22 -18 -14 -12 -11 -9 -7 -5 -6 -6 -6 -5 -6 -6 -8 -8 -9 -8 -7 -9 -9 -9 -8 -9 -9 -9 -9 -9 -9
7 3 1 -2 -4 -4 1 2 5 0 -4 -7 -8 -9 -14 -19 -17 -14 -13 -13 -13 -14 -16 -21 -21 -21 -19 -20 -23 -25 -21 -27 -22 -18 -16 -15 -6 -7 -8 -11 -14 -16 -20 -22 -23 -25 -34 -32 -30 -28 -26 -24 -22 -20 -19 -17 -17 -18 -20 -22 -24 -24 -23 -22 -22 -22 -20 -18 -17 -14 -12 -12 -10 -8 -5 -5 -6 -6 -6 -6 -6 -8 -8 -9 -9 -11 -10 -10 -10 -9 -10 -10 -10 -10 -10 -11
0 0 -3 -4 -6 -8 -4 -4 -4 -4 -3 -7 -10 -12 -13 -16 -24 -27 -24 -15 -17 -17 -17 -20 -19 -19 -18 -19 -19 -20 -20 -17 -23 -18 -16 -15 -5 -5 -7 -10 -13 -16 -20 -26 -27 -40 -36 -31 -29 -26 -24 -22 -19 -18 -17 -16 -17 -19 -18 -20 -22 -26 -21 -19 -19 -19 -17 -15 -14 -12 -10 -10 -9 -8 -6 -5 -5 -6 -6 -7 -7 -7 -8 -9 -10 -11 -11 -11 -10 -10 -11 -11 -12 -12 -11 -12
-2 -2 -4 -7 -9 -11 -9 -7 -8 -7 -6 -8 -9 -12 -17 -19 -27 -27 -23 -25 -16 -17 -18 -18 -17 -16 -16 -17 -17 -17 -17 -14 -13 -20 -17 -16 -6 -7 -7 -9 -13 -18 -25 -32 -35 -45 -39 -32 -27 -24 -22 -20 -18 -16 -14 -14 -15 -18 -17 -17 -17 -17 -16 -16 -16 -17 -18 -13 -12 -11 -10 -8 -7 -5 -5 -5 -5 -5 -6 -6 -7 -8 -8 -9 -10 -11 -11 -12 -12 -12 -12 -12 -13 -14 -15 -15
-5 -5 -7 -9 -12 -14 -13 -11 -12 -13 -10 -11 -12 -13 -14 -17 -26 -25 -22 -22 -14 -15 -17 -17 -16 -15 -15 -15 -15 -15 -14 -12 -12 -20 -17 -16 -6 -7 -8 -10 -14 -19 -26 -31 -32 -42 -39 -31 -25 -22 -20 -17 -16 -14 -13 -13 -12 -12 -12 -12 -12 -13 -13 -13 -13 -13 -19 -16 -12 -11 -9 -9 -6 -5 -5 -5 -5 -5 -6 -6 -7 -8 -9 -10 -10 -11 -12 -12 -12 -13 -13 -13 -14 -15 -16 -17
1 -7 -9 -11 -13 -16 -17 -15 -15 -18 -15 -17 -18 -17 -18 -29 -27 -25 -22 -20 -11 -14 -17 -16 -15 -13 -13 -13 -12 -12 -12 -20 -19 -8 -16 -5 -5 -6 -6 -9 -12 -17 -23 -24 -27 -28 -34 -28 -23 -19 -16 -15 -14 -13 -12 -12 -11 -10 -9 -9 -9 -10 -10 -10 -10 -11 -15 -14 -12 -11 -9 -8 -5 -4 -4 -5 -6 -6 -6 -7 -8 -8 -9 -10 -11 -13 -13 -13 -13 -14 -14 -15 -16 -17 -17 -18
9 -4 -10 -13 -15 -17 -20 -20 -20 -24 -22 -21 -24 -23 -31 -29 -27 -25 -21 -19 -20 -13 -15 -14 -14 -13 -11 -11 -11 -20 -19 -17 -16 -15 -14 -14 -4 -4 -5 -7 -9 -11 -14 -16 -19 -28 -29 -22 -19 -16 -15 -14 -13 -12 -12 -11 -10 -10 -10 -9 -9 -9 -9 -10 -10 -11 -13 -14 -13 -11 -9 -7 -5 -4 -4 -5 -5 -6 -7 -8 -9 -9 -10 -11 -12 -13 -13 -14 -15 -16 -16 -16 -18 -22 -19 -21
13 0 -9 -12 -14 -16 -19 -22 -25 -27 -26 -29 -28 -35 -32 -29 -27 -25 -22 -19 -20 -12 -12 -12 -12 -11 -11 -10 -19 -17 -15 -14 -14 -14 -13 -12 -3 -3 -4 -5 -6 -9 -10 -11 -12 -13 -25 -22 -19 -17 -15 -14 -13 -12 -13 -12 -11 -10 -9 -9 -9 -9 -8 -9 -10 -12 -12 -13 -11 -9 -7 -5 -4 -4 -4 -5 -6 -7 -8 -9 -10 -11 -10 -11 -12 -12 -13 -14 -17 -16 -18 -18 -18 -19 -20 -21
19 6 -5 -9 -11 -14 -16 -20 -25 -31 -33 -33 -29 -35 -31 -28 -26 -24 -22 -19 -19 -10 -9 -9 -9 -9 -20 -20 -19 -16 -13 -14 -15 -14 -12 -12 -2 -2 -3 -4 -5 -6 -8 -9 -10 -12 -23 -21 -19 -17 -16 -14 -13 -12 -13 -12 -11 -10 -9 -9 -9 -9 -8 -8 -8 -9 -9 -9 -8 -6 -5 -4 -4 -4 -4 -4 -5 -7 -8 -9 -10 -11 -11 -12 -13 -14 -13 -15 -16 -17 -19 -20 -19 -20 -22 -22
23 12 -3 -7 -11 -16 -20 -21 -24 -29 -34 -32 -27 -33 -31 -28 -25 -23 -21 -19 -16 -7 -8 -7 -7 -16 -16 -17 -19 -18 -13 -16 -8 -7 -12 -11 -2 -2 -2 -4 -5 -6 -6 -7 -8 -10 -22 -22 -19 -17 -15 -14 -12 -11 -12 -12 -10 -9 -9 -8 -8 -8 -8 -8 -8 -8 -7 -7 -9 -5 -5 -4 -4 -4 -4 -4 -5 -6 -7 -8 -9 -10 -11 -12 -13 -14 -15 -16 -18 -19 -23 -21 -22 -22 -24 -24
17 16 -1 -4 -7 -10 -14 -18 -22 -26 -32 -31 -26 -23 -30 -28 -25 -23 -21 -19 -6 -5 -5 -5 -14 -15 -15 -15 -16 -17 -14 -15 -7 -5 -2 -1 -1 -1 -2 -2 -3 -4 -5 -6 -6 -8 -20 -20 -18 -17 -15 -14 -13 -12 -13 -11 -10 -9 -8 -8 -8 -8 -8 -7 -7 -7 -7 -7 -7 -6 -5 -4 -4 -4 -4 -5 -5 -5 -6 -7 -9 -10 -11 -12 -13 -14 -16 -18 -19 -21 -22 -23 -25 -26 -25 -26
10 9 -3 -4 -7 -10 -13 -15 -19 -23 -26 -27 -25 -22 -31 -29 -26 -23 -21 -9 -8 -4 -4 -4 -14 -14 -13 -14 -15 -15 -13 -11 -13 -3 -1 -1 -1 -1 -1 -1 -2 -3 -3 -4 -5 -16 -19 -19 -16 -15 -13 -13 -12 -11 -11 -13 -9 -8 -8 -8 -8 -8 -8 -7 -7 -7 -7 -6 -6 -5 -5 -4 -4 -4 -4 -5 -5 -5 -6 -7 -8 -9 -11 -12 -13 -14 -17 -19 -20 -22 -23 -25 -27 -29 -29 -27
5 6 -5 -7 -10 -12 -14 -16 -19 -22 -24 -24 -22 -21 -31 -28 -27 -24 -22 -20 -8 -8 -12 -17 -15 -20 -16 -14 -14 -14 -12 -11 -10 -10 0 0 0 -1 -1 -1 -3 -4 -5 -5 -15 -17 -17 -16 -15 -14 -13 -11 -10 -10 -10 -12 -8 -8 -8 -8 -8 -8 -11 -8 -6 -6 -6 -6 -5 -5 -4 -4 -4 -4 -4 -4 -5 -6 -7 -7 -9 -10 -10 -11 -13 -19 -19 -19 -20 -21 -22 -25 -28 -30 -29 -28
1 1 -7 -9 -11 -13 -14 -16 -18 -20 -24 -24 -20 -20 -30 -27 -25 -24 -22 -20 -18 -11 -22 -32 -29 -30 -19 -14 -13 -12 -11 -10 -10 -10 0 0 0 0 0 -1 -2 -4 -8 -10 -10 -19 -18 -17 -14 -12 -12 -10 -9 -9 -8 -8 -9 -7 -7 -8 -9 -9 -7 -6 -6 -6 -6 -5 -4 -4 -4 -4 -4 -4 -4 -4 -5 -6 -7 -9 -9 -10 -11 -14 -14 -16 -18 -19 -21 -21 -23 -26 -28 -30 -30 -30
2 -1 -8 -12 -14 -15 -14 -15 -16 -17 -21 -20 -19 -19 -28 -26 -25 -23 -21 -20 -18 -17 -22 -21 -29 -21 -15 -12 -11 -11 -10 -10 -10 -10 0 0 0 0 0 -1 -5 -8 -13 -15 -26 -25 -24 -20 -16 -12 -10 -10 -8 -8 -7 -7 -7 -6 -6 -6 -9 -13 -7 -6 -6 -6 -7 -5 -4 -4 -4 -4 -4 -4 -5 -5 -6 -6 -7 -8 -9 -10 -12 -13 -13 -14 -15 -16 -18 -20 -22 -14 -28 -30 -22 -31
-1 -5 -9 -12 -15 -18 -17 -16 -16 -17 -19 -19 -19 -19 -28 -26 -25 -23 -20 -19 -17 -16 -15 -16 -17 -15 -13 -11 -11 -10 -10 -10 0 0 0 0 -9 -9 -9 -10 -4 -9 -15 -32 -34 -31 -26 -20 -16 -13 -10 -9 -8 -8 -7 -7 -6 -6 -6 -6 -6 -6 -6 -5 -5 -6 -8 -5 -4 -4 -4 -4 -4 -4 -5 -5 -6 -7 -8 -9 -10 -10 -11 -12 -13 -14 -14 -15 -18 -20 -23 -23 -28 -20 -31 -31
-5 -8 -11 -13 -14 -15 -15 -16 -17 -18 -19 -20 -20 -19 -30 -28 -25 -22 -21 -20 -19 -17 -17 -16 -17 -16 -13 -11 -10 -10 -9 -9 -9 -9 -9 -10 -10 -10 -10 -10 -2 -17 -26 -30 -32 -29 -25 -20 -16 -13 -9 -8 -8 -7 -7 -6 -6 -6 -6 -6 -5 -5 -5 -5 -5 -5 -5 -4 -4 -4 -4 -4 -4 -4 -5 -5 -6 -7 -8 -9 -10 -11 -11 -12 -13 -14 -15 -6 -18 -19 -21 -22 -29 -30 -21 -22
-6 -10 -14 -14 -16 -16 -17 -17 -19 -20 -21 -23 -23 -31 -29 -27 -26 -24 -22 -23 -26 -22 -21 -19 -17 -14 -12 -10 -10 -9 -9 -9 -9 -9 -10 -10 -11 -11 -11 -11 -13 -16 -20 -24 -24 -23 -21 -18 -14 -12 -9 -8 -7 -7 -7 -6 -6 -6 -6 -6 -6 -5 -5 -5 -5 -4 -4 -4 -5 -4 -5 -4 -4 -4 -5 -5 -6 -7 -7 -8 -9 -11 -12 -13 -13 -14 -5 -16 -8 -20 -21 -24 -18 -31 -22 -23
-8 -12 -17 -17 -20 -19 -18 -18 -20 -21 -23 -25 -25 -33 -30 -28 -26 -24 -23 -22 -22 -22 -19 -17 -15 -13 -12 -10 -10 -9 -9 -9 -9 -10 -10 -11 -13 -13 -12 -12 -4 -5 -17 -19 -18 -17 -15 -13 -12 -11 -9 -7 -6 -6 -6 -6 -6 -6 -6 -6 -6 -6 -5 -5 -5 -4 -4 -5 -5 -4 -4 -4 -4 -4 -5 -5 -6 -7 -8 -8 -9 -10 -11 -12 -3 -14 -15 -17 -18 -20 -12 -15 -19 -22 -27 -29
-12 -15 -18 -19 -21 -20 -18 -18 -20 -22 -23 -25 -24 -31 -29 -27 -26 -24 -24 -23 -22 -21 -20 -17 -16 -14 -12 -10 -9 -9 -9 -9 -9 -10 -10 -13 -17 -15 -14 -14 -13 -16 -17 -17 -15 -13 -12 -11 -11 -9 -8 -7 -6 -6 -6 -6 -6 -6 -6 -6 -6 -5 -5 -5 -5 -5 -5 -5 -5 -4 -4 -4 -4 -4 -5 -5 -5 -6 -7 -7 -8 -9 -10 -11 -13 -4 -15 -8 -20 -11 -12 -26 -33 -41 -46 -50
-15 -17 -16 -17 -17 -17 -17 -17 -19 -21 -22 -25 -28 -32 -28 -27 -25 -24 -23 -22 -21 -21 -20 -19 -17 -14 -11 -10 -10 -9 -12 -12 -10 -10 -11 -15 -18 -15 -14 -14 -15 -18 -22 -18 -12 -11 -10 -9 -10 -9 -8 -6 -6 -6 -6 -6 -6 -6 -5 -5 -5 -5 -5 -5 -5 -5 -5 -5 -4 -4 -4 -4 -4 -4 -5 -5 -6 -6 -7 -7 -8 -9 -10 -1 -12 -5 -8 -10 -12 -13 -15 -21 -39 -46 -47 -49
-18 -19 -16 -16 -16 -16 -16 -17 -18 -20 -22 -24 -33 -31 -28 -26 -24 -23 -23 -22 -22 -23 -22 -22 -21 -14 -12 -10 -10 -12 -15 -17 -16 -12 -10 -11 -14 -12 -12 -13 -15 -18 -23 -16 -11 -10 -8 -8 -8 -8 -7 -6 -6 -6 -6 -6 -6 -5 -5 -5 -5 -5 -5 -5 -5 -5 -5 -5 -4 -4 -4 -4 -4 -4 -4 -5 -5 -6 -7 -8 1 -10 -11 -12 -14 -16 -9 -21 -24 -16 -20 -35 -39 -41 -44 -47
-17 -17 -16 -16 -16 -16 -16 -18 -19 -20 -21 -21 -31 -29 -28 -26 -25 -25 -24 -23 -22 -23 -21 -19 -18 -16 -13 -11 -10 -13 -15 -21 -17 -12 -9 -9 -9 -10 -10 -11 -12 -13 -13 -11 -10 -9 -8 -7 -6 -6 -6 -6 -6 -6 -6 -5 -6 -5 -5 -5 -5 -5 -5 -5 -5 -5 -5 -5 -4 -4 -4 -4 -4 -4 -5 -5 -5 -7 -8 -9 -10 -11 -3 -13 -15 -7 -10 -23 -25 -28 -31 -34 -37 -39 -45 -48
-16 -16 -16 -16 -16 -16 -17 -19 -21 -23 -23 -23 -22 -31 -30 -29 -27 -26 -25 -24 -22 -22 -20 -18 -16 -15 -13 -11 -11 -13 -15 -16 -14 -9 -7 -8 -8 -8 -8 -9 -9 -10 -9 -8 -8 -7 -7 -7 -7 -6 -6 -6 -6 -6 -6 -6 -6 -6 -6 -6 -6 -6 -5 -5 -5 -5 -5 -4 -4 -4 -4 -4 -4 -5 -5 -5 -5 -6 -7 -8 -10 -11 -12 -14 -6 -7 -23 -24 -26 -28 -31 -33 -36 -39 -43 -45
-16 -16 -16 -16 -16 -17 -19 -22 -25 -27 -28 -27 -26 -34 -34 -30 -28 -26 -25 -23 -23 -22 -18 -17 -15 -14 -13 -13 -11 -11 -12 -13 -10 -8 -8 -8 -8 -8 -8 -7 -8 -8 -7 -7 -7 -7 -7 -7 -7 -6 -6 -6 -6 -7 -9 -12 -8 -6 -6 -6 -6 -5 -5 -5 -5 -5 -5 -4 -4 -4 -4 -4 -4 -4 -5 -5 -5 -6 -7 -8 -9 -11 -12 -15 -6 -7 -21 -26 -28 -29 -21 -33 -36 -38 -41 -41
-18 -16 -16 -16 -16 -19 -21 -25 -29 -31 -33 -34 -29 -37 -35 -32 -30 -28 -26 -25 -23 -21 -17 -15 -14 -13 -12 -12 -11 -10 -8 -9 -8 -7 -7 -8 -9 -8 -7 -7 -7 -7 -7 -7 -7 -7 -7 -7 -7 -6 -6 -6 -6 -8 -11 -13 -9 -6 -6 -6 -5 -5 -5 -5 -5 -5 -5 -4 -4 -4 -4 -4 -5 -4 -5 -5 -5 -6 -8 -9 0 -11 -13 -14 -6 -8 -21 -23 -26 -29 -31 -22 -34 -27 -30 -39
-18 -16 -16 -16 -18 -21 -23 -27 -32 -36 -39 -38 -35 -42 -40 -36 -32 -29 -27 -23 -21 -19 -16 -14 -13 -12 -11 -11 -10 -9 -9 -9 -8 -8 -7 -7 -8 -8 -7 -7 -7 -7 -7 -7 -7 -7 -7 -6 -6 -6 -6 -6 -6 -7 -9 -12 -8 -6 -6 -6 -5 -5 -5 -5 -5 -5 -4 -4 -4 -4 -4 -4 -4 -5 -5 -5 -6 -6 -7 -8 -10 -2 -13 -15 -7 -18 -21 -23 -26 -29 -30 -32 -24 -26 -29 -29
-16 -16 -16 -17 -18 -21 -24 -28 -33 -37 -40 -41 -39 -45 -41 -36 -33 -29 -26 -22 -20 -18 -16 -14 -13 -11 -11 -10 -9 -9 -9 -9 -9 -8 -8 -7 -7 -7 -7 -7 -7 -7 -7 -7 -7 -6 -6 -6 -6 -6 -6 -7 -10 -11 -9 -10 -7 -6 -6 -5 -5 -5 -5 -5 -5 -4 -4 -4 -4 -4 -4 -4 -4 -5 -5 -5 -6 -7 -7 -8 1 -11 -12 -15 -17 -9 -20 -22 -25 -28 -32 -33 -34 -26 -29 -31
-16 -16 -16 -18 -19 -21 -24 -27 -29 -33 -35 -37 -37 -43 -39 -34 -31 -28 -25 -21 -19 -17 -15 -13 -12 -11 -10 -10 -10 -11 -9 -9 -9 -8 -8 -7 -7 -7 -7 -7 -7 -7 -7 -7 -6 -6 -6 -6 -6 -6 -8 -9 -12 -13 -10 -8 -6 -6 -5 -5 -5 -5 -5 -5 -5 -4 -4 -4 -4 -4 -4 -4 -4 -5 -5 -5 -6 -7 2 2 0 -1 -13 -5 -6 -18 -19 -21 -24 -28 -31 -33 -35 -27 -41 -46
-27 -16 -17 -19 -21 -21 -23 -25 -26 -28 -29 -31 -42 -41 -36 -32 -29 -26 -23 -19 -17 -16 -15 -13 -13 -12 -11 -10 -9 -9 -9 -8 -7 -7 -7 -7 -7 -7 -7 -7 -7 -7 -7 -7 -7 -6 -7 -6 -6 -6 -8 -9 -10 -9 -9 -6 -5 -5 -5 -5 -5 -5 -5 -5 -4 -4 -4 -4 -4 -4 -4 -4 -4 -5 -5 -5 -6 3 -8 -9 -10 -11 -2 -4 -16 -18 -20 -21 -24 -27 -29 -30 -34 -40 -48 -55
-28 -27 -22 -24 -30 -20 -21 -23 -25 -25 -24 -25 -35 -34 -32 -29 -27 -25 -21 -18 -16 -15 -14 -14 -14 -13 -12 -10 -8 -8 -8 -7 -7 -7 -7 -7 -7 -7 -7 -7 -7 -7 -7 -6 -6 -7 -11 -10 -7 -6 -6 -7 -9 -8 -6 -5 -5 -5 -5 -5 -5 -5 -4 -4 -4 -4 -4 -4 -4 -4 -4 -4 -5 -5 -5 -6 -6 -7 2 1 0 -11 -3 -4 -5 -17 -19 -21 -22 -24 -27 -30 -38 -42 -43 -44
-32 -36 -31 -28 -22 -18 -18 -19 -19 -20 -20 -20 -29 -28 -26 -25 -23 -21 -21 -20 -17 -15 -14 -13 -13 -12 -12 -10 -8 -7 -7 -7 -7 -7 -7 -7 -7 -7 -7 -7 -7 -6 -6 -6 -6 -6 -7 -7 -6 -6 -6 -8 -10 -8 -6 -5 -5 -5 -5 -5 -4 -4 -4 -4 -4 -4 -4 -4 -4 -4 -4 -5 -5 -5 -6 -6 -6 2 -8 -9 -1 -2 -2 -13 -5 -6 -17 -19 -20 -22 -25 -27 -30 -31 -33 -38
-34 -26 -38 -28 -22 -15 -15 -17 -18 -17 -16 -27 -26 -25 -23 -22 -20 -18 -17 -17 -17 -14 -13 -12 -12 -12 -13 -11 -9 -8 -7 -8 -8 -10 -11 -11 -10 -10 -9 -7 -6 -6 -6 -6 -6 -6 -6 -6 -6 -6 -6 -9 -9 -7 -6 -5 -5 -5 -4 -4 -5 -5 -5 -4 -4 -4 -4 -4 -4 -4 -4 -5 -5 -5 -5 -6 3 -7 2 0 -1 -2 -2 -3 -4 -5 -8 -19 -20 -22 -24 -25 -26 -27 -29 -31
-31 -28 -16 -13 -12 -11 -14 -15 -16 -29 -31 -33 -32 -30 -28 -25 -22 -19 -17 -16 -17 -15 -13 -12 -11 -12 -11 -10 1 0 -1 0 -2 -5 -8 -17 -18 -16 -14 -12 -9 -7 -7 -6 -6 -7 -8 -10 -10 -11 -10 -15 -9 -6 -5 -5 -5 -4 -5 -5 -5 -5 -5 -4 -4 -4 -4 -4 -4 -4 -4 -5 -5 -5 -5 4 3 2 1 0 -1 -2 -3 -3 -3 -6 -8 -19 -19 -20 -22 -23 -24 -26 -28 -30
-31 -29 -17 -11 -7 -8 -12 -17 -23 -25 -27 -38 -39 -35 -33 -29 -26 -25 -22 -19 -16 -13 -11 -10 -10 -10 -10 -9 1 -1 -1 -2 -7 -11 -14 -26 -26 -23 -20 -16 -13 -10 -8 -6 -6 -9 -16 -15 -16 -16 -13 -13 -8 -6 -5 -5 -5 -5 -5 -5 -5 -5 -5 -4 -4 -4 -4 -4 -4 -4 -4 -4 -5 -5 -5 3 -8 -8 1 0 -1 -2 -3 -4 -4 -5 -6 -16 -18 -20 -21 -12 -24 -25 -26 -18
-28 -14 -9 -6 -9 -14 -18 -25 -27 -29 -33 -46 -46 -41 -38 -35 -32 -28 -23 -18 -15 -13 -11 -9 -9 -8 -8 -8 1 -3 -2 -4 -9 -16 -31 -35 -34 -29 -24 -18 -14 -10 -9 -7 -6 -9 -14 -18 -23 -19 -14 -11 -8 -6 -6 -5 -5 -5 -5 -5 -5 -5 -4 -4 -4 -4 -4 -4 -4 -4 -4 -5 -5 -5 -6 2 2 1 0 -1 -2 -3 -13 -4 -5 -6 -7 -8 -9 -9 -20 -11 -13 -23 -24 -16
-19 -7 -7 -11 -16 -18 -28 -25 -29 -32 -48 -56 -55 -47 -43 -39 -34 -29 -24 -19 -16 -12 -10 -9 -8 -8 -8 -8 1 -1 -3 -7 -11 -26 -33 -39 -39 -33 -26 -19 -14 -11 -8 -7 -6 -7 -11 -16 -19 -17 -14 -11 -8 -6 -5 -5 -5 -5 -5 -5 -5 -5 -4 -4 -4 -4 -4 -4 -4 -4 -4 -4 -4 -5 -7 2 -8 0 0 -2 -12 -4 -4 -4 -5 -6 -7 -7 -18 -9 -10 -20 -11 -12 -13 -14
-6 -7 -11 -17 -21 -24 -32 -36 -38 -41 -47 -52 -52 -48 -43 -38 -33 -28 -23 -18 -14 -11 -9 -8 -8 -8 -8 -8 2 1 -3 -6 -10 -25 -29 -32 -33 -28 -23 -18 -14 -11 -9 -8 -7 -6 -8 -13 -14 -12 -11 -9 -8 -8 -6 -5 -5 -5 -5 -5 -5 -5 -4 -4 -4 -4 -4 -4 -4 -4 -5 -5 -5 -6 3 -7 -8 0 -1 -2 -13 -15 -14 -5 -5 -6 -16 -17 -8 -9 -9 -10 -11 -12 -13 -13
-17 -19 -14 -28 -33 -40 -38 -36 -36 -38 -41 -44 -44 -43 -39 -34 -30 -25 -20 -16 -13 -11 -9 -8 -8 -8 -8 -8 -7 0 -3 -6 -9 -22 -24 -26 -25 -22 -19 -16 -13 -11 -8 -7 -6 -6 -7 -8 -8 -7 -6 -6 -5 -5 -5 -5 -5 -5 -5 -5 -5 -5 -4 -4 -4 -4 -4 -4 -4 -4 -4 -5 -6 -7 2 2 1 0 -11 -2 -3 -13 -5 -14 -14 -15 -6 -7 -7 -8 -8 -9 -10 -11 -12 -13
-13 -16 -21 -23 -29 -37 -39 -36 -32 -33 -35 -37 -37 -36 -33 -31 -28 -24 -19 -14 -11 -11 -10 -8 -8 -8 -7 -7 -8 -9 -12 -15 -17 -20 -23 -22 -20 -18 -16 -14 -12 -10 -8 -7 -7 -7 -6 -6 -5 -5 -5 -5 -5 -5 -5 -5 -5 -5 -5 -5 -5 -5 -4 -4 -4 -4 -4 -4 -4 -5 -5 -5 -6 -6 -8 -9 -9 -10 -1 -1 -2 -3 -14 -4 -4 -5 -5 -6 -6 -7 -7 -8 -9 -11 -13 -14
-17 -19 -23 -21 -21 -25 -29 -31 -28 -30 -30 -31 -32 -32 -33 -34 -32 -32 -28 -17 -10 -8 -8 -8 -8 -8 -7 -8 -9 -11 -13 -15 -19 -21 -20 -19 -18 -17 -16 -14 -12 -10 -8 -7 -7 -6 -6 -5 -5 -5 -5 -5 -5 -6 -5 -5 -5 -5 -5 -5 -5 -5 -5 -4 -4 -4 -4 -4 -4 -4 -5 -5 -6 -6 -7 2 1 -10 -1 -11 -11 -2 -3 -3 -4 -4 -5 -5 -6 -6 -7 -8 -9 -10 -11 -12
-22 -18 -15 -15 -15 -15 -17 -19 -22 -25 -26 -27 -29 -32 -39 -44 -45 -40 -30 -17 -9 -9 -8 -8 -8 -8 -9 -11 -14 -16 -18 -19 -22 -25 -20 -17 -17 -16 -14 -14 -13 -11 -9 -8 -7 -6 -6 -6 -6 -6 -6 -5 -5 -5 -5 -5 -5 -5 -5 -5 -5 -5 -5 -4 -4 -4 -4 -4 -4 -4 -4 -5 -5 4 4 3 -8 -10 -1 0 -1 -1 -2 -3 -3 -4 -4 -5 -5 -6 -7 -8 -9 -10 -10 -11
-21 -20 -18 -16 -15 -14 -14 -14 -15 -16 -18 -23 -26 -30 -40 -43 -39 -31 -22 -12 -9 -9 -8 -8 -8 -9 -13 -17 -22 -26 -28 -28 -27 -26 -19 -17 -17 -18 -18 -17 -16 -15 -15 -13 -10 -7 -6 -6 -6 -6 -6 -5 -6 -5 -5 -5 -5 -5 -5 -5 -5 -5 -5 -5 -4 -4 -4 -4 -4 -4 -4 -4 -5 -5 -6 3 1 -10 -1 0 -1 -1 -2 -2 -3 -3 -3 -4 -5 -5 -7 -7 -8 -18 -9 -10
-23 -24 -24 -22 -19 -16 -15 -14 -14 -14 -14 -17 -20 -21 -26 -29 -25 -19 -13 -10 -9 -9 -9 -8 -9 -12 -17 -24 -30 -36 -38 -37 -32 -25 -19 -19 -21 -21 -21 -20 -19 -20 -21 -18 -14 -9 -6 -6 -6 -6 -6 -6 -6 -5 -5 -5 -5 -5 -5 -5 -5 -5 -5 -4 -4 -4 -4 -4 -4 -4 -4 -5 4 4 3 3 2 1 1 0 0 -1 -1 -2 -3 -3 -3 -4 -6 -8 -10 -10 -8 -18 -19 -10
-27 -29 -27 -24 -22 -19 -17 -16 -15 -14 -14 -14 -16 -16 -16 -17 -15 -13 -11 -15 -13 -12 -10 -10 -10 -13 -19 -27 -34 -41 -48 -42 -34 -25 -20 -20 -23 -24 -24 -24 -22 -22 -23 -20 -15 -10 -6 -6 -6 -6 -6 -6 -6 -5 -5 -5 -5 -5 -5 -5 -5 -5 -5 -5 -4 -4 -4 -4 -4 -4 -5 5 -5 -6 3 -7 2 1 1 1 0 -1 -2 -3 -3 -4 -4 -5 -8 -10 -23 -24 -10 -18 -8 -9
-32 -34 -30 -27 -25 -23 -22 -20 -19 -16 -14 -14 -15 -16 -14 -14 -13 -12 -14 -15 -15 -14 -12 -11 -12 -14 -19 -26 -32 -39 -43 -39 -31 -23 -20 -22 -27 -31 -27 -25 -23 -21 -20 -18 -13 -9 -7 -7 -7 -6 -6 -6 -5 -5 -5 -5 -5 -5 -5 -5 -5 -5 -5 -5 -4 -4 -4 -4 -4 -4 -5 -5 4 -6 3 3 2 2 1 0 -1 -2 -3 -5 -6 -7 -5 -6 -8 -9 -11 -10 -13 -10 -8 -8
-35 -36 -32 -29 -30 -35 -30 -25 -23 -22 -20 -17 -15 -14 -14 -14 -13 -14 -16 -18 -18 -15 -14 -13 -13 -14 -17 -22 -25 -30 -32 -29 -24 -19 -20 -23 -28 -31 -28 -25 -22 -19 -18 -16 -13 -9 -7 -7 -7 -6 -6 -5 -5 -5 -5 -5 -5 -5 -5 -5 -5 -5 -5 -5 -4 -4 -4 -4 -4 -4 -5 5 -5 4 4 3 3 2 1 0 -1 -2 -4 -5 -6 -6 -5 -5 -5 -17 -7 -7 -8 -7 -7 -8
-37 -29 -36 -36 -38 -38 -34 -28 -24 -22 -20 -20 -17 -15 -14 -14 -15 -7 -19 -22 -21 -18 -16 -14 -12 -12 -15 -19 -22 -24 -24 -22 -18 -17 -19 -23 -26 -28 -27 -24 -21 -19 -16 -14 -11 -8 -7 -6 -6 -6 -6 -5 -5 -6 -6 -6 -5 -5 -5 -5 -5 -5 -5 -5 -4 -4 -5 -4 -4 -4 -4 -5 5 5 4 3 2 2 1 1 -1 -1 -3 -3 -5 -5 -6 -6 -15 -5 -14 -5 -5 -5 -6 -7
-33 -34 -40 -43 -36 -32 -30 -28 -25 -23 -19 -16 -14 -14 -14 -14 -16 -11 -24 -27 -24 -20 -17 -15 -12 -11 -13 -15 -17 -18 -17 -15 -13 -14 -17 -21 -23 -23 -22 -20 -17 -16 -14 -12 -10 -8 -7 -6 -6 -5 -5 -6 -6 -6 -6 -5 -5 -6 -6 -5 -5 -5 -5 -5 -4 -4 -5 -4 -4 -4 -4 -5 5 5 4 2 2 1 0 0 -1 -1 -2 -3 -4 -7 -9 -6 -14 -13 -3 -4 -4 -4 -5 -6
-32 -36 -42 -41 -37 -31 -30 -29 -28 -24 -17 -14 -14 -13 -13 -14 -19 -24 -29 -33 -28 -24 -21 -18 -13 -10 -10 -10 -11 -12 -13 -13 -11 -11 -14 -16 -17 -17 -17 -15 -14 -13 -11 -10 -9 -7 -6 -6 -6 -6 -6 -6 -6 -6 -6 -5 -6 -6 -6 -5 -5 -5 -5 -5 -5 -4 -5 -4 -5 -5 -5 5 -5 5 4 2 2 1 0 -1 -1 -2 -2 -3 -5 -8 -9 -5 -3 -3 -3 -4 -4 -4 -5 -5
