data_analyses/maxent/chelseacur_asc/bio_1.asc
ncols         195
nrows         278
xllcorner     -122.86680578405
yllcorner     43.49152724385
cellsize      0.0083333333
NODATA_value  -9999
[rows 204 to 254 of 278, columns 96 to 191 of 195]
68 76 75 82 95 99 91 89 81 87 90 78 71 66 60 56 54 51 47 43 42 46 43 42 42 43 42 41 37 34 30 22 12 -1 -16 -30 -17 -4 9 19 21 25 27 29 26 24 19 20 22 18 25 27 29 31 28 31 34 33 34 36 37 40 42 45 58 65 66 68 70 70 72 75 77 78 80 81 81 82 83 84 84 84 85 86 86 87 88 89 88 88 88 88 88 89 89 89
62 62 63 67 84 97 86 79 77 79 91 88 78 68 63 59 56 52 50 48 51 50 51 53 53 53 46 42 38 34 29 20 10 1 -12 -20 -16 -4 12 26 25 17 21 21 18 17 17 18 13 12 21 24 28 26 27 30 31 31 32 35 35 37 40 42 54 62 65 66 67 69 70 73 74 76 77 79 81 81 82 83 84 84 85 83 85 86 87 88 88 87 88 88 88 88 89 89
53 61 71 78 87 95 87 74 74 77 86 87 85 81 72 66 61 57 57 64 71 68 67 62 55 51 47 45 41 37 31 23 18 11 5 0 -1 9 18 28 28 18 11 8 7 6 6 8 8 10 13 16 18 20 24 27 29 31 32 35 35 37 38 42 49 56 61 63 65 66 68 71 73 75 76 78 79 80 81 82 83 84 84 84 85 85 85 82 82 84 87 87 87 88 89 89
56 62 65 67 85 94 85 70 71 74 81 85 83 84 85 84 81 76 77 80 72 67 62 60 55 52 50 46 43 42 39 33 27 23 18 16 12 12 20 27 29 24 16 -1 -1 3 8 11 13 16 17 19 21 23 25 27 29 32 35 37 38 37 41 44 48 52 57 60 63 65 67 70 72 74 76 77 78 78 80 82 82 82 84 83 83 83 82 77 77 81 85 87 87 87 88 88
48 52 54 62 78 91 87 71 68 71 73 74 75 75 75 74 76 78 75 70 63 53 46 41 37 38 38 36 36 34 36 31 27 28 26 24 25 23 29 32 30 22 18 9 12 15 13 13 16 20 24 25 25 26 28 29 29 31 34 37 40 41 43 45 46 49 54 57 61 64 66 68 70 73 74 76 76 77 80 81 81 82 82 82 83 83 81 79 80 83 86 87 86 86 87 88
58 59 63 73 80 85 89 82 70 68 71 71 70 70 67 64 62 61 59 60 60 61 58 51 47 43 40 35 29 30 36 33 30 30 30 26 29 32 35 36 34 30 25 20 23 22 17 13 18 20 24 27 31 32 31 33 33 33 35 37 38 40 42 44 46 48 51 54 58 62 64 66 68 72 74 74 75 77 78 79 82 81 81 82 83 83 84 84 85 86 86 86 86 84 85 87
57 59 67 72 74 69 82 87 84 80 77 73 68 68 66 63 60 57 55 53 51 51 55 53 50 46 40 36 31 30 33 33 35 33 29 28 28 32 37 39 39 36 32 30 29 26 22 19 21 23 26 28 31 35 39 40 42 40 40 39 40 41 42 45 47 49 51 55 60 62 64 66 68 70 72 74 75 77 78 80 80 80 82 82 83 83 83 84 86 86 86 86 86 86 86 86
48 57 63 62 63 68 81 80 69 75 71 73 73 70 67 64 60 57 53 49 47 45 43 45 46 45 42 39 37 34 33 35 37 32 31 35 31 33 39 42 42 41 40 36 34 29 27 24 25 26 27 30 33 36 39 43 46 47 48 43 43 44 45 46 49 52 56 58 62 64 66 67 69 71 72 73 75 76 78 79 80 81 81 82 83 83 84 85 85 86 86 85 85 85 86 86
47 55 52 53 59 63 71 81 70 64 68 72 74 73 72 68 64 59 55 51 47 45 41 37 39 39 37 37 38 38 38 37 37 40 43 46 46 43 46 46 47 47 43 36 34 32 28 28 26 27 30 32 35 37 38 40 44 47 48 52 50 50 53 58 60 60 64 65 65 64 64 66 69 70 72 73 74 76 77 79 80 81 81 82 83 83 84 84 85 85 85 85 85 85 85 86
51 56 57 56 59 61 64 72 78 72 68 70 70 72 73 70 69 68 61 56 53 49 46 44 43 42 40 37 34 39 41 39 39 44 46 48 42 45 49 49 49 43 32 31 29 36 31 31 29 27 28 30 34 40 42 45 47 49 51 53 58 59 58 57 60 61 59 57 59 61 63 66 69 70 72 72 73 76 78 79 80 80 79 81 82 82 83 84 84 84 84 84 84 85 85 86
63 60 59 58 57 58 60 62 66 69 68 66 63 63 67 67 68 68 65 60 57 54 52 50 48 44 40 41 38 40 43 44 45 48 48 49 42 41 49 50 49 44 41 40 36 36 37 34 31 28 25 28 30 34 41 43 46 49 52 54 54 54 54 54 53 50 52 56 59 61 62 65 67 69 70 71 73 74 77 78 78 79 80 81 82 82 83 83 83 83 84 84 85 85 85 85
59 52 54 56 57 57 60 61 61 63 64 63 63 61 59 58 60 63 63 62 61 58 56 53 50 48 47 46 45 44 46 47 49 50 50 49 44 44 49 49 48 46 44 41 39 38 37 35 33 25 21 22 28 31 35 37 42 44 45 45 46 47 48 50 51 52 54 56 60 62 64 66 68 69 71 72 73 74 75 77 79 80 80 81 82 82 82 82 83 83 84 84 84 85 85 85
65 58 56 57 55 56 57 59 61 63 64 63 61 61 60 58 56 54 52 54 58 59 58 56 54 52 51 50 48 48 49 51 52 53 53 50 46 46 48 49 48 46 43 40 35 31 34 35 32 23 16 18 27 32 33 37 40 42 43 44 46 47 48 50 52 53 55 57 59 62 64 66 68 69 71 72 73 74 76 78 79 80 81 82 82 82 82 82 82 82 82 83 84 84 85 84
66 68 66 63 57 55 55 58 60 62 62 60 61 59 58 58 56 54 50 47 48 51 53 54 54 53 51 51 51 53 54 55 55 54 55 53 49 49 49 50 47 44 40 34 26 20 24 29 33 29 24 23 28 33 35 36 38 40 42 42 45 46 46 47 49 53 56 58 59 61 63 64 67 70 71 73 74 76 78 79 80 81 81 81 81 81 81 82 82 82 81 82 83 83 83 83
56 59 58 62 62 57 57 57 59 61 62 60 57 57 57 56 55 53 51 47 41 43 47 49 51 52 51 50 49 53 56 57 56 52 55 54 52 52 52 50 47 42 34 24 12 7 13 22 29 34 34 35 36 38 39 40 38 40 43 45 46 48 49 50 51 54 56 57 60 62 64 66 68 70 71 73 75 77 79 79 80 80 80 80 81 81 81 81 81 81 81 81 81 82 82 82
55 59 58 59 61 60 60 59 59 60 61 61 59 56 54 53 52 51 49 46 45 43 45 47 49 50 51 51 51 54 56 59 58 53 56 54 55 54 53 51 47 41 33 19 1 -7 3 15 25 34 39 42 43 44 44 43 46 44 43 44 47 49 50 51 54 55 55 57 59 62 65 67 69 70 73 75 76 78 79 80 79 79 80 80 80 81 81 80 80 80 80 80 80 80 81 81
75 70 59 57 58 57 58 59 60 60 61 61 61 60 57 54 52 50 48 47 47 46 43 42 42 46 49 48 46 50 55 59 57 57 58 56 55 55 54 52 49 44 37 26 14 8 12 19 28 36 42 44 46 47 47 46 47 47 46 46 47 49 52 53 53 53 54 57 59 62 65 67 69 71 73 75 76 77 79 79 78 78 78 79 80 81 80 79 78 78 79 80 79 79 79 79
90 87 81 74 65 66 67 64 64 69 72 74 74 70 65 62 59 57 53 50 49 47 45 42 39 40 47 49 52 50 54 58 58 58 58 57 57 55 54 53 51 47 42 34 25 20 22 27 32 39 43 46 48 49 49 50 50 49 48 47 49 50 51 52 52 51 55 57 59 62 65 67 69 70 72 75 77 77 79 79 78 78 78 79 80 80 79 79 78 77 78 78 78 78 78 78
80 85 90 89 87 87 87 85 84 82 75 69 68 67 68 64 61 58 56 52 49 47 46 44 40 42 49 50 53 54 55 57 58 57 56 58 57 56 55 55 53 49 44 38 32 27 24 30 35 39 44 47 49 50 52 52 52 51 46 47 49 50 49 52 52 50 57 60 62 63 65 67 69 72 75 77 78 78 78 78 77 77 78 78 77 78 78 78 77 76 76 76 77 77 77 76
75 68 81 89 82 76 70 68 68 64 61 61 59 58 61 62 61 60 59 55 52 49 49 47 43 43 48 49 50 52 54 56 58 58 58 58 58 57 55 54 53 49 45 40 34 29 26 34 39 41 44 47 50 53 54 55 54 53 52 51 51 52 51 52 52 52 54 59 61 63 63 66 70 73 76 77 78 79 78 78 77 77 76 75 75 77 77 77 76 76 76 75 75 76 76 74
76 63 69 81 86 78 68 63 60 60 60 60 59 57 55 56 56 58 58 57 53 51 50 47 44 46 46 46 48 50 52 55 57 59 60 60 59 58 56 54 52 50 45 41 36 34 35 38 42 45 47 49 52 55 57 56 55 55 55 54 52 53 55 55 54 55 55 56 61 64 66 68 71 73 74 74 76 76 76 76 76 76 74 71 74 76 76 76 75 75 74 74 74 74 75 75
73 59 56 61 73 79 81 79 68 61 61 60 59 55 53 53 54 55 56 56 54 52 49 45 43 46 46 44 43 46 49 53 56 60 62 61 60 58 58 55 53 50 46 43 41 39 40 43 45 48 50 52 54 57 59 60 60 58 57 55 51 52 55 56 56 56 57 57 62 66 68 70 72 74 76 75 76 76 76 76 75 74 74 73 74 75 73 73 74 74 73 73 73 74 74 74
73 69 66 64 61 61 67 67 72 66 61 59 57 56 52 46 48 51 53 53 53 51 49 45 45 45 47 46 43 41 45 50 55 59 62 62 61 61 59 57 53 51 47 45 44 41 43 46 47 50 52 54 57 59 60 62 62 61 59 57 55 54 57 57 57 57 60 61 63 66 68 69 70 73 76 76 76 76 75 75 75 74 73 73 73 71 72 72 72 73 72 72 72 72 73 72
65 65 63 62 59 57 61 62 61 62 63 59 56 54 53 50 41 48 52 51 49 49 49 46 47 47 48 48 47 46 46 50 54 59 62 62 62 62 61 58 55 52 47 41 39 37 41 47 49 52 54 57 59 61 62 63 62 60 61 59 57 53 59 60 60 61 63 65 67 69 70 71 72 73 75 77 76 76 75 75 75 75 74 73 72 71 71 71 72 72 72 71 71 71 71 71
63 63 61 58 56 54 56 58 57 59 59 58 56 54 48 46 48 49 53 50 49 49 48 47 49 50 50 49 49 49 49 52 54 57 61 62 62 61 61 59 54 49 42 34 31 31 38 45 51 54 56 58 61 63 65 65 64 61 63 63 62 62 64 64 64 63 62 67 68 69 71 73 74 76 77 77 77 77 76 75 75 74 73 73 72 71 71 70 70 70 71 70 70 69 68 67
60 60 58 56 53 51 52 55 53 52 55 55 53 53 52 49 49 51 54 54 52 51 49 49 50 52 52 52 52 52 52 55 55 58 60 62 62 61 60 58 54 48 41 35 34 35 38 46 53 57 59 62 63 65 66 67 68 68 68 68 68 67 67 67 67 67 61 64 68 70 71 72 75 77 77 76 76 77 76 76 75 74 73 72 72 71 70 70 70 69 69 69 68 67 66 66
66 58 56 54 52 49 47 50 50 47 50 48 47 49 47 47 49 51 54 56 55 52 49 50 52 53 54 54 54 55 55 57 58 59 61 62 63 62 61 59 55 50 44 43 40 39 43 50 55 59 63 64 65 66 67 68 69 70 71 71 71 70 70 70 70 69 66 66 68 69 72 73 76 77 77 77 76 76 76 75 74 74 73 72 71 69 69 69 69 69 68 68 66 66 65 64
75 61 55 52 50 47 45 44 45 40 43 43 41 42 44 46 48 51 55 57 56 53 51 52 53 54 55 56 56 57 58 60 61 62 63 64 64 64 63 61 59 56 54 52 48 49 49 56 60 62 64 65 66 67 68 68 69 70 70 71 71 71 71 70 71 69 67 67 68 70 72 74 77 77 77 77 76 75 75 74 73 73 72 71 70 69 69 68 67 66 66 66 64 60 63 61
79 66 56 53 51 49 46 42 40 37 38 35 36 40 43 47 49 51 54 57 56 55 54 54 55 55 55 56 58 60 62 63 64 64 65 65 65 65 64 64 62 59 58 57 56 55 53 57 60 62 64 65 66 67 66 67 69 70 71 71 71 72 72 72 70 69 68 67 69 72 74 76 77 77 77 77 76 75 74 73 72 71 72 71 70 70 69 68 65 66 64 64 64 63 62 61
86 72 61 56 54 51 49 45 40 34 31 31 35 40 44 47 50 52 54 57 58 56 57 58 58 58 57 56 59 62 64 64 63 64 66 66 66 66 66 64 63 62 60 59 58 56 55 57 60 61 63 65 66 68 67 67 69 70 71 71 71 72 72 72 72 71 71 72 73 75 76 77 77 77 77 77 76 75 74 73 72 70 71 70 69 68 69 67 66 65 63 62 63 62 60 60
90 78 62 58 54 49 45 44 40 35 30 33 38 42 45 48 51 53 55 58 60 59 59 60 60 61 61 60 59 59 64 61 60 61 66 67 67 67 66 65 64 63 62 61 60 58 57 56 60 61 64 66 67 68 67 68 70 71 71 72 72 72 72 72 73 73 73 74 72 76 77 77 77 77 78 77 77 76 75 74 72 71 70 69 69 68 67 66 64 62 59 61 60 60 58 58
84 83 65 61 58 55 51 47 43 39 33 33 38 42 45 48 51 53 55 58 61 62 61 62 63 63 63 62 61 60 64 63 61 62 66 67 67 67 67 66 65 64 63 62 62 61 58 58 60 62 64 65 67 68 67 69 70 71 72 72 72 73 73 73 73 73 74 74 73 75 76 77 77 77 78 77 77 77 76 74 73 72 71 70 68 68 66 64 63 60 59 59 56 56 57 56
76 76 63 61 59 55 53 50 46 42 39 38 40 43 44 46 50 53 55 57 59 63 63 63 63 63 64 64 62 63 64 66 65 65 67 68 68 68 68 68 66 66 65 65 64 63 59 60 63 64 66 67 68 68 68 66 71 72 72 72 73 73 73 73 74 74 74 75 75 76 77 77 77 77 78 77 77 77 76 75 74 73 71 70 69 67 65 63 62 60 59 57 55 53 53 55
72 73 61 58 55 54 51 49 46 43 41 41 43 45 44 47 49 52 54 56 59 59 55 50 51 57 61 63 63 64 65 67 68 68 68 68 68 68 68 68 66 65 63 63 64 62 62 63 63 65 67 68 69 70 70 68 72 72 72 72 73 72 69 73 74 75 75 75 76 77 77 77 77 77 78 77 77 76 75 75 73 73 72 71 69 63 63 62 61 61 59 57 54 52 53 54
67 67 58 57 54 53 52 49 47 45 41 41 45 45 46 49 50 52 54 56 58 56 44 34 37 46 58 63 65 66 67 68 68 68 68 68 68 68 68 68 67 64 60 58 58 59 60 62 65 67 68 69 71 71 72 72 71 73 73 73 71 72 73 74 75 75 75 76 77 77 77 77 77 78 78 77 77 76 74 73 73 72 71 68 68 66 64 63 61 61 59 56 54 51 52 52
68 65 58 53 51 50 51 50 49 48 44 45 47 46 47 50 51 53 55 56 58 60 54 45 47 56 63 65 67 67 68 68 68 68 69 69 69 69 69 68 63 60 56 53 51 53 54 59 63 67 69 70 71 72 73 73 73 74 74 74 72 67 74 75 75 75 74 76 77 77 77 77 77 78 77 77 76 76 75 74 73 72 70 69 69 68 67 66 64 62 60 57 53 51 50 51
65 61 57 53 50 47 48 50 49 48 47 46 47 46 47 50 51 54 56 57 59 60 61 61 60 63 65 66 67 67 68 68 69 69 69 69 69 69 69 69 64 60 53 46 43 47 52 58 63 66 70 71 72 72 73 74 74 74 74 75 75 75 75 76 76 75 73 76 77 77 77 77 77 78 77 77 76 75 74 73 72 72 71 70 69 69 68 67 64 62 58 59 54 52 51 50
61 58 54 53 51 51 50 49 48 47 46 45 46 46 46 47 51 54 56 57 58 59 60 61 61 62 64 67 68 68 69 69 69 69 69 68 69 69 69 69 67 61 52 48 46 49 53 59 63 67 70 71 72 73 73 74 74 75 75 75 75 76 76 76 76 76 76 77 77 77 77 77 78 78 77 76 76 75 74 73 72 71 71 70 70 68 67 66 65 63 61 60 52 52 50 49
59 56 51 51 49 49 49 48 47 46 44 43 43 45 46 48 50 52 54 53 50 55 56 58 60 63 65 67 68 69 69 69 69 69 69 68 67 67 68 68 66 62 58 54 54 55 57 61 65 68 71 72 73 73 74 74 75 75 74 75 75 75 76 76 76 77 77 77 77 77 77 77 78 78 77 77 76 75 75 74 73 71 70 69 69 68 67 66 64 62 61 58 54 51 49 48
57 54 48 48 45 46 48 47 46 44 42 41 40 42 45 48 50 52 53 54 54 55 58 60 62 65 66 68 68 69 69 69 69 69 68 67 65 65 66 66 65 64 62 60 61 62 64 66 67 68 71 72 74 74 74 74 74 75 75 75 75 75 76 76 76 77 77 77 77 77 77 78 78 77 77 77 76 75 74 74 73 72 71 70 69 68 67 66 64 62 60 57 52 49 44 42
54 51 47 46 44 45 47 47 45 44 42 40 41 45 47 48 50 52 53 54 55 56 57 60 62 64 66 68 69 69 69 69 69 69 68 65 62 64 64 65 65 63 61 62 64 66 67 68 69 70 71 73 74 74 74 74 74 75 75 75 75 76 76 76 77 77 76 76 77 77 78 78 78 77 77 77 77 76 75 75 74 73 73 71 70 68 67 64 62 62 60 56 48 40 35 31
50 48 49 48 48 48 49 48 46 45 43 41 37 43 48 49 51 52 53 54 55 55 56 58 60 64 67 68 68 69 67 66 69 69 67 64 60 63 64 65 64 60 56 60 67 68 70 70 70 71 72 74 74 74 74 74 74 75 75 76 76 76 76 76 76 76 77 77 77 78 78 78 78 78 77 77 76 76 76 75 74 74 73 72 70 67 65 62 60 59 57 50 42 35 33 31
47 46 49 49 49 49 50 49 47 45 43 42 43 45 48 50 52 53 54 54 54 54 55 55 56 63 66 68 69 66 63 61 62 67 68 67 65 66 67 66 64 61 56 63 69 70 71 72 72 72 73 74 74 74 74 74 75 76 75 75 76 76 76 76 76 76 77 77 77 78 78 78 78 78 77 77 77 76 76 74 73 72 71 70 68 66 63 61 58 55 52 46 42 40 37 34
48 48 49 49 49 50 49 48 46 45 44 44 44 47 48 50 51 51 53 54 54 54 56 58 59 61 65 67 68 65 63 57 61 67 70 70 69 69 69 68 67 66 66 68 69 71 72 73 73 74 74 74 74 74 75 75 75 75 75 75 75 76 76 76 76 76 77 77 78 78 78 78 78 78 77 77 77 75 74 73 72 71 70 69 67 65 62 59 56 54 51 47 44 42 36 33
49 49 49 49 50 50 48 46 44 43 42 43 44 45 45 47 49 50 51 53 55 55 57 59 61 63 64 67 67 65 63 62 64 70 71 71 71 71 71 70 70 70 71 71 71 72 73 73 73 74 74 74 74 74 75 74 74 75 75 75 75 75 76 76 76 76 77 77 78 78 78 78 78 77 77 77 77 76 75 74 72 71 70 68 66 65 58 58 55 53 51 48 46 42 38 36
49 49 49 50 50 49 46 43 40 38 37 38 39 42 42 46 49 51 51 53 54 55 59 60 62 64 64 65 67 67 66 66 68 71 71 71 71 71 72 72 72 72 72 73 73 73 73 73 73 74 74 74 75 74 71 68 72 74 75 75 75 76 76 76 76 77 77 77 78 78 78 77 78 78 77 77 77 76 76 74 73 72 70 67 66 65 61 56 54 52 51 48 46 44 40 40
48 49 50 50 49 47 44 41 36 33 32 31 36 39 41 44 47 49 51 52 53 56 60 62 64 65 66 66 67 69 70 70 71 72 71 71 70 71 72 72 72 72 73 73 73 73 73 73 73 74 74 74 75 72 69 67 72 74 75 75 75 76 76 76 76 77 77 77 78 78 78 78 77 78 77 77 77 76 75 74 73 71 69 68 66 64 62 59 56 53 51 49 47 45 41 43
47 49 50 50 48 45 42 38 33 28 26 27 30 33 36 40 44 47 50 53 56 58 61 63 65 66 67 68 68 69 70 70 71 71 72 72 71 71 72 72 72 73 73 73 73 73 73 73 74 74 74 75 74 73 71 68 73 75 75 75 76 76 76 76 77 77 77 78 78 78 78 78 78 77 77 77 77 76 75 74 72 71 69 67 65 64 61 58 56 53 51 49 48 45 43 42
49 50 49 48 47 44 41 37 32 28 24 23 26 30 34 39 44 48 51 55 58 60 61 63 65 66 67 68 69 70 70 70 70 71 71 72 72 72 72 73 73 73 73 73 73 73 73 74 74 74 74 73 71 69 71 70 73 75 75 76 76 76 76 77 77 77 77 78 78 78 78 78 78 77 77 77 76 76 75 74 74 72 70 68 65 64 62 60 57 54 50 49 47 45 42 41
49 50 49 48 46 44 41 38 36 32 30 28 28 33 37 41 45 49 51 56 59 60 63 64 66 67 68 68 69 68 70 70 70 71 71 72 72 72 73 73 73 73 73 73 73 74 74 74 74 74 73 71 68 67 70 72 74 75 75 76 76 76 76 77 77 77 78 78 78 78 78 78 78 78 77 77 76 76 75 74 73 71 70 68 66 65 63 61 58 53 51 49 47 44 40 35
48 50 49 46 45 44 43 41 39 37 36 34 33 35 40 44 48 50 53 58 60 61 63 65 65 66 67 69 69 70 69 71 72 72 72 72 72 73 73 73 73 73 73 73 73 74 73 74 74 74 73 71 70 71 71 74 75 76 76 76 76 76 77 77 77 77 78 78 78 78 78 78 78 77 77 77 77 76 75 73 72 71 70 69 66 64 63 61 58 55 53 51 48 41 33 25
