data_analyses/maxent/chelseacur_asc/bio_13.asc
ncols         195
nrows         278
xllcorner     -122.86680578405
yllcorner     43.49152724385
cellsize      0.0083333333
NODATA_value  -9999
[rows 0 to 42 of 278, columns 96 to 191 of 195]
400 370 367 386 395 380 352 335 337 343 337 321 310 298 283 275 271 262 264 297 350 375 354 331 340 365 386 397 402 407 409 397 382 383 393 394 390 391 392 387 375 354 322 286 262 262 279 291 281 254 238 257 293 312 314 312 306 290 272 260 257 250 233 219 218 213 196 175 160 154 154 156 162 175 187 195 202 207 204 198 198 200 203 202 198 191 185 185 189 189 182 174 173 174 172 169
445 438 437 446 450 437 417 407 411 416 408 389 365 332 296 272 260 254 254 269 304 333 330 313 325 362 386 393 400 405 399 375 354 361 373 369 365 374 383 381 372 360 341 306 269 254 256 262 263 255 249 261 288 304 308 310 306 291 267 243 232 229 226 219 209 195 176 160 152 149 147 148 154 173 199 215 215 206 196 193 198 203 203 198 192 188 187 190 192 189 181 172 171 174 174 171
440 443 447 450 448 441 436 437 440 441 439 431 401 353 314 293 282 270 260 259 269 282 287 288 309 346 371 385 395 395 376 347 333 342 349 348 353 367 377 372 355 338 321 294 271 266 271 272 269 265 261 263 275 290 303 309 306 291 269 246 228 215 208 204 195 179 165 160 160 160 161 160 157 169 198 219 217 204 192 192 199 204 199 190 188 191 193 193 192 187 179 171 170 173 174 172
399 391 397 403 405 404 409 419 427 427 425 427 420 395 373 362 352 330 307 295 290 285 281 279 287 317 351 373 382 372 353 342 346 353 356 359 367 372 368 350 326 306 294 281 280 295 307 304 293 285 278 270 268 276 291 303 298 278 253 235 221 206 192 182 177 175 178 185 192 195 195 192 182 182 200 215 212 199 184 179 190 199 192 184 189 196 197 195 192 188 182 176 173 173 174 172
368 341 328 327 332 341 359 383 401 407 402 404 418 427 427 428 423 407 385 369 350 321 294 276 269 284 312 335 347 349 351 361 372 376 374 374 373 362 341 319 307 300 292 282 282 292 298 294 288 285 282 271 260 260 276 293 292 271 245 227 216 204 188 175 176 194 214 227 232 230 224 217 209 201 205 211 206 193 175 162 167 176 175 180 193 199 198 196 193 190 186 181 177 173 172 171
361 328 293 274 272 279 296 322 349 370 375 376 391 413 426 433 437 436 430 422 405 372 329 291 267 262 270 285 305 329 353 368 373 373 371 364 353 333 313 310 320 329 326 310 290 273 261 253 251 254 256 253 246 249 267 289 295 285 265 245 231 220 206 189 188 212 240 252 251 241 227 221 219 214 211 209 203 192 180 168 160 155 155 170 191 200 199 196 192 189 186 182 178 173 169 166
339 316 287 267 259 257 262 274 291 311 328 339 357 385 407 418 421 421 422 425 426 415 385 345 309 284 269 264 275 303 333 352 358 359 355 342 327 318 319 330 344 358 363 351 323 286 252 232 224 223 225 230 239 253 275 296 303 302 291 271 251 240 229 211 198 211 238 251 250 238 224 218 220 222 219 212 203 196 192 188 180 166 154 160 181 195 197 193 189 186 182 179 175 170 165 160
323 313 306 297 288 282 280 277 273 274 281 294 316 345 377 398 399 399 407 420 428 429 420 401 375 345 313 286 274 282 306 332 345 343 331 319 319 330 343 349 353 361 367 363 348 318 279 247 230 224 221 225 243 269 290 300 304 305 300 284 265 250 240 224 208 211 230 242 241 231 221 218 224 229 228 219 209 203 201 200 197 188 171 161 169 185 191 188 184 180 176 173 170 166 161 155
331 341 364 367 358 349 335 314 295 285 279 275 280 299 334 368 379 381 395 412 419 421 419 414 406 391 364 329 300 287 296 316 327 321 305 300 312 331 341 338 336 342 349 348 343 335 315 289 270 259 248 241 252 277 292 294 295 296 293 282 265 248 233 220 209 208 220 230 231 224 217 219 228 234 234 228 220 215 212 209 204 198 187 173 168 175 180 179 176 172 170 167 163 160 155 151
331 372 417 427 420 412 398 375 351 333 315 298 287 287 305 335 353 363 383 399 404 403 401 399 395 389 375 353 325 305 299 299 297 292 287 289 299 310 313 308 305 311 325 331 328 326 326 318 304 285 264 250 252 265 270 268 266 267 263 252 235 216 202 192 185 185 195 205 208 205 203 208 219 230 234 233 228 223 219 215 208 200 191 182 173 169 169 168 166 165 163 160 156 152 148 144
327 385 425 430 423 423 430 431 418 395 372 357 346 337 335 335 336 346 371 388 387 382 378 375 373 366 355 338 314 292 279 269 260 259 266 275 285 293 289 279 275 283 304 321 319 308 301 297 286 262 238 226 228 232 227 218 214 212 207 198 187 175 167 163 159 159 163 168 170 169 170 177 192 211 224 228 226 221 216 210 202 193 183 175 166 158 154 154 154 155 155 152 148 144 139 129
341 381 397 393 388 397 424 446 448 434 419 414 410 400 386 366 345 339 355 368 366 360 355 350 343 332 315 293 269 250 239 233 229 229 236 246 261 269 262 249 245 257 281 297 293 273 253 243 232 214 198 191 192 191 185 177 173 171 168 165 162 160 158 156 154 152 150 148 147 144 143 146 157 173 189 200 205 204 199 193 184 172 159 150 142 134 131 132 134 136 137 137 135 133 127 117
383 391 381 366 356 361 393 430 445 443 435 431 427 415 399 379 354 334 329 332 332 327 319 309 298 282 264 246 231 222 217 215 214 214 215 219 226 231 226 217 215 224 240 247 239 222 206 197 191 185 179 176 175 173 171 170 170 169 168 166 164 163 162 160 158 155 151 151 154 152 144 138 136 140 147 157 165 169 166 161 154 142 130 123 118 114 111 111 112 113 113 115 116 117 118 119
424 425 410 390 369 355 365 397 426 439 437 427 417 405 390 371 347 323 305 295 289 282 272 260 249 239 230 223 218 216 215 213 210 208 207 206 206 205 203 200 198 200 202 202 197 191 187 184 182 182 181 179 178 179 181 182 184 183 177 173 170 169 167 166 163 159 156 161 173 178 167 152 141 134 130 130 132 134 133 130 126 121 116 113 112 110 107 105 103 101 101 100 100 102 109 119
441 444 439 428 408 382 357 359 391 422 428 416 399 386 374 356 334 309 286 266 253 244 238 231 226 223 220 218 218 224 230 228 221 214 209 206 204 204 203 201 197 195 193 191 189 190 192 192 190 190 192 192 195 198 199 200 199 193 184 177 174 171 169 168 166 161 157 164 182 196 193 179 162 146 135 129 125 122 120 118 116 115 114 115 116 116 112 107 104 101 99 97 95 95 98 105
442 442 441 437 427 404 367 340 359 396 409 395 374 360 349 334 313 287 262 244 235 230 226 223 221 219 218 219 222 236 258 266 254 235 221 214 213 215 214 209 204 201 200 198 197 200 206 208 203 201 206 211 218 221 216 210 204 195 186 181 177 173 170 169 165 159 155 159 174 193 203 199 183 161 144 134 127 122 119 117 115 114 114 115 118 119 116 110 106 103 101 99 95 93 92 92
432 429 428 428 424 411 383 348 342 368 382 370 350 331 318 304 284 261 242 232 227 224 222 221 222 224 227 229 229 238 266 295 297 273 243 227 227 230 227 219 213 213 214 212 213 219 229 232 224 219 225 234 240 238 228 218 208 198 191 187 183 177 171 166 161 156 153 156 167 187 205 207 190 165 145 134 127 123 120 119 117 114 112 113 114 116 117 113 108 106 108 109 107 103 100 96
414 409 409 412 414 409 393 362 337 344 352 340 317 294 278 269 258 244 232 226 224 224 225 226 230 238 249 251 241 232 250 289 317 311 277 251 248 249 240 231 234 243 247 246 249 258 267 269 258 250 253 258 258 251 238 227 215 203 195 190 182 174 166 160 156 153 153 156 164 182 201 206 189 162 140 129 125 123 123 124 121 116 112 111 111 115 119 118 112 109 117 126 130 129 126 120
392 385 385 391 397 397 388 366 337 322 315 298 275 254 244 240 236 231 226 226 231 240 247 250 254 266 281 278 253 231 233 261 296 319 314 297 289 279 268 274 295 313 315 309 306 306 305 300 289 278 275 274 269 258 243 228 212 197 187 179 171 164 160 157 155 153 152 155 161 175 193 200 183 155 135 128 126 127 128 126 122 116 112 110 110 113 119 121 114 111 117 129 141 147 148 145
369 361 359 363 369 369 359 341 314 287 268 254 240 232 228 226 225 224 225 236 262 292 309 315 315 321 325 302 262 234 229 238 263 303 341 355 346 325 319 340 366 377 370 357 347 338 329 319 305 293 287 281 273 258 236 211 192 179 171 167 163 160 159 159 157 153 150 151 155 167 186 195 179 152 135 131 132 132 129 123 118 113 111 110 111 112 114 116 114 113 116 126 137 145 146 143
347 340 335 334 333 325 310 291 268 247 235 229 226 224 225 227 228 226 227 241 279 325 358 376 383 386 374 330 275 244 239 242 252 294 357 393 384 361 356 372 387 388 379 366 354 347 342 333 316 301 292 284 273 253 221 190 175 170 167 164 161 159 158 158 155 151 147 146 149 160 180 190 176 151 138 137 138 133 126 120 116 114 111 111 114 115 114 115 117 121 127 134 138 138 134 128
321 314 307 298 288 274 258 244 233 227 224 223 223 225 232 247 254 244 232 233 251 288 334 374 403 417 408 361 294 254 251 257 258 289 356 396 384 359 353 365 376 378 371 360 348 340 339 336 324 307 293 280 264 236 202 182 179 179 173 165 160 157 155 153 151 147 144 144 147 159 178 182 167 148 140 140 137 129 122 119 119 118 114 112 118 126 130 132 135 137 141 142 137 130 124 117
284 274 265 255 245 235 228 224 223 223 225 226 226 228 244 276 293 278 253 237 231 244 288 343 385 411 415 378 311 267 268 279 268 281 342 386 374 346 337 346 357 360 357 350 342 333 326 323 320 311 292 266 235 204 185 190 204 203 186 170 161 156 154 152 149 146 144 144 151 165 180 175 157 145 142 140 134 126 123 124 126 124 116 114 124 140 152 156 151 143 137 131 124 116 110 105
247 238 232 227 224 222 221 222 224 229 233 235 234 232 244 279 311 311 287 260 238 231 256 305 353 385 399 382 332 288 287 301 285 284 335 378 368 337 321 320 325 331 335 334 329 325 313 299 294 289 270 237 204 187 187 201 221 223 200 175 162 156 154 153 150 147 144 145 155 172 182 170 153 146 143 139 133 129 129 131 131 124 115 114 127 146 160 160 146 128 116 109 104 100 96 92
225 221 220 219 220 222 225 230 234 239 245 250 249 241 237 260 301 332 328 293 256 233 233 261 303 340 363 371 355 321 308 315 309 308 338 354 334 305 288 283 284 291 299 300 295 295 292 277 263 253 233 205 189 196 209 216 226 229 206 176 161 157 158 158 155 150 145 144 154 170 177 166 153 147 143 138 134 134 136 137 132 121 112 112 123 140 151 148 130 113 103 100 98 95 91 88
218 219 221 225 229 234 242 252 255 256 266 279 280 260 238 253 301 351 363 320 270 238 222 227 247 275 305 333 352 354 349 351 353 347 337 315 292 281 280 277 268 261 261 260 255 251 251 249 243 232 211 189 188 212 237 247 250 242 209 177 164 163 166 167 163 155 148 144 148 160 169 163 153 148 144 140 137 138 139 136 128 117 110 109 113 125 136 132 120 110 107 108 106 100 93 90
222 228 235 246 260 275 291 302 294 288 306 324 311 272 243 265 326 380 383 330 275 241 224 224 226 231 252 281 311 341 368 385 389 378 351 323 310 312 315 309 292 277 271 267 259 247 236 231 228 215 195 181 186 215 250 271 277 261 227 198 183 175 173 171 166 159 152 146 144 151 160 160 155 149 145 142 139 138 136 130 121 114 112 110 110 118 127 127 123 121 120 118 110 100 94 95
232 243 257 280 313 344 366 370 350 339 357 359 321 269 243 274 344 398 396 338 278 246 239 246 240 226 236 255 269 291 333 376 393 391 382 373 366 358 349 338 329 325 323 315 302 285 265 244 222 200 183 177 182 207 243 267 276 270 254 235 213 191 179 173 168 165 159 152 147 150 156 157 154 150 146 143 140 137 133 125 119 116 116 114 113 118 126 129 129 128 124 116 105 98 97 98
243 258 281 313 353 390 411 410 393 390 397 377 323 271 244 263 323 382 397 355 294 262 267 276 254 230 242 269 278 286 322 373 392 387 388 394 392 382 368 358 354 353 346 330 309 285 259 229 203 186 178 175 176 189 211 230 243 249 248 239 219 199 193 191 183 175 166 159 154 155 157 156 154 151 147 144 140 134 129 125 122 121 120 119 117 118 120 121 120 116 110 103 97 94 93 91
257 270 295 325 360 393 410 409 404 408 414 395 344 289 257 254 289 347 388 377 331 299 294 279 244 229 252 295 327 341 358 385 391 380 374 378 379 374 365 356 346 335 317 288 256 230 209 194 186 182 179 176 174 175 179 186 194 200 205 203 194 193 207 211 199 183 170 164 160 161 162 160 157 154 149 145 139 133 129 128 127 126 125 123 120 118 115 113 110 105 99 94 90 88 85 83
280 293 312 334 361 387 398 397 397 403 411 406 372 328 301 287 297 340 377 378 357 334 303 259 229 235 277 338 382 390 384 380 375 368 358 348 340 331 322 311 294 275 253 225 202 189 186 188 192 190 183 176 173 172 171 170 168 168 170 171 173 187 212 223 214 193 175 168 165 163 165 165 164 160 154 148 141 136 135 137 136 136 136 133 129 123 117 112 107 99 93 90 88 86 84 82
326 346 364 374 384 392 394 395 395 393 398 404 395 375 355 332 332 363 375 353 330 316 284 242 230 258 318 377 401 391 366 339 319 311 305 293 280 266 253 241 225 210 199 191 188 189 193 199 201 194 183 175 172 171 170 168 166 163 162 162 168 188 216 229 224 204 185 173 167 164 166 168 168 165 159 153 146 142 142 141 138 137 138 136 130 122 115 107 100 94 91 90 90 89 88 87
380 395 408 412 408 401 397 401 400 390 388 397 400 387 366 350 356 380 378 332 284 263 247 234 246 294 351 374 363 336 303 270 247 240 240 236 229 217 206 200 195 192 192 195 199 202 205 208 204 193 182 175 171 170 168 167 165 163 160 160 170 193 219 232 229 213 194 180 171 168 168 168 167 166 163 159 153 145 138 133 128 125 122 119 115 110 104 99 95 92 93 96 99 99 97 98
406 409 412 410 402 394 394 400 401 390 376 372 371 361 356 365 380 395 389 343 286 253 244 250 276 318 334 312 282 259 239 225 221 224 228 225 216 204 197 199 204 203 205 210 213 212 211 210 203 193 184 177 172 169 168 167 165 163 160 160 169 192 216 229 229 217 199 186 178 178 176 172 170 170 168 163 153 140 132 130 128 124 118 113 110 106 102 98 95 95 99 105 110 110 107 105
404 401 396 387 377 375 378 380 376 360 333 310 302 303 320 350 373 387 391 376 343 313 297 294 300 298 276 254 248 242 235 232 235 239 239 231 217 203 198 207 221 226 223 223 221 213 207 203 199 194 188 179 173 169 167 166 165 163 159 158 165 184 209 223 226 218 203 192 193 196 192 184 179 178 173 161 147 141 145 150 149 143 134 126 119 111 104 99 98 100 106 112 114 112 107 102
388 379 363 346 337 335 333 326 312 292 265 244 237 241 257 282 306 332 357 375 381 372 356 338 307 267 241 249 274 283 276 264 255 248 243 235 218 201 198 211 237 250 241 226 219 210 204 202 201 198 191 182 174 170 167 165 164 162 159 157 162 178 204 221 227 220 205 198 205 209 201 190 182 176 168 156 151 158 167 172 168 160 147 133 120 109 103 102 104 107 110 112 113 110 105 100
345 326 304 286 277 273 265 255 244 233 226 223 224 225 228 232 241 261 293 327 355 370 375 368 334 280 246 249 270 287 297 302 296 281 267 250 222 200 200 212 240 254 239 223 214 210 209 209 207 201 192 182 174 171 167 165 163 160 157 155 160 176 202 221 229 225 210 206 210 207 195 184 173 163 157 154 157 161 160 157 152 144 133 120 110 105 106 109 112 113 112 111 110 107 101 96
275 257 242 233 228 226 224 225 227 232 239 244 247 247 243 235 227 226 242 272 308 342 371 386 374 330 279 252 247 256 285 325 342 329 298 255 217 202 206 219 242 249 231 219 213 213 215 213 207 198 190 181 174 171 168 165 162 160 157 155 159 176 200 219 229 231 223 218 215 202 187 175 164 157 153 149 144 138 131 127 123 119 114 109 107 108 110 112 113 111 108 105 102 98 93 89
225 219 218 217 217 221 233 251 268 281 293 300 302 297 278 255 234 223 227 243 267 299 336 369 386 374 336 296 269 258 276 317 343 332 290 238 210 210 222 240 252 247 228 218 215 215 213 207 199 193 188 182 175 172 170 166 163 160 158 155 159 176 199 216 227 231 225 218 212 199 185 174 162 153 145 135 127 122 119 117 115 114 113 112 112 112 110 108 106 103 100 96 93 93 93 92
223 226 229 231 231 236 255 285 310 320 324 328 334 332 305 268 241 227 226 236 249 265 287 317 350 372 370 352 322 285 266 283 304 292 249 217 216 237 255 268 270 250 230 223 222 219 212 206 203 200 194 184 176 173 172 167 163 161 159 155 158 172 194 212 223 222 208 195 188 182 175 166 152 140 132 127 124 123 122 122 121 119 118 116 114 111 109 105 102 100 97 95 96 98 100 101
247 254 255 254 252 252 262 283 306 318 321 324 330 333 314 279 250 234 229 238 257 274 281 286 302 323 342 356 351 315 272 257 261 245 216 208 229 265 284 294 290 264 241 237 239 231 218 210 209 206 196 183 176 173 171 167 164 162 159 155 155 166 184 202 212 203 184 169 162 158 154 147 138 131 129 128 128 127 125 124 122 120 118 115 112 110 108 106 105 104 103 103 104 105 105 102
283 283 276 265 259 256 257 270 298 331 354 362 365 364 342 299 263 246 239 240 255 277 294 302 302 299 299 306 317 319 298 266 238 215 202 208 237 276 299 308 306 283 256 242 237 226 211 201 197 194 186 179 174 172 170 168 166 162 158 155 156 165 182 199 204 187 169 158 153 148 142 136 132 131 131 132 130 128 125 123 120 117 115 113 111 110 109 109 109 109 109 108 106 102 97 92
295 290 280 267 260 255 253 257 276 310 346 371 386 388 365 319 282 261 250 243 243 254 274 296 313 319 310 291 284 298 313 292 243 208 199 208 237 276 301 309 307 283 248 223 210 201 194 189 185 182 179 176 174 172 170 168 166 162 157 156 159 167 185 204 209 193 174 162 155 147 139 135 132 132 132 131 129 127 124 122 120 117 114 112 111 111 110 110 109 107 103 99 95 90 86 83
