data_analyses/maxent/chelseacur_asc/bio_1.asc
ncols         195
nrows         278
xllcorner     -122.86680578405
yllcorner     43.49152724385
cellsize      0.0083333333
NODATA_value  -9999
[rows 102 to 152 of 278, columns 0 to 95 of 195]
123 123 123 122 120 122 119 118 118 118 118 116 115 114 110 108 112 113 108 106 104 102 104 102 99 100 101 107 112 111 109 108 106 104 99 93 93 99 97 90 88 89 86 84 85 90 94 97 101 102 95 94 97 98 97 94 95 99 100 90 84 78 68 63 56 55 63 72 74 62 69 63 75 71 61 55 65 70 75 76 76 84 87 91 89 85 88 90 90 84 79 72 69 70 75 81
123 122 121 120 120 119 119 117 117 117 117 116 115 115 113 110 110 116 107 105 104 102 102 100 98 97 102 108 105 104 105 105 106 103 106 102 91 91 98 98 88 84 84 84 84 87 91 94 99 99 95 91 89 89 86 78 81 90 99 98 93 87 84 78 72 65 58 65 72 61 59 63 73 66 58 56 63 68 72 80 84 79 84 89 79 74 83 81 75 71 66 63 66 71 74 76
123 122 121 119 118 118 119 117 116 116 116 116 114 113 113 111 112 116 114 109 104 102 102 101 98 98 104 104 96 95 92 95 97 93 101 106 94 86 89 97 96 93 87 82 82 81 81 84 90 90 93 96 89 84 79 71 70 79 90 96 101 97 93 89 81 75 67 62 62 58 57 60 65 64 62 68 70 75 79 84 80 75 83 88 75 67 77 80 71 63 57 59 64 68 66 68
120 119 119 119 118 117 117 117 116 116 115 115 116 115 113 112 111 109 107 112 112 103 102 101 100 98 100 101 100 96 92 91 94 92 94 102 97 91 86 87 87 92 94 84 82 81 78 76 77 77 80 86 90 87 76 71 66 70 82 88 92 96 98 94 90 83 73 69 67 69 70 68 60 56 62 67 74 80 75 78 81 75 82 86 79 72 75 80 72 66 61 53 59 60 58 70
120 118 118 117 118 117 117 116 116 116 115 114 114 115 115 113 110 110 108 107 113 106 102 100 101 100 98 99 96 96 97 94 92 88 89 94 98 100 96 92 87 84 91 90 90 87 86 82 80 75 70 70 73 78 78 74 74 67 70 75 78 85 92 97 92 82 80 83 83 81 82 76 67 62 65 72 79 73 70 79 76 69 77 85 77 67 65 72 75 71 60 51 54 56 63 76
118 118 117 117 116 117 117 116 117 116 115 114 113 113 115 115 112 110 109 107 110 111 104 103 102 100 98 95 98 95 94 95 91 90 86 87 88 90 92 98 91 83 84 88 84 81 76 77 81 82 75 67 64 65 65 62 63 67 61 67 77 84 91 93 93 93 88 83 81 83 73 77 72 62 68 76 74 66 75 79 69 69 80 85 79 69 61 63 68 72 59 46 51 62 75 73
117 117 117 117 116 116 116 116 116 116 116 115 114 112 112 115 113 110 108 108 107 107 109 105 102 102 100 98 95 92 92 94 94 91 87 85 84 86 85 92 93 82 79 84 80 76 75 71 70 72 78 80 77 76 75 73 68 60 62 71 78 88 90 86 82 85 87 74 70 73 66 65 66 56 65 70 64 67 76 74 67 68 73 80 80 71 64 55 61 69 61 45 54 66 68 55
116 116 116 116 116 116 116 116 116 115 114 114 114 114 112 112 114 112 110 109 107 103 106 107 104 103 102 102 100 96 92 91 90 89 87 85 83 82 84 89 94 83 78 77 79 80 76 73 71 70 68 70 69 66 65 71 68 67 64 78 87 87 77 78 74 77 89 85 79 68 59 57 64 64 57 53 61 71 73 72 63 64 71 76 80 76 75 65 55 60 63 48 49 59 57 44
118 117 117 117 116 116 116 116 116 116 115 114 114 114 113 110 113 112 111 109 108 105 103 102 105 102 100 102 101 100 98 96 98 97 95 89 86 83 81 84 93 92 88 85 84 82 77 74 72 68 66 65 64 60 59 60 67 72 79 84 85 77 68 73 69 76 86 77 72 70 57 64 72 81 69 59 58 61 67 69 63 66 72 78 74 66 69 72 56 52 60 52 42 51 49 50
119 119 118 117 116 117 117 117 116 115 115 115 115 115 114 112 110 112 110 107 108 108 107 103 101 103 100 101 99 95 94 93 96 96 96 95 90 87 83 83 90 90 91 91 90 88 86 84 82 81 79 77 73 72 68 64 59 66 72 76 77 74 64 64 72 80 79 67 67 57 62 64 80 85 83 78 74 68 63 61 63 73 71 72 67 60 58 69 65 48 51 55 53 49 48 52
120 120 119 118 118 119 118 117 117 117 116 115 114 114 113 113 112 111 111 109 108 107 104 105 100 102 102 101 102 98 94 90 88 94 90 92 91 89 84 82 86 87 88 88 86 85 83 79 76 77 76 77 74 69 69 65 64 74 76 72 68 67 69 68 63 71 64 64 60 65 77 72 78 91 79 66 63 63 64 59 67 67 59 65 65 55 58 58 57 49 53 61 64 66 66 55
120 120 120 120 120 119 118 118 118 118 117 117 116 115 114 113 110 109 108 110 107 106 105 103 100 100 102 101 100 99 96 92 89 90 91 88 85 83 84 84 83 81 78 76 78 81 79 75 70 72 71 72 72 71 69 65 71 80 84 85 76 67 71 78 68 56 65 76 81 81 88 92 90 93 81 75 69 59 57 58 64 65 69 70 70 66 60 52 51 55 53 52 54 57 65 69
121 121 121 121 121 121 120 119 118 118 117 117 117 115 115 114 113 111 106 105 108 105 104 102 98 97 101 97 99 97 97 97 91 89 87 88 86 84 83 80 80 80 74 70 69 76 76 71 64 66 72 78 77 74 66 68 81 87 87 90 85 75 73 83 77 77 68 80 94 96 91 86 82 83 88 92 90 82 77 80 83 82 79 78 79 68 55 55 55 60 62 64 58 63 71 76
121 120 120 120 121 120 120 119 119 119 118 118 117 116 115 114 113 112 110 108 104 105 105 101 99 97 99 95 95 94 94 93 93 93 90 87 85 83 79 79 80 77 77 73 68 67 70 69 72 73 76 83 85 85 83 83 89 93 95 98 99 96 92 98 99 98 88 95 99 94 91 93 81 70 71 81 87 89 88 90 77 66 59 63 74 73 56 52 63 69 72 74 74 75 75 76
121 121 121 120 120 119 119 119 119 118 118 118 117 116 115 114 113 111 111 110 109 108 107 105 100 97 96 95 93 90 89 88 87 89 88 88 87 83 79 76 75 74 73 73 72 71 73 75 78 81 84 89 92 92 90 88 94 97 101 104 108 108 106 103 98 100 100 100 87 75 69 85 90 83 76 71 68 77 73 81 81 67 51 57 69 72 53 53 63 60 57 58 58 54 57 68
121 121 121 121 121 120 120 119 118 118 118 118 118 117 115 115 114 113 112 111 110 109 106 105 104 101 97 94 92 91 90 91 91 88 90 89 90 86 84 81 77 79 77 79 80 82 85 83 82 86 90 93 97 98 97 95 101 107 107 106 105 97 88 82 79 78 78 83 90 79 70 80 71 81 88 77 60 65 71 81 83 72 59 52 60 67 55 45 55 57 58 62 65 66 66 68
121 121 121 121 121 120 120 120 119 119 119 119 118 117 117 116 114 113 110 108 107 107 107 105 103 103 100 96 96 96 98 98 99 96 96 95 94 90 84 84 86 92 90 87 89 95 91 87 87 91 96 98 101 104 105 107 110 111 108 99 92 81 75 69 66 67 65 72 75 69 61 69 64 68 84 81 62 60 74 82 78 68 72 60 50 59 57 58 65 66 64 63 66 66 61 58
121 121 121 121 121 120 120 120 120 120 120 119 118 117 116 115 114 113 112 112 111 111 112 111 110 108 107 106 103 103 103 102 100 100 99 97 96 95 97 96 95 98 97 95 95 100 100 98 96 94 98 104 105 108 110 110 109 106 106 101 97 95 91 91 87 88 85 79 75 71 60 56 59 65 82 79 63 56 69 81 76 63 59 65 57 48 53 57 57 66 72 68 71 68 58 63
121 121 121 121 121 120 120 120 120 120 119 119 118 118 118 118 116 116 117 117 115 113 113 112 111 110 111 112 112 110 111 108 107 105 105 104 103 104 106 104 106 107 105 104 103 105 109 108 104 105 108 109 112 112 111 109 105 102 101 97 80 77 73 81 86 79 75 82 83 81 82 76 67 60 76 72 58 60 74 76 66 65 59 51 53 52 61 66 69 74 70 76 84 67 65 75
121 121 121 121 121 120 120 120 120 120 120 120 120 120 120 119 119 119 119 119 118 116 113 109 108 110 113 115 116 116 116 116 116 115 115 115 115 113 113 113 113 113 111 111 112 111 111 107 108 106 106 107 108 108 106 102 96 93 90 89 79 63 60 62 74 76 62 62 60 65 72 75 75 59 69 74 60 68 66 66 65 53 51 49 52 50 56 55 55 58 54 64 81 87 78 88
121 121 121 121 121 121 121 121 120 120 120 120 119 118 118 118 117 118 119 119 119 119 119 118 117 117 118 118 118 118 118 117 115 115 115 115 110 104 101 104 104 104 102 100 104 107 105 102 100 98 99 102 100 98 98 95 91 85 81 78 71 64 63 65 64 64 68 68 57 56 58 62 65 56 58 62 65 65 56 64 57 51 63 67 67 51 58 64 67 63 58 60 70 88 93 92
121 121 121 121 121 121 121 121 120 119 119 118 118 117 116 115 113 112 115 118 119 119 119 119 118 118 118 117 117 118 118 118 115 114 115 114 111 106 105 103 100 95 96 96 98 101 99 98 97 95 92 95 99 97 94 92 95 95 89 81 77 80 84 82 68 76 81 79 75 70 62 64 69 72 68 55 67 70 71 65 62 62 66 81 73 61 55 59 63 68 79 78 76 83 96 98
121 121 121 121 121 121 120 120 119 119 119 118 117 116 115 115 114 112 110 110 115 116 116 115 113 113 113 112 113 115 116 118 117 117 117 117 116 114 113 113 111 105 106 105 105 105 103 104 103 102 103 104 104 103 102 100 101 101 99 91 89 88 98 91 85 88 86 85 84 77 66 79 85 81 68 56 62 70 83 85 87 88 84 89 81 76 68 71 73 66 80 92 96 98 99 94
122 121 121 121 121 120 120 120 120 120 119 118 117 116 115 113 113 112 111 110 109 108 112 113 111 105 103 102 102 106 109 113 116 117 117 117 117 117 117 117 117 115 114 113 112 110 108 108 108 108 108 109 109 110 109 108 108 107 106 104 106 102 105 104 102 104 100 95 91 87 79 89 90 73 60 56 64 70 67 71 77 85 90 96 93 88 73 86 81 87 98 92 91 96 91 90
122 121 121 121 120 120 119 120 120 119 118 118 117 115 114 113 111 112 112 114 111 110 112 117 116 113 109 105 103 102 102 104 105 107 112 114 115 115 115 114 114 116 116 117 116 116 116 115 115 115 115 114 114 114 114 113 113 113 113 113 112 111 110 109 108 103 103 104 107 104 94 97 93 79 65 54 59 60 58 58 65 69 73 78 95 95 85 97 98 98 90 77 80 91 86 79
121 121 120 120 120 120 119 118 118 117 116 116 115 114 113 113 112 115 117 118 116 117 117 118 115 109 108 103 102 100 98 97 97 98 102 104 107 109 109 111 111 112 112 113 114 115 115 115 115 114 114 113 113 114 113 112 112 111 105 104 107 105 101 99 102 98 95 91 90 94 104 101 83 70 64 54 62 68 73 69 64 66 75 77 91 101 102 98 92 84 85 74 75 82 76 70
122 121 120 120 120 120 118 117 116 115 115 114 113 112 112 111 112 114 116 118 119 119 118 118 118 118 116 109 103 100 94 91 90 91 95 96 98 101 103 106 106 106 104 106 108 111 112 111 110 110 112 111 112 112 111 107 107 106 103 101 98 97 92 89 95 95 89 82 72 79 96 105 91 78 75 62 54 58 73 86 79 84 91 97 102 105 100 89 86 75 71 69 77 73 69 68
121 121 121 121 120 119 118 117 116 115 114 113 113 115 117 117 116 114 116 118 119 119 118 118 119 119 118 117 112 106 100 97 96 96 96 98 100 101 100 100 100 101 102 104 105 105 103 103 104 106 109 106 105 103 103 101 103 100 97 97 90 85 79 74 82 87 85 73 67 75 90 104 104 102 87 76 66 57 69 81 93 96 103 106 107 106 105 102 91 84 78 75 84 78 75 75
121 121 121 121 121 121 120 121 119 118 117 116 117 118 120 121 120 118 119 118 117 116 116 115 115 116 116 118 116 113 110 102 100 100 99 102 105 98 94 92 89 93 94 94 94 93 92 93 98 101 106 106 98 92 90 92 97 95 91 90 90 86 78 67 69 73 76 75 75 85 95 93 84 101 102 93 74 59 68 80 94 104 106 103 105 107 102 102 104 96 84 86 89 85 82 82
123 123 123 123 123 122 122 122 122 122 122 122 122 122 121 120 120 120 120 118 118 118 118 117 116 113 112 112 115 116 115 113 111 111 109 107 104 101 96 92 92 90 90 85 80 77 84 91 95 95 93 97 103 99 90 88 92 90 87 83 79 83 77 66 57 59 65 75 83 81 76 79 86 96 100 102 86 68 74 90 102 107 107 106 105 101 95 89 97 104 102 100 93 95 94 92
123 123 123 123 123 123 123 122 122 122 121 122 119 117 115 114 115 116 119 120 119 118 117 116 115 109 105 104 107 110 106 109 111 112 114 113 110 108 101 98 98 100 97 89 85 80 75 84 86 83 81 86 91 97 97 90 87 86 84 82 78 74 72 66 58 57 65 77 70 66 67 74 83 94 97 107 99 83 89 99 106 107 102 100 99 93 84 80 84 87 97 102 102 103 100 96
123 123 121 118 121 122 123 122 122 119 118 117 116 110 108 108 110 112 115 117 120 118 118 116 113 114 110 108 107 102 100 99 100 99 104 104 106 108 108 107 105 104 101 97 95 91 84 78 75 73 71 74 79 87 91 90 89 91 86 80 77 72 75 68 57 55 62 61 59 59 67 73 83 97 101 101 102 105 106 107 103 99 90 82 83 82 71 78 83 89 93 92 92 96 101 101
122 122 122 118 115 118 121 123 120 112 112 112 112 111 108 106 108 111 113 114 118 118 116 117 108 107 105 105 106 103 99 99 96 94 94 96 99 100 105 104 106 106 108 106 103 102 99 94 91 86 75 65 68 77 78 78 79 83 86 83 74 62 63 65 62 55 54 59 67 72 78 85 97 93 86 85 93 93 96 102 101 93 87 79 72 71 73 79 75 82 83 83 82 82 90 94
120 120 121 121 121 118 119 123 122 116 110 110 107 107 106 106 105 107 109 112 115 117 113 114 111 100 96 96 100 101 94 92 92 89 89 92 93 95 99 98 102 101 101 106 105 103 104 104 102 93 82 76 67 68 68 65 71 73 76 76 77 65 60 60 58 61 63 71 80 85 89 92 92 81 69 77 83 83 87 88 103 103 97 92 81 80 80 87 82 83 81 75 74 75 79 84
119 119 122 123 123 123 123 123 123 122 120 117 112 110 106 105 104 109 111 111 114 114 110 110 109 105 100 96 92 96 93 86 83 85 86 88 91 93 92 95 95 96 97 101 98 97 99 99 101 101 92 85 85 83 78 69 66 67 67 66 71 68 68 65 60 62 62 65 69 79 86 81 87 79 66 71 75 68 73 88 98 90 98 99 99 97 95 94 90 92 86 80 72 70 72 73
122 121 123 123 123 123 123 123 123 123 123 123 122 119 115 113 112 118 115 108 108 107 106 105 104 102 99 95 88 88 87 78 73 76 79 84 86 85 86 86 90 92 93 92 91 92 94 96 95 97 98 97 94 89 87 83 75 79 78 71 63 64 63 67 71 70 69 73 66 68 72 73 84 80 70 62 64 69 82 93 85 72 86 81 86 94 99 100 98 91 83 80 76 70 72 72
123 123 124 124 123 123 123 123 123 123 123 123 123 122 122 121 121 118 111 108 106 103 100 98 98 96 93 90 82 77 78 77 69 67 69 75 80 76 78 82 85 87 85 86 88 91 90 91 88 86 86 93 91 93 93 92 89 89 87 80 79 79 75 77 73 80 79 85 83 75 70 70 80 73 64 61 67 73 83 89 76 68 72 65 65 82 87 98 99 91 87 83 80 83 82 80
124 124 124 124 123 123 123 123 123 123 123 123 123 122 122 122 121 119 112 111 108 105 102 99 96 94 91 88 83 78 73 72 74 68 62 70 72 70 74 78 77 79 82 85 86 87 83 82 75 73 81 84 77 84 83 82 78 79 81 81 75 77 75 73 83 84 88 90 88 83 73 70 69 62 63 65 72 78 82 88 77 76 64 58 69 80 90 98 98 98 97 93 91 86 84 81
124 124 124 123 123 123 123 123 122 122 122 122 123 122 122 122 120 119 114 115 113 108 105 102 99 97 94 88 84 81 76 70 67 73 68 62 64 63 68 70 73 74 78 81 81 78 73 70 68 65 71 74 70 76 72 71 71 70 65 67 67 72 77 79 81 90 94 85 79 76 70 77 79 74 74 66 65 69 78 84 69 66 64 55 68 80 91 93 94 96 97 93 85 80 76 73
123 124 124 123 123 123 123 122 122 122 122 121 121 122 122 121 120 119 118 117 112 109 105 102 99 97 95 91 84 78 74 69 67 63 62 62 67 72 74 77 81 82 80 79 77 73 69 69 68 62 60 65 66 63 66 73 80 82 77 76 71 80 83 89 87 94 90 81 78 79 81 86 86 79 77 69 65 71 74 79 67 56 56 58 73 83 83 87 89 85 92 93 87 82 76 67
123 124 124 123 123 123 123 122 121 122 122 121 121 121 121 121 118 119 117 115 115 111 106 105 98 94 92 90 86 82 78 78 71 69 67 64 67 71 78 85 85 86 84 81 78 77 79 78 76 68 59 62 70 74 80 82 83 89 91 82 76 77 91 85 95 97 93 91 90 90 89 85 83 81 73 63 63 65 69 73 66 57 57 67 76 75 78 86 82 81 90 94 88 83 76 68
123 123 124 123 123 123 123 123 122 121 121 120 120 120 121 121 120 115 112 113 111 111 109 107 103 98 93 90 87 83 86 80 75 77 70 71 77 78 84 91 92 91 85 79 74 67 68 66 74 71 65 61 63 72 74 83 90 97 92 89 79 81 92 94 99 91 87 84 87 81 79 74 76 72 74 65 61 62 62 63 62 61 60 66 71 75 76 77 75 76 84 89 88 80 74 70
123 123 123 123 124 124 124 124 122 122 121 120 119 119 119 119 119 119 114 115 114 115 112 110 107 103 97 92 96 98 99 96 89 83 79 82 92 96 97 95 94 91 81 68 68 70 65 60 68 65 63 69 78 83 84 87 99 95 85 82 85 84 89 100 96 84 78 76 76 72 71 70 64 65 71 61 67 65 66 67 65 70 69 65 63 66 65 68 64 66 74 81 90 83 77 73
123 123 123 123 124 124 124 124 123 122 121 120 120 119 118 117 117 117 117 118 117 116 114 115 114 113 109 103 103 103 102 102 100 93 90 92 96 102 99 95 91 87 81 74 69 65 62 58 57 62 67 74 79 86 94 95 101 95 90 95 95 89 97 99 93 89 88 86 79 78 81 72 64 74 79 72 75 73 75 75 75 79 75 68 63 60 59 60 57 62 72 81 78 79 78 70
123 123 123 123 124 123 124 124 123 123 122 120 119 118 118 118 117 117 116 116 115 114 110 107 109 111 112 112 110 110 107 107 107 104 101 98 102 102 97 91 87 86 82 73 71 70 66 62 69 74 81 82 83 84 89 98 105 100 102 103 103 102 102 98 84 84 83 81 74 82 85 71 75 76 84 85 88 86 84 85 85 83 79 75 72 69 66 61 57 63 73 76 68 71 72 71
123 123 123 123 123 123 122 123 123 122 122 121 120 120 119 118 118 118 118 117 117 115 112 109 102 101 103 105 111 107 106 107 106 108 106 104 104 100 96 92 86 81 77 66 61 59 62 66 73 82 89 93 93 91 89 103 97 84 87 89 92 93 88 98 99 94 94 94 91 89 90 80 87 90 88 86 79 76 81 81 80 80 78 78 79 75 71 65 57 62 68 68 62 62 66 69
123 123 123 123 123 122 122 121 122 122 123 122 122 121 121 121 121 117 116 117 114 112 113 110 103 96 93 97 101 104 103 103 102 104 103 101 101 99 96 94 90 86 80 76 70 61 64 70 77 84 87 87 94 101 101 104 96 93 90 86 82 87 80 84 97 88 92 89 87 85 93 90 91 80 79 71 68 75 74 72 74 75 67 63 76 75 73 68 62 57 59 58 55 56 63 69
123 121 121 122 123 122 123 122 119 120 121 121 121 121 120 120 119 119 118 117 115 115 111 103 99 96 86 89 97 103 101 101 101 101 99 97 96 97 96 96 92 90 86 82 75 69 63 68 72 74 79 87 93 102 107 95 91 89 83 77 79 70 68 74 92 88 85 77 74 71 88 79 82 81 66 60 63 69 62 67 71 70 69 69 73 71 66 64 60 58 55 55 60 59 57 58
121 118 116 118 121 122 122 123 121 121 119 119 118 120 118 117 115 114 111 112 113 111 108 105 106 102 96 92 96 100 99 98 99 97 94 91 92 88 87 86 82 84 88 88 83 81 78 76 74 79 82 90 103 107 97 85 73 73 67 65 70 60 60 75 87 90 82 73 63 76 78 75 66 78 70 58 59 62 59 61 66 66 66 61 58 62 62 60 62 68 67 66 70 66 64 59
120 115 113 115 118 120 121 122 122 121 121 121 121 120 117 117 118 116 114 112 114 112 111 108 107 106 103 100 97 96 98 97 94 93 90 85 84 84 76 76 79 82 89 94 91 88 86 87 89 88 94 98 108 100 91 79 66 63 66 77 79 73 72 68 68 72 69 73 59 65 69 66 59 67 69 60 60 67 64 60 59 68 70 69 65 63 61 62 63 72 79 80 76 74 69 67
121 119 117 114 115 116 117 118 120 119 117 118 117 119 118 115 115 113 113 116 115 112 106 105 105 102 98 95 93 89 95 94 90 87 84 81 77 78 75 78 88 85 91 94 99 92 88 94 101 102 103 108 102 93 81 71 66 70 85 93 96 96 95 90 78 69 60 65 60 60 68 71 64 57 59 63 68 74 68 65 67 76 78 77 74 71 70 74 76 80 83 83 81 78 74 72
