data_analyses/maxent/chelseacur_asc/bio_12.asc
ncols         195
nrows         278
xllcorner     -122.86680578405
yllcorner     43.49152724385
cellsize      0.0083333333
NODATA_value  -9999
[rows 76 to 113 of 278, columns 87 to 173 of 195]
1668 1646 1700 1801 1824 1740 1665 1640 1622 1631 1664 1691 1697 1746 1873 2022 2116 2155 2190 2155 1935 1650 1528 1736 2082 2142 1902 1710 1793 1914 1767 1561 1483 1518 1743 1956 1961 1902 1902 1886 1789 1630 1509 1479 1521 1563 1555 1552 1575 1548 1461 1358 1276 1229 1224 1266 1306 1303 1236 1148 1087 1067 1103 1189 1245 1209 1127 1054 996 950 910 894 907 923 942 1005 1094 1128 1059 920 801 736 710 690 676 665 653
1419 1411 1379 1410 1489 1615 1784 1911 1964 1984 2003 1992 1931 1830 1757 1765 1817 1874 1956 2052 2016 1815 1698 1867 2125 2142 1977 1901 2002 2058 1929 1802 1737 1760 1942 2073 2035 1942 1906 1911 1860 1688 1494 1383 1363 1392 1417 1484 1604 1680 1666 1573 1438 1306 1215 1190 1200 1183 1137 1082 1047 1040 1059 1094 1117 1120 1115 1100 1052 985 921 867 835 818 823 871 981 1077 1062 939 811 732 696 672 655 647 634
1517 1544 1414 1302 1333 1537 1825 2047 2168 2218 2237 2237 2202 2115 1984 1872 1817 1798 1829 1949 2036 1972 1957 2088 2162 2083 1982 1980 2067 2099 2018 1935 1896 1928 2015 2025 1940 1858 1852 1917 1932 1800 1580 1388 1280 1254 1284 1386 1555 1695 1744 1698 1564 1374 1218 1147 1126 1094 1047 1016 1000 1007 1024 1038 1019 986 969 980 975 937 887 844 804 772 752 759 830 939 980 902 797 722 680 651 630 620 617
1721 1753 1587 1396 1320 1366 1541 1807 2072 2234 2302 2327 2335 2324 2277 2207 2146 2092 2057 2075 2078 2025 2037 2089 2072 2007 1944 1909 1944 1990 1965 1923 1897 1898 1917 1897 1824 1754 1772 1872 1930 1865 1688 1475 1296 1216 1233 1313 1434 1545 1622 1628 1523 1335 1173 1101 1076 1045 1009 989 981 972 968 972 961 927 895 882 879 867 848 825 809 800 784 765 764 800 827 793 737 690 661 639 620 603 594
1845 1891 1722 1522 1424 1364 1348 1497 1822 2122 2280 2348 2378 2393 2406 2397 2365 2323 2281 2195 2037 1893 1827 1794 1773 1768 1774 1813 1908 1997 2026 2008 1938 1854 1817 1808 1764 1685 1678 1753 1805 1770 1657 1497 1340 1256 1265 1320 1386 1412 1437 1458 1390 1260 1162 1122 1098 1054 1008 989 990 977 947 921 910 903 894 881 874 888 903 890 874 881 876 854 839 824 806 781 748 711 680 654 626 601 582
1908 1959 1823 1673 1614 1535 1414 1372 1565 1916 2181 2294 2338 2368 2394 2390 2362 2330 2299 2165 1935 1756 1677 1647 1629 1582 1579 1746 1994 2143 2155 2076 1954 1850 1780 1749 1709 1626 1576 1583 1568 1506 1433 1360 1311 1305 1318 1370 1434 1432 1394 1365 1326 1278 1254 1255 1236 1154 1050 990 977 965 934 906 895 893 897 902 912 938 968 958 937 945 946 930 923 914 892 864 822 767 721 677 638 606 585
1989 2071 2013 1942 1863 1728 1555 1391 1412 1692 2009 2183 2260 2316 2363 2373 2357 2347 2327 2210 2009 1881 1865 1878 1816 1659 1561 1733 2048 2213 2198 2064 1909 1814 1750 1706 1664 1574 1473 1403 1339 1268 1222 1215 1252 1296 1329 1390 1469 1494 1456 1400 1359 1350 1366 1402 1406 1309 1134 1011 971 965 947 914 888 876 873 885 904 939 968 960 941 943 953 948 936 921 911 891 856 802 754 703 656 618 591
2063 2228 2268 2208 2038 1812 1598 1398 1337 1535 1858 2106 2235 2314 2363 2387 2401 2405 2400 2334 2200 2119 2132 2116 1981 1748 1624 1799 2069 2204 2205 2103 1949 1826 1754 1701 1635 1522 1379 1281 1242 1222 1200 1208 1244 1264 1289 1351 1429 1468 1456 1397 1342 1344 1395 1457 1474 1388 1203 1053 1018 1033 1016 966 913 875 854 853 864 891 923 943 939 931 939 958 952 926 899 882 856 822 784 742 692 645 607
2028 2259 2348 2242 1995 1748 1529 1343 1299 1462 1757 2030 2190 2269 2309 2332 2350 2368 2381 2366 2304 2241 2210 2151 1984 1735 1665 1873 2089 2180 2194 2142 2023 1889 1774 1671 1586 1495 1365 1266 1257 1284 1279 1277 1297 1276 1239 1258 1318 1363 1362 1309 1238 1255 1346 1416 1419 1354 1229 1116 1081 1096 1072 1007 944 900 869 848 838 846 867 904 929 932 937 968 995 981 949 926 900 874 847 808 759 707 653
1886 2123 2219 2067 1814 1612 1427 1291 1274 1399 1631 1860 2000 2058 2079 2083 2094 2130 2182 2241 2273 2267 2219 2133 1971 1717 1636 1839 2030 2092 2101 2055 1961 1829 1684 1582 1571 1572 1461 1314 1283 1337 1369 1383 1384 1323 1224 1191 1214 1235 1230 1192 1146 1175 1277 1354 1370 1343 1274 1189 1130 1106 1063 1003 961 925 896 865 837 817 812 833 880 915 920 932 967 989 982 958 932 911 894 873 845 807 756
1863 2080 2137 1921 1665 1517 1381 1282 1253 1315 1462 1619 1717 1748 1734 1695 1686 1717 1784 1897 2032 2135 2130 2033 1857 1605 1478 1593 1743 1801 1820 1797 1730 1634 1553 1557 1648 1695 1565 1359 1279 1325 1390 1433 1436 1352 1231 1180 1180 1176 1156 1134 1123 1159 1252 1352 1422 1427 1360 1252 1171 1126 1091 1052 1013 963 914 868 834 810 789 781 826 883 894 882 897 931 957 947 918 889 874 871 869 864 834
1990 2217 2232 1958 1679 1541 1414 1311 1265 1265 1323 1415 1515 1584 1581 1512 1466 1461 1478 1531 1647 1767 1790 1696 1551 1394 1319 1338 1386 1433 1503 1577 1609 1601 1631 1708 1782 1788 1642 1415 1280 1268 1315 1368 1376 1311 1226 1196 1198 1186 1165 1163 1187 1243 1335 1445 1539 1558 1470 1338 1251 1221 1204 1148 1061 976 914 867 828 804 783 766 786 839 871 860 854 879 914 923 905 876 851 831 824 821 805
1997 2266 2290 2014 1719 1546 1417 1332 1284 1256 1262 1338 1492 1663 1734 1669 1577 1531 1507 1486 1475 1471 1442 1376 1338 1348 1372 1360 1321 1323 1394 1486 1551 1594 1690 1794 1847 1845 1728 1499 1315 1243 1240 1270 1284 1259 1227 1220 1232 1230 1224 1262 1358 1448 1515 1574 1630 1643 1581 1462 1363 1306 1250 1151 1040 991 973 922 858 816 792 773 767 788 820 832 839 852 863 873 881 873 848 821 794 776 770
1872 2135 2148 1892 1630 1473 1375 1329 1287 1254 1254 1326 1506 1739 1899 1896 1812 1748 1723 1700 1646 1557 1461 1403 1436 1534 1599 1565 1480 1438 1451 1440 1390 1385 1505 1681 1788 1816 1736 1543 1364 1271 1237 1245 1265 1259 1241 1254 1283 1300 1304 1363 1499 1604 1630 1623 1635 1651 1628 1553 1446 1337 1232 1131 1080 1105 1122 1048 959 896 848 807 769 751 753 776 819 841 820 803 811 808 789 776 759 747 757
1737 1931 1905 1702 1524 1415 1353 1320 1283 1253 1257 1315 1458 1682 1904 2025 2052 2042 2042 2028 1972 1870 1732 1629 1660 1767 1824 1779 1688 1658 1671 1587 1424 1333 1414 1608 1741 1750 1664 1532 1415 1338 1290 1293 1314 1302 1277 1308 1378 1429 1423 1419 1481 1560 1589 1571 1566 1587 1590 1563 1502 1415 1336 1273 1244 1243 1210 1117 1045 1009 947 861 787 739 719 738 807 853 834 797 764 728 697 685 683 698 721
1681 1834 1792 1637 1512 1423 1355 1315 1283 1264 1295 1366 1464 1631 1860 2060 2175 2230 2239 2201 2132 2058 1966 1870 1860 1912 1923 1876 1838 1877 1925 1812 1590 1460 1534 1693 1772 1741 1643 1550 1487 1432 1389 1398 1434 1426 1401 1442 1532 1599 1587 1508 1447 1447 1477 1476 1467 1477 1494 1507 1496 1471 1444 1413 1361 1293 1186 1064 1012 1020 997 918 831 766 725 730 797 867 879 848 800 733 680 652 639 651 671
1726 1863 1798 1634 1522 1457 1397 1343 1291 1272 1326 1408 1478 1588 1780 1986 2119 2172 2136 2019 1902 1881 1905 1903 1895 1902 1891 1854 1861 1940 2012 1942 1742 1627 1697 1808 1829 1767 1677 1605 1560 1530 1508 1515 1544 1551 1556 1592 1642 1683 1668 1586 1473 1406 1392 1379 1364 1359 1377 1403 1412 1404 1394 1378 1338 1266 1131 973 897 916 944 925 875 816 759 734 773 844 884 881 844 787 729 684 649 630 622
1815 1892 1756 1592 1528 1511 1468 1379 1288 1263 1316 1391 1448 1502 1588 1703 1803 1848 1791 1640 1521 1529 1593 1629 1647 1687 1721 1721 1749 1856 1967 1970 1867 1791 1840 1911 1914 1849 1767 1711 1687 1670 1642 1594 1535 1497 1513 1560 1595 1610 1594 1540 1459 1391 1354 1317 1274 1248 1256 1288 1304 1298 1287 1283 1270 1216 1086 929 837 816 836 852 851 829 779 732 741 797 854 879 861 819 766 722 678 636 610
1996 1974 1797 1680 1666 1653 1580 1445 1320 1286 1344 1452 1543 1558 1506 1453 1441 1454 1443 1406 1394 1409 1409 1389 1366 1373 1406 1419 1471 1619 1812 1921 1912 1892 1931 1995 2018 1973 1900 1860 1855 1841 1787 1677 1522 1388 1337 1358 1396 1409 1400 1372 1329 1293 1278 1255 1206 1156 1147 1182 1208 1217 1219 1230 1240 1209 1117 984 863 791 761 759 766 768 744 707 703 744 800 839 841 806 759 726 699 671 671
2271 2184 2035 1976 1946 1843 1699 1552 1409 1341 1390 1514 1638 1699 1652 1526 1419 1381 1405 1463 1523 1533 1487 1412 1336 1274 1233 1205 1221 1335 1569 1784 1869 1897 1948 2013 2050 2026 1966 1931 1924 1898 1837 1724 1562 1378 1238 1188 1183 1182 1174 1163 1144 1129 1136 1148 1120 1073 1057 1078 1115 1159 1199 1226 1233 1219 1182 1087 935 814 747 713 700 698 689 670 664 688 731 769 780 757 725 705 699 700 740
2448 2353 2251 2198 2101 1920 1719 1554 1426 1357 1401 1514 1640 1756 1797 1729 1612 1559 1562 1595 1665 1722 1672 1555 1450 1373 1310 1246 1176 1187 1359 1618 1794 1866 1907 1955 1991 1990 1946 1898 1871 1824 1750 1664 1539 1363 1208 1123 1089 1064 1042 1029 1014 996 999 1012 1007 979 962 970 1007 1089 1172 1205 1209 1206 1211 1162 1024 874 776 716 685 671 667 659 651 651 674 701 710 705 694 691 688 707 768
2377 2300 2219 2136 2022 1849 1633 1441 1336 1320 1409 1551 1686 1822 1933 1951 1897 1861 1830 1774 1824 1958 1941 1769 1601 1494 1429 1349 1225 1155 1248 1498 1735 1833 1848 1852 1883 1910 1884 1820 1757 1680 1587 1503 1407 1279 1175 1127 1106 1073 1038 1007 984 951 933 931 921 905 882 867 886 964 1068 1131 1150 1169 1197 1188 1087 943 820 734 691 676 671 668 658 642 643 656 665 667 676 686 685 695 748
2167 2100 2001 1876 1751 1626 1476 1343 1273 1282 1398 1589 1771 1931 2079 2180 2212 2203 2142 2014 1979 2065 2059 1942 1787 1626 1498 1390 1261 1158 1191 1400 1657 1776 1770 1744 1769 1815 1800 1729 1649 1547 1434 1337 1262 1200 1160 1147 1145 1121 1088 1057 1021 969 930 910 897 882 859 833 811 832 897 967 1021 1065 1121 1144 1078 952 828 741 705 705 704 683 665 647 635 633 636 644 658 666 667 667 686
1840 1765 1658 1531 1433 1379 1341 1300 1268 1269 1360 1555 1770 1962 2136 2270 2323 2307 2264 2183 2074 1985 1914 1897 1852 1699 1535 1419 1291 1171 1154 1284 1494 1629 1637 1617 1665 1731 1719 1652 1584 1494 1378 1284 1219 1179 1166 1166 1166 1147 1119 1096 1056 1001 958 931 917 905 887 861 821 788 781 801 836 885 956 1010 980 888 802 750 737 748 735 695 666 644 632 628 627 632 638 637 628 624 614
1479 1423 1371 1336 1337 1363 1379 1367 1317 1273 1301 1414 1589 1814 2038 2176 2205 2199 2231 2250 2137 1921 1746 1704 1710 1641 1542 1461 1333 1187 1136 1189 1305 1424 1478 1518 1599 1668 1653 1592 1532 1464 1377 1296 1237 1205 1191 1183 1176 1150 1113 1089 1076 1058 1026 981 947 928 912 887 857 819 781 754 740 754 807 870 876 832 796 773 759 754 724 680 655 644 649 661 653 631 623 622 610 597 580
1314 1315 1341 1396 1454 1499 1507 1467 1383 1308 1280 1296 1387 1590 1835 1987 2039 2097 2209 2301 2250 2003 1727 1577 1532 1507 1492 1456 1334 1187 1143 1165 1215 1298 1396 1486 1576 1624 1595 1528 1477 1428 1370 1316 1283 1269 1254 1223 1180 1152 1133 1122 1122 1126 1095 1029 971 935 908 885 860 834 808 772 744 738 783 845 857 818 782 758 734 709 679 657 650 649 675 703 686 631 603 609 616 609 581
1366 1420 1500 1578 1618 1613 1571 1506 1432 1376 1327 1291 1307 1432 1638 1816 1936 2058 2207 2326 2331 2107 1783 1572 1478 1436 1422 1391 1285 1175 1162 1198 1221 1265 1356 1453 1532 1575 1553 1512 1493 1466 1415 1380 1396 1430 1416 1319 1212 1197 1258 1284 1242 1182 1121 1056 994 942 900 869 849 831 809 777 747 741 780 827 829 781 730 705 687 663 650 641 644 640 655 672 655 611 587 594 613 619 601
1499 1632 1774 1841 1798 1691 1594 1528 1484 1444 1385 1319 1294 1343 1495 1708 1889 2027 2163 2290 2332 2163 1863 1640 1521 1450 1404 1345 1241 1168 1205 1272 1270 1263 1323 1391 1457 1511 1545 1592 1651 1658 1593 1543 1591 1659 1623 1462 1303 1302 1424 1480 1383 1221 1103 1047 1007 958 906 870 838 820 795 766 745 743 759 774 766 733 697 681 666 647 637 631 630 624 618 616 607 592 584 585 597 602 600
1582 1766 1998 2092 1998 1801 1667 1612 1549 1470 1400 1357 1327 1316 1397 1612 1845 1999 2118 2249 2324 2219 1955 1708 1567 1474 1396 1314 1211 1164 1238 1350 1361 1327 1350 1380 1408 1445 1526 1669 1815 1860 1788 1716 1739 1780 1726 1566 1390 1353 1434 1460 1340 1167 1057 1007 973 933 895 856 825 798 774 757 749 752 759 754 740 735 737 744 723 682 647 628 617 611 605 603 599 596 592 591 588 586 584
1626 1735 1977 2164 2162 1993 1827 1707 1564 1455 1428 1452 1455 1386 1344 1461 1707 1927 2070 2194 2279 2221 1990 1728 1582 1496 1408 1299 1189 1156 1258 1419 1486 1481 1486 1477 1454 1436 1473 1613 1789 1859 1807 1742 1735 1745 1695 1567 1396 1298 1308 1292 1184 1070 1003 955 919 889 863 840 815 791 771 760 755 753 746 731 729 766 827 870 848 762 676 627 607 599 597 599 603 603 598 595 590 590 587
1769 1691 1840 2121 2280 2152 1895 1675 1521 1491 1557 1651 1639 1499 1351 1329 1507 1779 1989 2126 2209 2171 1979 1751 1611 1528 1436 1313 1193 1149 1249 1459 1621 1687 1705 1674 1601 1519 1470 1516 1637 1696 1667 1631 1625 1620 1578 1486 1351 1260 1257 1262 1185 1065 985 941 913 891 860 835 812 793 779 768 757 743 726 715 727 775 853 914 905 809 695 626 596 585 585 588 591 591 588 584 581 587 588
2024 1807 1800 2093 2340 2168 1808 1599 1582 1685 1856 1977 1897 1665 1435 1315 1390 1667 1959 2130 2205 2181 2034 1816 1638 1525 1435 1330 1214 1147 1222 1450 1705 1860 1922 1906 1819 1693 1577 1522 1529 1535 1519 1499 1488 1462 1422 1371 1318 1301 1345 1398 1357 1221 1079 991 950 911 866 832 808 793 778 767 753 736 722 719 732 760 807 848 856 812 724 645 597 576 572 569 569 570 569 564 564 570 573
2176 2019 1896 2090 2331 2159 1806 1724 1883 2090 2260 2331 2210 1933 1632 1389 1338 1564 1875 2084 2198 2224 2121 1880 1636 1491 1412 1335 1240 1163 1190 1392 1699 1935 2047 2065 2003 1878 1738 1612 1523 1472 1456 1447 1416 1367 1311 1275 1274 1314 1387 1458 1460 1365 1197 1044 956 906 860 828 803 785 771 761 751 741 726 719 724 736 751 767 785 793 765 695 623 579 560 556 555 552 550 545 542 546 550
2070 2139 2067 2113 2323 2298 2077 2081 2279 2410 2431 2390 2277 2047 1729 1430 1309 1413 1640 1895 2105 2211 2161 1921 1631 1463 1394 1342 1287 1217 1184 1307 1610 1898 2035 2069 2032 1938 1812 1671 1538 1467 1456 1453 1436 1383 1307 1251 1236 1240 1257 1291 1308 1254 1126 992 916 888 859 826 796 775 761 756 756 746 725 708 700 697 702 707 717 741 757 735 672 602 561 547 547 546 541 531 526 523 522
1899 2111 2222 2235 2364 2472 2418 2415 2452 2376 2224 2079 1942 1766 1577 1452 1408 1399 1470 1721 2024 2191 2185 1955 1646 1484 1442 1419 1383 1305 1211 1241 1466 1731 1876 1920 1908 1851 1761 1660 1567 1513 1480 1462 1464 1452 1396 1321 1248 1170 1092 1073 1092 1085 1025 961 921 895 862 825 791 774 761 757 755 741 719 698 686 678 675 674 677 683 700 716 691 625 574 552 546 543 536 527 518 510 503
1938 2096 2330 2369 2335 2378 2424 2451 2433 2274 1995 1719 1559 1524 1581 1684 1710 1579 1482 1661 1968 2155 2185 1976 1684 1576 1595 1573 1498 1378 1244 1221 1342 1515 1623 1662 1676 1669 1637 1609 1593 1564 1511 1462 1464 1498 1494 1406 1256 1118 1039 1050 1132 1189 1157 1075 993 926 875 836 805 786 768 759 747 730 707 690 678 668 663 657 653 649 647 657 653 618 582 561 551 543 535 523 513 502 494
2205 2281 2431 2427 2287 2199 2192 2241 2315 2248 1943 1607 1543 1729 1925 2044 1971 1705 1534 1691 1979 2158 2205 2030 1786 1727 1762 1702 1555 1379 1242 1227 1318 1426 1468 1461 1475 1498 1484 1472 1496 1523 1505 1465 1457 1508 1539 1428 1224 1099 1095 1180 1309 1385 1328 1193 1061 965 906 863 825 795 773 758 744 723 703 688 673 664 653 645 639 629 619 618 612 600 579 562 549 541 530 519 510 500 488
2444 2465 2450 2405 2335 2248 2120 2026 2064 2078 1866 1655 1786 2083 2262 2250 2015 1683 1568 1780 2072 2244 2292 2171 1974 1878 1836 1718 1518 1328 1234 1259 1353 1454 1482 1436 1408 1425 1407 1353 1349 1407 1457 1452 1435 1480 1534 1447 1259 1165 1207 1288 1357 1391 1336 1217 1100 1011 942 872 817 797 784 771 750 728 708 695 677 658 649 642 632 617 605 598 591 577 565 548 535 528 519 514 508 500 490
