data_analyses/maxent/chelseacur_asc/bio_16.asc
ncols         195
nrows         278
xllcorner     -122.86680578405
yllcorner     43.49152724385
cellsize      0.0083333333
NODATA_value  -9999
[rows 205 to 245 of 278, columns 92 to 183 of 195]
801 846 875 863 788 715 680 647 593 569 620 671 649 586 558 615 730 833 894 923 933 933 919 892 853 818 785 758 731 718 720 728 739 754 768 773 761 738 712 689 670 644 606 574 575 571 531 483 452 432 422 419 421 412 387 360 343 337 330 318 312 315 315 314 309 299 278 250 220 203 194 191 188 184 181 176 172 169 166 163 158 157 154 152 149 148 146 146 140 137 134 134
757 785 811 856 840 751 684 642 590 569 640 722 697 612 553 544 592 661 726 777 813 825 797 738 682 646 622 606 601 603 614 631 653 683 726 757 760 744 723 704 689 669 632 595 596 608 591 556 523 503 493 487 488 480 456 434 417 402 386 365 349 340 334 331 333 327 305 269 232 211 199 193 190 187 182 178 175 170 167 163 160 158 155 152 149 146 146 146 143 143 147 155
843 889 925 963 938 832 738 666 595 565 640 752 755 664 583 544 536 543 561 589 616 623 601 562 546 558 579 591 600 600 595 594 591 603 650 716 745 742 726 712 697 679 652 624 616 619 610 590 572 557 542 527 512 496 481 469 457 444 426 407 386 364 346 336 331 327 306 275 244 223 208 199 193 190 184 179 175 172 167 164 163 160 157 152 149 148 146 146 149 154 167 182
1009 1051 1076 1075 1032 936 817 700 606 559 612 728 787 735 652 599 572 560 555 548 539 528 520 518 539 585 645 695 717 714 700 686 663 632 641 696 732 730 719 705 690 671 647 630 623 620 612 597 581 566 549 531 507 481 456 438 429 426 423 415 404 388 369 348 333 321 305 284 265 244 226 213 202 195 187 184 178 172 169 166 166 163 158 154 151 149 151 152 152 158 173 185
1112 1116 1103 1060 990 890 772 670 602 562 570 637 709 718 676 645 638 642 655 660 652 633 611 590 576 584 619 669 711 740 759 768 758 722 697 709 722 719 709 697 677 652 628 617 614 613 605 594 577 563 549 531 507 476 436 397 379 378 384 387 390 390 381 369 354 339 324 308 293 278 257 238 217 204 195 189 181 175 172 169 167 163 160 157 154 154 155 152 151 152 158 161
1080 1068 1050 1013 936 820 713 652 617 588 562 562 597 618 615 625 657 696 733 767 778 771 749 716 677 638 611 606 622 666 722 763 774 759 735 720 715 713 705 694 676 649 622 606 602 595 587 576 563 552 541 526 505 474 428 378 346 332 330 332 339 351 363 366 363 351 339 326 312 296 275 248 223 207 198 190 184 178 175 172 169 166 161 158 157 155 155 152 149 146 146 141
951 976 1005 1034 1006 905 806 739 683 631 585 566 595 616 602 590 605 646 698 752 798 822 832 822 801 767 731 694 668 677 713 743 753 749 737 722 711 703 695 681 665 644 617 594 579 566 554 546 540 534 528 514 493 457 406 356 328 311 302 296 293 302 318 333 342 336 324 305 287 271 250 226 208 198 192 187 184 178 175 172 169 166 163 158 157 155 152 149 146 144 143 137
791 876 979 1064 1077 1022 956 878 768 672 614 591 619 651 631 587 564 567 597 646 704 758 802 828 836 833 822 801 772 758 758 756 746 733 724 716 704 686 666 648 635 611 575 552 546 543 540 535 526 517 509 499 479 438 380 331 308 299 293 284 275 269 273 281 285 284 269 251 236 223 211 202 196 193 190 186 181 178 175 172 169 166 163 158 155 152 152 149 146 143 140 137
685 779 926 1044 1074 1046 1004 937 827 722 652 612 604 620 615 592 571 554 545 555 580 623 681 732 769 791 804 803 797 788 782 771 756 732 714 703 688 663 638 626 616 581 527 504 520 540 550 542 520 492 472 463 453 429 377 329 305 291 282 273 264 255 246 242 237 233 225 216 209 206 205 202 199 198 193 189 184 181 178 178 175 169 163 158 158 158 158 152 149 144 141 138
676 706 818 951 1020 1021 992 949 883 799 714 658 624 610 611 616 618 602 578 554 539 540 565 600 641 679 708 730 747 758 762 757 747 726 703 685 666 642 626 623 619 587 527 496 511 532 534 518 484 441 411 407 415 422 399 358 330 309 294 279 267 255 246 237 231 227 224 221 221 224 223 216 208 202 198 192 187 184 184 184 181 175 169 164 164 164 162 158 150 146 143 141
739 698 727 829 945 1008 1011 988 949 886 801 729 682 654 650 665 676 667 648 621 590 563 545 536 539 557 584 616 651 681 700 705 704 694 675 654 632 613 608 616 618 596 548 517 515 513 498 473 436 394 364 359 385 425 438 410 379 355 337 318 295 279 268 261 255 251 245 241 239 239 235 223 210 202 198 193 190 187 187 187 187 185 179 173 167 164 159 155 149 146 143 141
866 780 733 762 850 932 973 984 982 949 884 810 745 703 691 707 715 705 695 682 664 645 621 583 542 517 511 521 542 570 593 612 619 619 608 598 587 577 579 597 608 595 566 539 525 508 484 457 424 388 358 347 371 428 465 455 429 408 392 371 344 322 310 301 291 285 279 269 256 244 232 220 211 204 199 196 192 190 188 190 191 188 185 176 165 158 152 149 146 144 143 140
1005 926 855 828 835 855 882 914 950 967 939 880 807 751 739 755 761 744 724 708 705 709 712 690 637 576 526 499 490 497 509 523 527 521 516 524 539 549 554 573 590 585 566 550 538 524 508 489 463 426 386 361 370 416 456 463 450 433 420 408 389 371 353 340 325 315 310 300 278 251 232 220 211 207 205 201 196 193 190 191 188 185 176 168 159 153 150 147 146 144 143 140
1049 1021 989 971 953 930 909 902 918 944 945 913 862 817 801 812 819 804 778 753 738 742 761 775 756 689 605 535 496 481 481 488 482 465 454 467 505 537 544 554 568 566 556 549 548 547 545 538 521 487 444 405 388 395 419 432 435 429 423 416 407 395 379 359 340 325 318 306 284 254 235 223 214 208 205 202 196 193 190 188 182 173 165 159 156 153 150 147 144 143 141 141
983 986 994 998 996 992 982 960 941 939 937 920 892 861 840 832 830 825 817 802 790 787 797 809 805 768 695 611 544 501 485 489 485 461 436 439 473 513 525 535 546 547 546 548 555 560 566 567 553 532 503 466 426 395 386 392 398 404 408 407 402 395 385 367 345 324 306 291 272 254 241 230 220 211 205 199 196 193 187 182 176 168 161 158 158 156 153 149 144 141 141 141
815 832 844 842 850 884 925 945 946 933 916 896 868 829 789 756 739 742 756 768 777 787 797 802 795 779 751 706 644 570 521 513 514 486 444 427 444 472 489 507 526 535 540 545 552 558 565 568 560 546 529 498 454 405 374 365 373 383 393 396 395 392 385 370 351 327 304 288 276 266 254 244 233 220 208 202 197 193 188 182 176 168 162 159 161 161 156 150 144 140 140 143
617 628 640 641 645 674 727 780 811 808 788 762 725 676 632 600 586 592 615 640 667 695 728 755 768 769 767 761 729 652 565 520 506 483 446 426 432 455 474 495 518 533 537 538 540 544 552 558 556 547 529 500 460 411 377 364 365 376 384 390 390 389 385 373 357 339 321 306 300 291 269 248 239 227 215 206 200 196 188 182 173 167 162 162 164 162 156 150 144 140 140 141
544 537 544 565 577 565 558 579 607 619 614 599 573 549 534 527 523 520 524 535 553 580 625 684 726 744 750 754 745 680 577 504 472 455 435 424 430 458 486 503 520 533 536 532 528 532 538 544 546 540 525 494 460 423 393 376 371 374 380 385 388 389 386 379 364 352 340 330 324 309 278 248 236 230 224 215 206 194 185 173 165 162 161 162 165 162 159 153 147 141 141 141
587 560 549 580 627 628 566 518 518 551 594 610 603 592 581 571 562 544 525 512 508 514 541 595 658 696 710 725 724 673 588 521 481 455 437 425 429 451 480 503 520 533 538 533 528 528 532 537 537 534 518 490 457 432 411 395 381 374 375 382 387 389 385 377 367 355 345 339 333 321 297 266 248 242 240 228 212 197 182 171 165 162 162 165 168 168 168 165 156 147 141 141
665 622 583 591 674 732 666 569 529 548 604 648 668 664 638 605 590 578 552 525 506 498 501 529 581 634 674 704 709 675 628 591 548 501 463 440 430 433 449 478 511 532 541 540 533 529 529 528 525 516 498 472 444 424 414 402 387 375 372 378 384 384 380 376 367 355 343 337 333 327 315 294 270 252 245 231 213 198 189 186 180 177 177 177 178 181 186 183 168 153 144 141
796 735 657 618 691 788 754 649 569 541 545 571 608 631 622 599 585 586 582 560 529 506 499 509 541 594 660 710 715 694 674 666 638 588 531 483 451 430 425 447 493 525 538 540 535 528 520 507 492 473 453 435 420 411 405 397 387 375 369 369 375 377 377 376 370 358 346 339 336 330 321 307 285 258 243 230 215 200 192 195 195 193 190 190 190 193 198 192 177 162 153 149
942 867 755 677 705 764 755 690 624 579 548 536 543 560 571 571 571 578 596 610 592 551 529 540 569 611 669 716 722 708 696 695 688 661 612 549 492 448 424 432 466 501 522 531 530 520 504 482 457 429 408 398 399 402 399 393 382 373 366 364 369 374 374 374 371 364 352 343 339 330 318 304 285 261 246 237 225 210 195 193 199 204 204 202 198 198 198 193 184 175 165 156
979 907 816 766 764 760 738 708 671 626 580 554 542 536 538 543 550 560 588 636 648 610 581 607 649 673 696 715 712 699 691 689 687 678 650 599 539 480 444 438 455 484 507 522 526 519 511 494 475 448 418 398 396 400 399 390 378 369 360 363 369 374 374 373 370 364 352 345 337 328 312 291 270 252 240 234 228 216 201 195 198 205 208 207 202 198 195 192 189 183 174 162
884 816 788 815 833 812 773 745 717 673 616 574 553 540 528 525 529 539 566 608 629 613 603 639 688 710 713 711 697 682 675 674 672 663 647 617 574 524 484 469 478 496 510 521 531 534 534 531 521 498 464 427 408 400 394 384 369 354 347 350 359 366 365 364 361 355 346 340 334 325 312 285 258 240 231 225 219 207 198 195 196 196 199 202 199 196 193 190 186 181 174 165
683 640 671 768 841 852 822 792 769 731 667 609 575 556 537 525 521 524 540 563 579 576 577 614 667 706 715 707 686 669 662 660 656 647 632 613 589 556 522 504 510 520 527 532 540 546 547 544 537 522 492 455 416 390 373 360 347 335 326 325 328 332 332 335 337 337 334 328 322 322 315 292 264 246 234 225 210 196 195 199 199 195 193 193 195 193 192 189 186 181 175 166
538 522 551 658 792 863 865 844 829 804 750 678 628 594 565 548 538 536 540 555 566 557 549 569 624 684 708 703 682 662 649 644 639 630 615 598 580 556 532 518 518 527 532 536 542 543 542 537 529 517 494 452 403 363 340 326 320 313 305 298 292 289 290 293 301 310 314 313 310 313 313 301 280 261 247 231 210 193 195 202 208 205 202 199 196 192 190 192 192 190 183 172
565 531 508 561 702 831 877 879 869 858 829 777 724 677 631 601 589 579 577 580 576 560 536 541 589 654 689 688 671 652 635 623 610 596 580 562 541 522 507 501 508 517 523 527 530 530 528 522 514 504 479 430 372 334 316 307 305 304 299 292 285 280 277 277 280 287 296 301 304 310 313 307 292 274 255 229 205 193 193 202 214 218 217 212 208 199 196 196 196 193 187 181
672 602 529 513 614 762 848 870 865 859 852 839 817 783 739 702 673 643 614 594 579 560 536 532 570 625 656 656 646 633 623 605 577 546 522 507 495 482 470 473 487 500 508 509 513 513 510 504 496 487 464 415 359 327 313 310 307 310 311 307 298 290 286 284 284 283 286 293 302 310 310 304 289 268 243 219 201 193 196 203 217 227 230 227 223 214 206 200 196 190 184 181
807 708 583 505 542 671 783 826 835 838 845 855 863 861 842 807 750 684 627 586 563 546 528 519 542 581 604 604 594 588 592 591 567 524 494 495 501 485 461 455 470 483 491 495 498 496 491 485 479 471 455 418 371 340 325 317 314 317 326 320 307 296 292 290 290 287 284 287 293 298 298 292 274 244 220 205 198 196 196 202 214 227 233 233 230 224 217 209 202 194 187 182
882 801 656 525 494 580 699 762 786 808 831 849 870 883 882 851 782 697 624 571 542 524 509 495 496 515 528 524 513 515 530 554 562 541 519 533 548 526 482 455 460 469 479 486 486 479 471 461 455 451 443 421 383 353 341 329 326 329 335 326 308 296 293 293 291 287 281 278 280 281 280 277 265 235 211 202 199 196 196 199 206 217 227 230 230 227 221 215 209 202 194 188
798 765 661 538 485 531 621 674 698 725 763 805 842 865 873 851 794 714 634 574 536 515 497 477 462 457 458 453 445 447 466 503 541 548 538 548 562 544 497 459 452 455 459 466 465 454 436 419 408 409 415 405 378 357 350 345 342 348 349 336 314 300 297 296 288 281 272 268 269 271 271 271 262 238 217 205 202 199 197 199 202 206 214 220 221 221 218 216 212 206 200 200
614 610 583 532 499 523 582 612 621 636 677 739 797 834 847 831 787 725 659 598 552 521 498 475 456 446 447 447 439 435 443 474 516 533 524 520 526 518 484 454 442 440 439 440 442 427 399 373 355 357 369 368 356 348 347 348 351 357 364 355 331 312 306 300 293 285 278 271 265 266 265 260 250 232 217 208 205 202 199 202 202 203 206 211 212 212 212 212 212 212 210 209
530 526 531 526 514 534 581 601 598 599 631 695 760 803 819 798 751 704 656 605 561 531 507 486 475 500 541 558 542 509 481 484 507 517 499 476 471 470 456 441 433 429 421 423 426 418 393 360 339 333 335 335 332 335 339 342 345 351 361 361 343 322 315 312 309 305 299 283 266 263 257 244 232 220 212 208 205 202 199 199 202 208 212 212 212 209 209 209 215 219 221 216
571 541 528 524 522 543 585 607 603 591 602 649 711 756 775 749 689 641 608 573 546 527 510 492 496 558 642 682 661 604 538 503 498 495 473 446 436 436 433 428 421 414 407 414 430 437 423 394 365 348 339 332 326 326 330 333 333 333 337 343 337 321 315 321 327 321 305 281 266 263 254 235 220 212 211 209 206 203 200 200 203 212 218 219 218 215 215 216 219 222 222 219
647 579 539 526 521 539 578 608 619 609 591 598 633 675 693 666 611 573 549 530 516 504 492 479 480 524 601 654 653 600 531 488 473 467 452 433 424 421 416 408 398 388 389 415 451 472 472 455 429 404 382 363 344 332 327 327 324 318 313 315 312 303 297 309 324 324 299 272 266 269 263 239 218 214 214 212 209 206 208 209 215 219 224 224 222 221 221 221 218 216 213 210
729 631 552 525 521 535 561 589 611 614 591 575 583 604 611 587 552 532 524 512 500 483 468 458 450 461 498 541 553 525 484 457 445 443 437 424 412 406 401 391 379 367 369 403 457 494 509 509 494 471 441 407 376 351 334 327 322 316 309 300 291 282 276 279 291 291 275 257 257 269 268 242 223 217 215 212 209 209 215 221 224 228 228 228 225 222 219 216 213 207 203 201
745 654 558 526 524 538 556 567 575 578 574 574 584 591 584 564 537 522 521 515 497 479 465 459 458 452 454 469 483 477 459 438 426 422 418 409 402 398 395 392 380 367 364 388 441 492 519 524 518 502 476 444 410 376 346 328 322 319 309 297 285 275 267 263 260 255 248 244 245 250 248 233 224 221 218 212 209 209 215 224 228 231 231 231 230 225 222 216 210 204 200 195
704 634 559 532 533 553 578 591 597 590 586 598 615 621 611 592 562 537 529 521 506 488 482 491 501 491 472 468 465 459 444 423 408 403 400 396 393 392 398 404 401 388 379 393 435 480 504 512 506 497 479 457 428 393 356 329 316 310 303 291 279 273 270 266 260 254 248 242 236 230 227 224 224 224 218 214 209 209 216 224 228 231 231 231 231 229 225 219 213 206 198 194
724 639 562 536 542 574 627 670 688 673 646 644 656 659 656 640 598 557 535 524 512 500 497 506 515 503 478 460 450 440 426 408 396 391 388 384 381 389 411 436 447 435 420 424 445 469 483 485 482 476 464 449 430 402 366 332 310 301 294 285 279 276 273 270 266 258 251 242 233 227 224 227 227 224 218 215 212 213 218 221 225 228 231 229 228 225 222 217 211 204 197 191
804 693 581 542 551 592 658 716 741 722 682 664 666 670 674 669 627 569 530 515 507 500 497 497 494 485 471 456 444 434 420 402 390 388 390 386 380 395 436 485 506 496 478 470 472 480 480 470 458 449 443 434 421 400 369 334 307 298 292 285 279 276 272 267 263 254 247 239 236 233 233 233 230 224 216 213 213 216 219 221 222 225 223 219 216 212 209 207 204 201 197 192
786 704 602 562 579 616 649 675 687 670 642 627 627 632 647 660 633 570 519 498 491 488 485 487 491 494 494 487 472 444 419 397 393 409 428 427 414 420 466 516 540 530 515 505 503 507 501 479 449 431 422 416 409 393 362 326 304 295 292 285 276 267 263 258 254 251 248 245 243 242 239 236 228 221 216 213 213 215 219 222 222 219 216 213 209 204 201 198 200 201 201 198
