data_analyses/maxent/chelseacur_asc/bio_15.asc
ncols         195
nrows         278
xllcorner     -122.86680578405
yllcorner     43.49152724385
cellsize      0.0083333333
NODATA_value  -9999
[rows 220 to 274 of 278, columns 96 to 191 of 195]
68 67 67 67 67 67 67 68 68 69 68 67 65 63 63 62 62 62 63 63 64 63 63 61 60 60 60 61 62 64 64 64 66 67 68 68 68 67 66 65 63 63 62 62 61 61 63 67 69 69 69 70 71 72 73 74 74 73 72 71 72 71 70 68 67 66 66 66 65 65 63 63 63 62 62 61 61 60 59 57 57 54 53 53 51 51 48 46 44 43 43 43 42 41 41 40
63 64 65 66 66 67 67 67 67 66 65 63 61 60 59 59 59 60 61 62 63 63 63 63 63 63 63 64 64 65 65 65 66 67 68 69 69 68 66 65 63 63 62 62 62 62 65 68 70 70 70 70 71 73 73 74 74 72 70 70 71 71 70 69 68 68 67 66 66 66 65 64 63 63 62 62 61 60 58 57 55 54 53 51 51 49 48 45 44 43 42 41 42 41 41 40
57 59 62 63 63 63 62 61 61 59 57 56 55 55 54 54 55 56 57 60 61 63 63 63 64 64 64 64 64 65 65 65 66 68 69 70 70 68 66 64 63 62 62 62 62 63 64 68 70 71 71 71 72 73 74 74 74 71 70 70 70 71 70 70 69 69 68 66 66 66 66 65 64 63 62 61 59 59 57 57 55 52 51 50 49 47 47 45 43 42 42 41 41 41 41 40
56 57 59 60 60 58 57 57 57 55 54 53 53 52 52 52 52 53 54 57 59 61 62 63 63 64 64 64 64 64 64 65 66 68 70 71 71 69 66 64 63 62 61 62 62 63 64 67 70 71 72 72 73 74 74 74 73 72 70 70 70 70 70 70 70 69 69 68 67 68 68 67 65 63 61 60 59 57 57 55 54 51 50 48 47 47 46 44 43 40 41 41 41 42 40 40
58 59 58 58 58 57 57 57 56 56 55 53 53 52 51 51 51 52 53 54 56 59 60 62 63 64 64 64 64 64 65 66 66 68 70 71 71 69 67 64 63 62 62 61 62 62 64 67 70 71 73 73 74 74 74 74 74 72 71 69 69 69 70 70 70 70 70 70 70 69 68 68 65 63 62 62 61 59 58 56 54 53 51 49 48 47 45 43 42 41 41 40 40 40 40 40
60 61 59 57 57 56 56 56 55 55 54 53 53 52 52 52 52 53 54 54 55 57 60 62 63 65 65 65 64 65 67 68 68 68 68 70 71 70 67 65 63 62 61 60 60 60 63 66 69 71 72 74 74 74 74 74 73 72 70 68 67 68 70 70 70 70 71 71 71 70 68 67 66 63 63 63 63 61 60 58 56 54 52 51 50 47 44 43 42 42 41 40 40 39 40 39
62 60 59 57 55 54 55 55 54 53 53 52 52 52 53 54 55 55 56 57 58 59 61 63 64 66 66 66 66 66 69 71 70 69 69 69 71 70 68 65 63 61 60 59 57 58 60 64 68 71 73 74 74 74 74 73 73 72 70 68 67 67 69 70 70 71 71 71 71 70 68 68 67 65 63 63 63 62 61 59 56 54 53 51 49 47 45 43 42 41 41 40 40 39 39 38
63 60 58 56 55 54 54 54 53 53 52 52 51 52 53 55 58 59 60 62 62 62 63 64 66 67 68 68 67 68 70 73 73 71 70 70 71 70 68 65 63 61 60 59 58 59 61 65 69 71 73 74 74 73 73 73 72 71 70 69 68 68 70 71 71 70 70 70 69 69 68 67 67 66 65 64 64 63 61 59 56 54 52 50 49 48 46 44 43 42 41 40 40 39 38 38
64 61 59 58 56 55 54 54 53 53 52 51 51 51 52 55 58 61 64 65 65 65 65 66 67 69 70 70 70 70 72 74 74 74 72 72 72 70 68 65 63 62 62 61 61 62 64 68 70 72 73 73 73 72 72 72 72 71 71 70 70 70 70 71 70 69 69 68 67 66 66 66 66 66 65 63 63 61 60 58 55 53 51 49 48 47 46 44 43 42 41 40 38 38 38 37
64 62 61 59 58 57 55 54 53 53 52 52 51 51 52 54 58 62 65 67 67 66 66 67 70 71 72 72 72 72 73 74 75 75 74 73 73 71 69 66 64 63 63 63 63 64 67 70 71 71 72 71 71 70 70 70 70 70 70 71 71 71 70 70 69 68 67 67 67 67 66 66 65 64 64 63 62 60 57 55 53 52 50 49 48 47 46 44 43 42 41 39 39 38 37 36
63 63 62 61 60 60 58 56 54 53 52 52 52 52 54 56 59 63 65 67 68 67 67 68 71 73 73 73 73 74 74 75 75 75 75 74 73 72 70 67 65 64 64 63 64 66 68 70 71 70 68 68 68 68 67 67 68 68 69 69 70 69 69 68 68 66 65 65 66 67 68 67 65 63 63 62 61 59 57 54 52 50 49 49 48 48 47 45 43 42 41 39 39 38 37 37
63 63 63 62 62 62 61 59 57 56 54 54 54 56 57 60 63 65 66 67 68 68 68 69 71 73 73 73 74 74 74 74 74 74 74 74 73 72 71 68 66 65 64 65 65 66 68 69 68 67 66 66 67 67 67 66 66 66 67 67 68 67 68 67 66 65 64 65 67 69 68 67 65 63 62 62 60 58 56 54 52 50 50 49 49 48 47 46 44 42 41 40 39 39 39 38
62 62 62 63 62 62 62 61 61 60 59 58 59 61 62 64 65 67 67 68 69 69 70 71 72 72 72 73 73 73 73 72 72 72 72 73 72 72 71 68 67 66 65 65 66 66 67 67 66 65 65 66 66 67 68 68 67 67 67 67 67 67 67 66 65 64 64 65 67 68 68 66 64 62 62 61 60 58 57 55 54 52 51 49 49 48 46 45 45 43 42 40 39 40 39 38
62 61 61 61 62 62 62 62 62 63 62 63 64 65 65 66 66 67 67 68 69 70 71 71 71 71 72 72 72 72 71 71 71 71 71 72 72 71 70 68 67 65 65 65 65 65 65 65 65 66 66 67 67 67 69 69 68 68 68 68 67 67 67 66 66 65 65 66 67 66 65 64 63 62 61 61 59 58 57 55 54 53 52 51 49 48 47 45 45 44 43 41 40 39 38 37
62 60 59 60 60 61 62 62 63 64 64 65 66 67 67 67 67 67 67 67 68 69 69 69 69 69 69 70 71 72 72 72 72 72 72 72 72 71 69 68 66 65 64 63 62 62 62 64 65 66 67 68 68 69 69 70 69 68 68 68 68 67 66 66 66 66 66 66 66 65 64 62 62 61 60 60 59 58 56 55 54 54 53 51 50 49 47 46 46 46 46 44 42 39 39 37
62 59 57 57 57 58 60 61 63 64 64 66 67 69 68 67 66 67 67 66 66 66 65 65 65 65 67 69 71 72 73 73 73 73 73 72 71 70 68 67 65 63 62 60 60 59 60 62 64 67 68 69 70 71 71 70 69 69 68 68 67 66 65 65 65 66 66 66 66 65 63 62 61 61 60 59 58 56 55 54 53 53 52 51 50 49 48 48 48 47 48 46 45 42 40 39
60 58 55 54 54 55 57 59 62 63 64 66 67 69 69 68 67 67 67 66 65 64 63 62 62 64 66 68 71 72 73 73 73 73 72 71 70 68 68 66 63 61 59 57 55 55 57 59 63 66 68 70 71 71 71 71 70 69 69 68 67 65 64 64 65 65 66 65 65 64 63 62 61 60 59 58 56 54 52 52 51 51 50 50 50 50 49 49 49 49 49 48 47 44 42 40
57 56 54 53 53 53 55 58 60 62 64 65 66 67 68 68 68 68 67 67 66 65 63 62 63 65 67 70 72 73 73 72 71 71 70 69 68 67 66 64 62 59 56 53 52 52 54 58 62 65 68 69 71 71 71 71 71 70 69 69 67 65 64 65 65 66 65 63 64 63 62 61 59 59 58 57 55 54 52 51 51 50 49 50 50 51 51 51 50 50 49 48 47 46 43 41
56 55 54 53 53 53 54 56 59 61 63 63 64 64 65 67 67 68 68 67 67 67 66 65 66 69 71 72 72 72 71 70 70 69 69 68 67 66 64 62 60 58 56 54 53 53 55 59 62 66 68 69 70 70 70 71 70 69 69 68 66 65 65 66 66 65 64 63 62 61 61 59 59 58 57 56 54 53 52 52 51 50 50 50 51 51 51 51 50 50 49 48 48 46 44 42
56 55 53 54 54 54 54 55 57 58 60 60 60 61 62 64 66 66 67 67 67 67 67 67 69 72 72 72 71 71 70 69 68 68 67 66 65 64 63 61 60 60 59 58 57 57 58 62 65 66 68 69 69 69 69 69 68 68 68 67 65 65 66 66 66 64 63 63 62 61 60 60 59 58 57 55 54 53 52 52 52 52 51 51 51 51 51 50 50 49 49 48 47 46 44 41
57 54 53 53 54 54 54 54 55 56 57 56 57 58 60 63 65 66 65 66 65 66 67 68 70 71 71 70 70 69 69 68 67 67 65 64 63 62 61 60 61 61 61 61 61 62 64 67 68 69 68 69 68 69 68 67 67 66 65 65 65 65 65 64 64 64 63 62 61 60 60 59 59 57 57 55 54 53 53 53 52 51 51 50 51 50 49 49 48 48 48 47 47 45 43 40
57 54 52 52 53 53 54 54 55 55 55 55 55 56 59 62 64 65 65 65 65 65 66 67 69 69 69 69 69 68 68 67 66 65 64 62 61 60 60 60 60 61 62 63 63 65 68 71 72 71 70 69 69 69 68 67 66 64 64 63 63 63 62 62 62 62 63 61 60 60 59 58 58 57 56 55 54 54 53 53 52 51 51 50 50 49 48 47 46 47 46 45 45 43 41 37
57 54 53 53 54 55 55 56 56 56 56 55 55 57 60 63 65 66 66 66 66 66 67 67 68 69 69 68 68 67 66 66 65 64 63 61 59 59 59 59 60 61 62 63 65 67 70 72 73 73 70 69 68 68 67 66 64 64 63 63 62 62 61 61 61 61 60 59 59 59 59 58 58 57 56 55 54 54 53 53 52 52 51 51 49 49 47 47 46 45 44 44 43 41 39 37
56 54 55 57 59 59 59 58 58 58 58 57 57 58 62 64 66 67 67 67 68 68 67 68 68 67 68 67 67 66 65 64 64 63 62 61 60 61 61 61 61 61 62 63 66 69 72 73 74 73 71 69 68 67 66 65 64 63 63 62 62 61 61 60 60 59 59 58 58 59 58 59 57 56 55 55 54 53 53 53 52 51 51 50 49 48 47 46 45 43 42 42 43 42 40 39
55 55 57 60 62 62 61 60 59 59 59 59 59 60 63 65 66 67 67 67 67 67 67 67 67 67 67 67 66 65 64 63 63 63 63 63 63 64 65 64 63 62 62 64 68 71 73 73 73 72 71 69 67 66 65 64 63 63 62 62 61 61 61 60 59 59 58 58 58 59 58 58 57 56 55 54 54 53 52 51 51 50 49 48 48 47 46 44 43 42 41 43 44 45 45 44
56 56 58 60 61 61 61 59 58 57 58 59 60 61 63 65 66 67 67 67 67 68 68 69 69 68 67 67 66 64 63 62 63 64 66 66 66 67 67 67 64 63 63 66 70 72 73 72 72 71 70 68 66 64 64 63 62 62 61 61 60 60 60 59 59 59 59 59 58 58 58 57 56 55 55 54 54 52 51 51 49 48 47 47 47 46 46 45 44 43 44 45 47 48 48 48
57 59 59 60 60 59 58 57 55 55 55 57 59 61 63 64 65 66 66 67 68 69 71 72 72 70 68 67 66 66 65 64 66 68 69 69 68 69 69 68 66 65 65 68 71 72 72 71 70 70 68 66 65 64 63 62 61 61 60 60 59 59 60 59 59 59 59 59 59 58 57 56 56 55 54 54 53 52 51 50 50 49 48 47 46 47 47 47 46 46 46 47 48 49 49 48
59 60 60 60 59 58 57 55 53 53 53 54 56 60 62 63 64 65 66 67 69 71 73 74 74 72 70 68 68 68 67 67 69 71 71 71 70 70 70 69 68 67 68 70 71 72 70 69 67 67 66 65 64 63 61 59 58 58 59 59 60 59 60 59 60 60 60 59 59 58 57 57 55 55 54 53 53 52 52 52 51 51 49 48 48 48 48 48 47 47 48 48 49 49 49 48
60 60 60 59 58 57 55 54 53 52 52 53 55 57 60 62 64 66 67 68 70 72 73 74 74 74 72 70 70 70 69 70 71 71 70 69 69 69 69 68 68 69 69 70 70 69 68 66 65 65 64 64 62 60 58 57 57 59 59 60 60 60 60 60 60 60 60 59 59 58 58 56 56 54 53 53 52 52 52 52 51 51 50 49 49 49 50 49 49 48 48 48 48 48 48 49
62 61 60 59 57 56 55 55 55 54 54 54 55 57 59 62 64 66 68 70 72 73 73 74 73 74 73 72 72 71 71 71 71 70 68 68 67 67 66 67 67 67 67 67 67 66 66 65 64 64 63 62 60 58 57 57 57 59 61 62 61 61 61 61 61 60 60 59 58 58 57 56 55 54 53 53 52 51 51 51 50 50 50 50 49 49 50 50 50 49 49 48 48 48 48 48
63 61 60 58 57 56 57 58 58 58 57 57 57 58 60 63 65 67 69 71 73 73 73 73 73 72 72 72 72 71 71 70 69 68 67 67 66 66 65 65 65 64 64 64 64 64 64 64 63 62 62 60 58 56 57 59 60 62 62 63 62 62 62 62 61 60 60 59 59 58 57 56 55 54 53 53 51 51 51 50 51 50 50 49 50 50 50 50 50 50 49 48 48 48 47 46
62 61 59 58 57 58 59 61 61 62 61 61 62 63 65 66 68 70 71 72 73 73 72 72 71 71 71 71 70 69 69 68 67 66 66 66 65 65 64 64 63 63 63 63 63 63 62 62 62 61 60 58 56 54 56 59 62 63 64 63 63 62 61 61 61 60 60 59 58 58 57 56 55 54 53 52 51 51 51 50 51 50 50 50 50 50 50 50 50 49 49 48 48 47 46 43
58 58 58 57 58 60 62 63 63 64 64 64 65 67 69 70 71 72 72 73 73 73 72 71 71 70 69 69 69 69 68 68 68 67 65 65 64 63 63 62 62 62 62 62 62 62 61 61 60 60 58 57 56 56 58 60 63 64 64 63 63 62 62 62 61 60 60 59 58 58 56 55 54 53 53 52 51 51 50 50 50 49 50 50 50 50 50 50 50 50 49 49 48 47 45 43
55 57 57 57 58 61 63 64 64 65 65 66 67 70 72 72 73 73 73 72 72 72 72 71 70 69 69 69 69 70 69 69 68 66 65 64 63 62 61 61 61 61 61 61 61 60 59 59 59 59 58 58 59 59 61 63 65 65 64 63 63 62 62 61 61 60 59 58 58 57 56 55 54 53 52 52 51 50 49 49 49 49 49 50 50 50 50 50 50 50 50 49 47 47 46 45
55 56 57 58 60 63 64 65 65 65 66 67 68 70 71 72 72 73 72 71 71 71 72 72 71 70 70 69 69 69 69 68 66 65 63 62 62 61 60 60 60 60 60 60 60 59 59 58 59 59 58 58 59 60 62 64 64 65 64 63 63 62 62 61 60 60 59 58 58 57 56 55 53 53 52 51 51 50 49 49 49 48 49 49 50 50 50 50 50 50 50 49 48 48 48 48
58 59 60 62 64 67 67 67 66 66 67 67 68 69 70 71 71 72 72 71 71 71 72 72 72 72 71 69 68 68 67 66 64 62 62 60 60 59 59 59 60 60 60 60 59 59 59 59 60 59 57 56 56 59 62 64 64 63 64 63 63 62 61 60 59 59 59 58 57 56 55 54 54 53 52 51 50 49 49 49 48 48 48 49 49 50 50 50 50 50 50 50 49 49 49 49
63 63 64 66 69 71 70 68 67 66 65 65 65 66 67 68 69 70 70 70 70 71 72 73 73 73 72 70 68 66 65 64 62 60 57 56 56 57 57 58 59 59 59 59 60 59 59 58 58 58 55 54 55 59 62 63 63 63 63 62 62 61 60 59 59 59 58 58 57 56 55 55 54 53 52 51 50 50 49 49 48 48 48 48 48 49 49 49 50 50 50 50 50 50 50 50
68 68 68 69 71 72 70 67 64 61 60 60 61 62 64 65 66 67 68 69 70 71 72 73 74 73 73 72 69 66 64 61 58 55 53 52 52 53 54 56 57 58 59 59 59 58 56 55 55 55 53 53 56 60 62 63 63 63 62 61 61 60 59 59 59 59 58 58 57 56 55 54 53 53 52 51 50 49 48 48 48 48 47 47 48 48 49 49 49 49 49 50 50 51 51 51
71 72 72 72 71 69 65 62 59 56 56 55 56 59 61 63 64 66 66 68 70 71 72 73 73 73 73 72 69 66 63 59 55 53 51 50 49 51 52 55 56 58 59 60 59 57 56 54 53 53 54 56 60 62 63 63 63 62 61 61 61 60 60 59 59 59 58 57 57 56 55 54 53 53 51 51 49 48 47 47 47 47 47 47 47 47 48 49 49 49 49 49 50 49 50 50
72 73 72 70 66 63 60 58 57 56 56 55 56 57 60 62 64 66 67 69 70 71 71 72 73 73 72 71 69 65 61 58 56 54 54 53 52 52 54 56 58 59 60 61 60 60 59 58 57 57 59 61 63 63 63 63 63 62 61 61 61 60 60 59 59 59 58 57 56 55 55 54 53 52 50 50 49 48 47 46 47 47 46 46 46 47 47 48 49 49 49 49 49 49 49 49
72 71 69 65 61 58 57 58 59 60 60 59 59 61 62 64 66 68 69 70 71 71 71 71 71 70 70 69 67 64 61 58 57 58 59 59 58 59 60 60 61 61 62 62 62 61 61 61 61 62 64 66 66 65 64 63 63 62 61 61 60 60 60 59 59 58 58 57 56 55 54 53 52 51 50 50 50 48 48 48 47 47 47 47 47 47 47 48 48 49 49 49 49 49 49 49
69 67 64 61 59 57 58 60 62 63 63 63 63 65 68 70 70 71 71 71 71 71 70 69 69 68 67 66 64 62 60 59 59 60 62 62 63 64 66 65 64 63 63 63 63 63 63 62 63 65 68 70 69 67 65 64 62 62 61 61 60 60 60 59 58 58 58 56 55 55 54 53 51 51 50 51 50 50 49 49 49 49 48 48 48 48 48 49 49 49 48 48 48 48 48 48
64 62 61 61 61 60 60 62 64 64 64 65 66 68 71 72 73 72 71 71 71 70 69 68 67 67 66 65 63 60 59 58 59 60 62 63 65 67 68 68 65 64 63 63 63 63 63 64 65 68 70 70 70 68 66 64 63 62 61 61 60 60 59 59 58 57 57 56 55 55 54 53 52 51 51 51 51 50 50 50 50 50 50 49 50 50 50 49 49 49 48 48 48 48 47 47
59 60 61 62 63 63 64 65 66 66 66 66 68 70 72 72 71 70 70 69 70 69 68 67 66 66 65 63 61 58 56 56 57 58 61 63 66 67 68 67 65 64 63 63 63 63 64 65 66 68 69 68 68 67 65 63 63 62 61 60 60 59 59 59 58 57 57 56 55 54 54 53 53 52 52 52 51 51 51 50 51 51 51 51 50 50 49 49 49 49 48 48 47 47 47 47
57 58 60 62 64 64 65 67 68 69 68 68 69 70 70 69 68 68 69 69 68 69 68 67 66 64 63 62 58 55 53 52 53 55 58 62 65 66 66 64 64 63 63 62 62 63 63 65 65 65 65 65 64 64 63 63 62 61 61 60 59 59 59 58 58 57 56 56 55 54 54 54 54 53 53 52 51 51 51 51 51 52 51 50 50 50 49 49 49 49 48 47 47 47 47 47
56 57 59 62 64 65 66 68 69 70 70 69 69 69 67 66 67 69 71 70 68 67 67 66 65 63 61 58 55 52 51 50 51 52 56 60 63 63 63 62 63 62 62 62 62 62 63 63 63 63 63 63 62 63 62 61 61 61 60 60 59 59 58 58 57 57 56 56 56 55 54 54 54 53 53 53 52 52 51 51 51 51 51 50 50 49 49 48 48 47 47 46 46 46 47 47
56 58 60 62 63 64 66 67 68 69 69 70 69 67 66 65 67 71 73 72 68 66 65 64 63 61 58 55 53 51 51 51 52 54 57 60 61 61 60 60 61 61 61 61 62 62 62 63 63 63 62 62 63 62 62 61 61 60 60 59 58 58 58 57 56 56 56 56 55 54 54 53 53 52 52 52 52 52 51 52 50 50 49 49 48 48 47 47 47 45 44 44 44 45 46 47
57 58 59 60 62 63 64 65 66 67 68 68 68 67 66 67 69 73 74 71 67 65 64 64 62 59 57 56 55 54 54 54 56 58 60 61 60 58 58 58 58 58 59 60 62 63 63 63 63 63 62 62 62 62 62 61 60 59 59 58 58 58 58 57 56 56 56 56 55 54 53 53 52 51 51 51 51 51 52 51 50 49 48 47 46 46 45 45 44 43 42 42 43 44 46 46
57 56 57 58 60 61 62 62 63 64 66 67 68 68 69 70 72 73 72 68 65 64 64 63 61 59 59 60 60 59 59 59 61 64 64 63 60 57 56 57 58 60 61 63 65 65 64 63 63 63 62 62 62 62 61 60 59 59 58 58 58 57 57 57 56 56 56 55 55 53 53 52 52 51 50 51 51 51 51 50 49 48 47 45 45 43 42 43 44 44 44 43 44 45 47 47
56 56 57 58 59 60 60 61 62 63 64 65 67 69 71 71 72 70 67 64 63 63 63 62 60 60 61 62 63 63 63 64 67 69 68 65 62 59 59 60 62 64 67 68 69 67 65 64 64 63 63 62 62 61 60 59 59 58 58 57 57 57 57 57 56 56 56 54 54 53 53 52 52 51 51 51 50 50 50 49 48 48 46 46 44 43 43 44 46 46 47 47 47 49 49 49
58 58 58 59 59 59 59 60 61 62 63 64 66 68 70 70 68 65 62 61 60 61 62 62 61 61 63 63 63 64 65 67 70 72 71 67 64 62 63 65 68 70 71 72 71 68 67 65 65 63 63 62 61 60 59 58 58 58 57 56 56 56 56 57 56 56 55 54 54 53 52 52 52 52 51 50 49 49 48 48 47 48 48 47 47 46 45 46 47 48 49 49 50 51 52 50
62 61 60 60 59 60 62 62 63 65 66 67 68 69 68 67 65 62 59 57 58 60 62 62 63 63 64 64 64 65 66 69 71 73 71 67 65 64 66 69 71 73 74 74 72 69 67 66 65 64 63 62 60 59 58 58 57 57 57 56 56 56 56 57 56 56 55 54 54 53 53 52 52 51 51 49 48 48 47 47 48 48 49 49 48 48 47 47 48 49 50 51 52 53 53 51
65 64 62 61 62 64 66 67 67 68 70 71 71 70 69 66 63 60 58 57 58 60 62 63 64 65 65 65 65 66 68 70 72 72 70 67 65 66 68 71 73 73 74 74 73 69 67 65 64 63 62 60 59 58 58 58 57 57 56 57 57 56 57 57 56 55 54 54 53 52 52 51 51 50 49 48 47 47 47 47 47 48 49 49 49 48 47 47 49 51 53 53 53 53 51 50
68 66 64 64 65 67 69 70 71 72 72 72 71 70 68 67 64 62 60 59 59 61 63 64 65 66 67 67 67 68 69 71 73 72 70 68 67 68 70 72 73 74 74 73 72 69 66 64 63 62 61 60 58 58 58 58 57 57 57 57 57 56 57 57 56 55 54 53 53 52 51 51 49 49 48 47 46 46 46 46 47 48 48 49 49 48 49 50 52 53 53 52 52 51 49 49
70 67 65 65 66 68 70 72 73 73 72 70 68 68 67 66 65 64 63 63 63 64 66 66 66 66 67 68 68 69 69 71 72 71 70 68 69 70 71 72 73 73 73 72 70 67 65 63 62 60 59 58 58 58 58 58 57 57 57 57 58 58 58 57 56 55 53 53 52 51 50 50 49 48 47 47 46 46 46 47 47 48 48 49 49 49 50 52 54 53 52 50 50 48 48 48
