data_analyses/maxent/chelseacur_asc/bio_19.asc
ncols         195
nrows         278
xllcorner     -122.86680578405
yllcorner     43.49152724385
cellsize      0.0083333333
NODATA_value  -9999
[rows 41 to 81 of 278, columns 93 to 185 of 195]
735 772 800 819 819 806 788 773 760 763 798 878 973 1042 1064 1073 1072 1010 885 781 730 707 704 745 807 858 884 888 883 881 898 929 935 874 782 698 631 592 610 682 761 813 840 854 824 760 716 697 662 619 589 577 568 546 523 510 504 498 492 486 474 462 453 458 485 527 564 579 551 499 466 451 436 420 402 390 387 389 390 384 378 369 363 354 347 341 335 329 328 327 327 327 327
784 826 846 848 837 819 795 772 755 747 759 814 914 1016 1089 1134 1140 1075 947 842 779 738 713 711 740 800 864 915 935 910 853 830 870 915 854 713 610 583 612 681 763 822 847 857 821 736 661 618 591 570 555 543 534 525 516 510 504 500 494 486 474 459 456 467 491 536 585 603 569 514 480 457 433 411 397 390 390 392 389 381 375 368 362 354 347 338 334 331 331 330 330 325 319
808 845 864 873 879 876 864 846 826 802 778 769 791 842 913 989 1042 1036 988 918 825 760 735 714 712 752 797 845 921 986 971 917 900 937 894 738 621 591 611 669 739 790 814 803 744 659 600 572 561 554 546 537 531 525 519 515 510 509 503 489 474 462 462 473 493 535 590 625 603 542 490 457 427 408 399 396 393 390 387 381 375 369 365 359 352 346 337 331 325 318 310 300 289
904 930 946 957 964 970 976 979 970 952 925 898 852 795 782 839 926 986 1022 985 870 786 758 749 783 852 891 884 919 1001 1047 1043 1021 1006 917 754 641 611 617 663 713 750 773 761 699 628 591 576 568 557 548 538 532 531 528 522 521 521 512 495 477 465 471 491 505 525 563 588 564 512 466 439 421 411 405 401 398 396 393 387 380 374 370 364 355 348 337 327 316 306 295 283 276
992 1007 1019 1027 1036 1046 1061 1076 1086 1086 1083 1071 1017 909 824 841 923 994 1049 1039 951 864 834 862 937 1009 1029 1005 1000 1023 1041 1043 1025 990 913 780 675 628 628 672 725 741 749 743 702 644 607 590 577 563 549 543 540 540 540 534 531 527 518 498 480 468 484 529 546 538 548 548 517 481 454 438 426 420 414 410 407 406 401 397 391 386 379 373 364 351 336 324 315 307 300 294 288
976 985 1005 1027 1050 1069 1087 1106 1119 1125 1125 1110 1050 944 857 850 895 950 1012 1061 1056 1011 984 1007 1043 1048 1042 1050 1047 1017 968 920 886 878 885 845 761 680 646 676 743 771 754 736 711 667 627 602 583 566 555 554 555 555 553 549 540 530 515 498 482 468 493 560 595 577 561 543 517 504 489 468 449 437 430 422 418 413 410 409 407 406 403 397 382 361 343 333 327 324 321 315 306
943 946 969 1001 1025 1049 1071 1090 1102 1102 1090 1055 988 914 868 852 857 894 977 1071 1117 1105 1071 1036 1009 1006 1026 1041 1011 940 856 804 785 815 877 911 880 804 730 713 759 800 786 754 726 686 644 614 592 576 570 570 573 573 570 560 548 531 515 498 482 468 493 568 616 599 561 527 512 532 546 520 478 456 445 436 425 421 422 425 424 421 418 407 388 369 354 345 342 342 339 327 312
939 930 941 961 984 1005 1027 1045 1052 1055 1056 1042 1014 988 978 970 964 983 1037 1097 1116 1092 1043 994 980 1008 1023 983 908 853 833 833 832 828 839 859 873 854 805 766 771 793 803 784 747 702 657 623 601 591 588 591 595 594 587 572 552 536 518 500 485 471 492 561 616 615 574 528 506 526 553 533 484 457 447 439 433 428 431 431 425 418 409 400 388 375 366 357 351 348 342 334 327
852 838 831 842 862 892 929 954 967 992 1029 1057 1069 1073 1082 1091 1097 1100 1100 1093 1064 1012 968 961 990 1001 952 842 759 760 806 834 816 770 725 714 739 773 782 768 758 770 790 794 767 723 677 639 620 612 613 619 624 621 612 600 585 567 539 512 497 481 483 539 610 640 620 567 514 496 499 488 466 450 441 436 433 431 428 422 418 409 399 390 381 369 360 354 348 345 342 336 330
686 674 665 668 680 707 746 786 820 866 933 997 1045 1074 1101 1122 1131 1119 1083 1023 939 860 830 851 871 849 772 679 637 652 679 692 698 691 666 644 660 718 777 804 806 803 809 810 794 763 725 689 666 659 662 671 674 668 662 656 643 609 563 533 527 500 480 518 598 649 650 599 525 480 468 464 457 447 436 424 418 410 404 401 397 386 373 363 355 351 348 347 345 342 336 327 315
594 593 593 596 597 600 612 633 663 703 769 857 946 1019 1071 1099 1099 1072 1000 887 767 689 666 676 677 660 635 617 616 617 612 609 627 665 689 684 675 697 762 833 873 883 875 863 847 830 808 780 754 742 746 754 751 739 725 707 672 617 571 564 564 522 477 499 576 635 651 607 534 494 485 479 469 452 431 410 394 380 371 368 362 355 349 349 357 366 367 363 358 352 342 330 318
597 602 605 611 613 610 602 591 591 603 636 697 791 887 969 1024 1031 987 876 744 664 637 631 624 621 625 634 656 669 659 643 628 623 643 679 712 722 715 738 803 873 912 922 913 899 884 870 854 837 825 823 828 825 812 783 742 686 624 590 594 579 517 468 486 557 623 651 623 566 533 521 512 503 482 449 418 392 376 365 361 358 358 364 373 385 388 379 367 361 358 352 342 333
617 630 640 643 644 645 637 611 590 582 586 604 649 716 799 873 902 860 758 691 714 769 785 767 736 705 691 723 766 763 738 715 693 675 671 695 737 777 810 856 910 945 951 943 929 911 894 882 877 870 860 856 860 859 837 799 746 690 656 630 569 492 453 483 555 634 682 672 629 594 570 550 535 513 476 437 409 391 385 382 379 376 376 378 378 370 360 354 357 364 367 364 358
631 652 672 681 678 677 668 637 608 597 590 579 583 604 644 696 725 705 664 693 809 915 958 952 911 842 795 829 911 938 918 892 862 827 791 769 790 852 915 958 986 993 981 966 950 931 918 907 903 896 882 869 864 864 863 850 819 781 739 662 551 470 450 488 554 640 707 721 694 653 615 585 551 517 482 452 427 412 403 400 388 375 364 357 351 348 345 348 357 373 385 389 388
653 661 682 700 706 704 690 652 626 621 612 591 576 574 580 595 608 610 606 647 742 847 935 999 1019 990 956 974 1024 1048 1040 1020 1002 983 958 931 919 934 970 997 1004 1001 993 981 965 950 940 931 924 916 905 888 868 854 853 857 849 831 785 668 532 461 458 499 556 637 712 740 728 697 664 632 592 550 510 473 443 422 413 409 400 394 388 376 363 353 348 347 348 360 373 385 389
696 681 683 699 719 734 725 681 641 635 637 623 609 591 574 571 587 623 640 624 621 668 773 905 1005 1048 1054 1051 1043 1031 1023 1016 1007 997 985 970 953 947 959 975 985 992 995 990 977 965 956 947 940 930 919 905 882 852 831 830 837 829 773 643 513 461 478 528 582 640 693 718 724 715 700 679 654 618 565 504 461 442 439 443 452 465 465 443 409 381 363 353 342 339 346 358 370
759 734 718 723 756 804 812 749 671 647 669 692 691 655 603 571 589 667 743 714 628 587 639 777 919 1000 1024 1016 998 986 979 964 939 911 886 864 850 859 893 931 957 977 989 990 983 974 962 952 943 934 924 909 888 850 805 775 770 757 696 587 498 475 519 597 649 643 620 620 638 653 663 670 672 657 611 549 503 485 482 486 499 512 515 491 456 422 394 366 342 327 321 324 336
827 816 794 791 838 912 920 818 699 671 730 787 778 718 638 582 578 658 791 825 720 607 589 669 787 875 911 911 902 893 865 827 793 771 752 727 712 737 802 874 925 956 971 979 977 970 958 946 934 925 918 900 878 842 776 706 666 638 590 530 503 526 600 674 678 605 527 496 504 525 554 594 628 648 641 607 568 538 520 511 509 505 499 488 472 456 429 388 352 330 317 305 300
856 877 881 890 939 993 954 818 709 731 837 882 830 751 660 592 574 615 738 848 804 663 581 592 644 701 731 731 727 715 684 652 637 636 636 628 628 650 707 794 872 918 941 953 955 952 942 927 910 897 884 863 847 826 780 707 644 595 548 528 557 622 680 679 621 544 492 468 457 448 456 496 552 606 635 631 604 566 529 505 492 474 464 462 460 453 434 403 373 352 339 324 303
772 831 894 955 1014 1038 956 802 734 826 936 930 847 763 669 613 606 602 665 798 836 729 619 574 568 577 585 591 602 614 615 613 615 628 643 651 651 652 678 744 827 878 899 914 922 919 909 894 878 851 808 768 761 785 798 771 724 666 605 589 645 711 715 658 610 587 566 544 506 455 422 426 469 529 577 598 593 568 529 495 471 450 437 437 437 428 419 407 392 379 370 355 336
669 707 787 896 992 1035 990 875 819 864 895 840 762 692 639 643 657 622 625 736 833 809 716 628 580 562 556 564 604 674 730 751 757 780 805 810 798 777 752 745 775 806 826 852 865 858 844 828 821 792 715 644 633 684 748 768 754 725 691 683 721 749 724 689 691 694 663 614 549 476 424 401 407 437 480 525 559 569 556 529 499 472 450 431 415 397 391 394 397 395 388 376 361
721 675 676 745 836 913 957 955 918 855 773 699 645 611 615 665 680 623 619 724 845 891 848 750 665 622 598 580 605 700 811 875 902 929 952 957 933 876 785 709 692 701 715 737 752 756 753 745 755 751 690 604 562 580 629 664 685 713 737 750 752 727 694 694 721 724 675 601 537 488 451 424 407 400 409 440 492 538 556 545 521 491 462 428 400 379 363 358 363 370 376 370 361
883 789 695 661 674 723 805 898 946 884 755 658 626 627 652 688 672 609 613 716 827 897 919 888 824 775 720 644 605 639 728 811 863 895 916 909 864 782 705 692 713 694 658 643 646 674 707 715 706 712 718 685 629 589 571 564 587 659 737 771 748 678 617 615 668 703 668 594 536 512 500 485 463 437 412 402 424 470 502 505 489 468 444 419 397 372 345 324 315 318 324 327 324
975 924 815 716 656 641 670 749 840 857 778 700 684 703 728 725 667 591 576 627 693 766 855 931 963 953 889 774 676 627 624 655 694 730 747 733 699 671 695 773 814 760 695 668 647 665 723 746 701 666 700 752 755 705 630 558 536 610 719 772 757 687 599 561 610 677 684 631 576 547 537 525 507 480 449 418 403 412 434 444 437 422 413 401 384 357 330 311 294 284 278 278 278
937 976 946 848 737 674 648 655 709 771 798 784 764 751 738 703 636 573 554 557 570 614 712 843 944 987 978 915 826 731 654 631 651 684 693 685 703 754 810 843 822 770 755 753 692 670 741 792 744 657 634 698 771 776 695 580 520 582 698 762 770 731 654 581 585 655 696 672 629 595 569 551 530 505 477 443 416 403 403 401 391 385 382 375 360 339 321 308 296 284 275 271 263
876 974 1017 967 854 758 690 655 677 769 850 832 756 695 657 623 587 569 570 570 563 561 600 691 792 874 935 967 957 892 819 793 808 840 843 834 858 891 883 827 766 756 792 779 685 649 732 809 795 706 609 598 669 719 674 565 502 564 677 739 761 749 699 620 587 639 693 692 666 639 609 580 558 530 499 464 434 413 398 385 375 370 367 360 346 333 321 312 302 296 290 284 274
892 959 998 993 945 872 779 702 712 827 904 818 693 650 640 616 585 582 596 601 590 575 567 582 630 710 810 908 963 966 942 931 942 953 944 928 916 888 824 743 703 739 788 749 640 602 681 767 797 741 622 543 553 586 570 507 483 561 665 721 744 745 718 657 609 633 681 687 668 642 613 584 565 540 506 472 440 413 394 382 370 363 360 358 351 342 333 323 314 306 299 290 278
948 934 924 932 957 963 903 805 794 904 957 836 703 701 724 680 620 617 648 654 625 599 584 567 558 586 673 792 875 888 871 870 887 894 881 862 831 776 710 660 666 718 749 693 588 553 615 711 775 750 652 573 543 531 509 472 470 551 647 703 729 734 718 682 642 640 667 675 656 627 595 567 549 527 491 458 431 407 391 378 364 351 347 345 343 339 333 327 317 305 294 284 274
905 877 866 895 958 1014 1004 942 924 978 992 897 796 813 855 781 678 690 762 753 670 617 602 585 563 555 588 662 718 719 700 700 711 708 701 694 676 637 602 599 626 658 655 604 557 565 625 708 779 785 734 688 661 631 580 512 469 502 591 670 714 724 712 688 661 649 660 663 645 615 582 549 527 500 465 434 413 400 388 379 367 351 336 327 323 324 321 317 308 297 290 278 266
845 870 917 974 1026 1055 1044 1011 991 984 972 943 914 931 956 884 789 811 886 847 717 636 609 591 582 582 579 577 578 578 581 586 583 571 563 563 563 557 551 554 564 570 567 571 613 676 721 750 787 815 814 799 775 742 681 586 492 455 514 621 698 715 703 681 657 642 645 650 635 611 582 551 518 487 453 422 401 388 379 375 370 357 336 318 311 311 312 308 302 296 288 278 266
898 948 1007 1049 1061 1040 992 938 895 857 834 849 879 897 898 870 846 874 922 896 793 698 635 610 625 640 615 565 537 540 557 571 573 569 566 563 563 567 580 595 599 597 613 667 747 798 798 775 780 809 826 820 799 769 722 639 531 449 456 565 671 706 693 673 651 633 630 630 620 602 581 554 517 474 439 409 391 378 366 360 360 354 342 323 309 305 302 296 293 287 281 275 266
964 999 1026 1035 1014 949 848 759 710 678 660 672 697 710 708 710 730 765 800 817 808 768 711 690 704 691 631 570 552 558 564 577 589 599 618 637 647 657 677 709 727 727 737 774 821 832 802 767 758 773 781 772 759 741 712 654 559 458 428 510 634 685 681 666 648 627 615 609 599 584 568 538 494 446 412 390 375 366 353 341 336 338 333 323 311 302 296 287 281 275 269 263 257
973 986 978 956 900 802 699 647 637 634 626 615 612 615 609 604 611 635 657 675 706 755 808 822 770 689 617 574 575 586 589 618 646 652 674 715 750 761 771 795 811 808 795 787 788 786 767 742 735 729 711 686 677 684 683 653 577 484 427 463 566 639 657 648 633 617 602 588 575 563 550 525 479 432 399 375 360 350 341 329 318 314 311 308 302 296 291 287 281 275 266 257 251
954 916 855 791 729 666 652 700 754 773 749 706 685 678 645 610 602 644 697 692 668 711 829 883 790 669 608 583 598 621 634 686 740 743 738 757 793 813 818 823 820 804 776 735 699 678 674 683 698 699 672 636 614 620 635 629 592 538 480 450 481 542 580 590 588 584 576 563 548 548 547 531 491 445 405 378 359 347 338 329 317 308 302 296 290 287 284 281 278 272 266 257 248
842 773 702 647 623 622 656 740 841 909 911 873 859 834 742 653 629 710 832 844 761 712 779 847 773 659 609 604 654 716 738 775 829 838 808 783 784 801 821 827 810 782 745 687 624 585 576 594 628 654 660 642 605 577 568 564 567 578 562 513 474 471 483 493 499 508 518 521 518 532 546 540 507 455 408 378 360 348 339 333 326 317 308 296 284 275 272 269 269 266 260 254 248
723 699 683 676 677 682 682 706 770 846 896 917 938 929 840 722 670 760 919 965 879 788 806 852 789 698 660 668 759 857 877 874 890 888 854 795 752 741 760 775 762 743 729 698 649 603 573 561 568 593 614 614 586 547 515 503 515 553 580 570 538 508 484 462 444 437 447 459 466 490 525 537 512 455 400 366 353 342 336 330 324 314 302 290 278 270 266 263 260 257 254 248 242
770 819 833 831 829 819 790 749 721 726 750 776 817 871 876 805 760 835 958 991 940 900 916 926 868 807 775 784 867 936 939 922 913 908 882 818 738 683 669 679 679 690 731 754 743 705 656 605 568 556 559 550 530 504 485 479 486 504 519 528 535 533 514 483 449 420 404 395 398 420 468 510 510 461 403 363 342 330 321 317 311 303 294 285 278 272 263 257 254 251 248 241 230
811 907 953 964 964 954 932 890 831 781 753 743 760 829 897 896 898 953 998 991 960 948 957 946 900 860 850 876 922 942 926 909 904 911 906 860 775 677 612 591 594 627 696 760 786 771 721 642 568 528 513 497 478 463 455 457 465 474 473 465 462 468 468 450 425 401 380 362 353 358 390 443 467 437 391 354 330 314 303 300 299 297 291 284 276 269 260 254 251 245 239 231 224
699 822 933 996 1016 1019 1018 1011 985 951 922 900 890 915 948 952 964 980 980 969 946 912 892 878 852 843 857 886 913 917 898 874 872 893 903 884 818 716 612 558 554 578 624 676 719 730 691 609 532 494 479 466 451 442 439 436 438 444 443 431 417 411 410 404 395 386 378 374 368 359 359 377 391 379 352 330 315 305 296 288 284 282 281 273 266 260 254 250 245 236 233 230 227
620 694 840 964 1023 1046 1055 1060 1065 1062 1049 1028 1014 993 949 901 870 852 849 857 858 854 858 867 876 891 894 891 893 894 876 837 823 840 853 837 791 712 619 563 555 568 586 598 614 630 608 550 507 484 469 456 444 436 435 432 424 420 417 416 413 408 405 411 420 419 417 423 420 411 402 395 385 374 358 339 324 312 297 285 275 270 266 263 260 257 251 245 239 236 233 232 230
671 649 735 886 989 1027 1041 1052 1063 1063 1047 1031 1024 984 901 822 782 774 777 764 756 812 895 945 958 947 924 901 882 867 843 795 759 750 736 702 665 621 584 568 564 580 605 605 589 577 562 541 525 517 507 479 450 433 429 426 417 411 408 411 416 422 428 444 462 465 460 467 469 461 457 450 438 425 404 376 351 327 305 288 276 270 266 263 261 257 254 245 239 236 233 230 227
