data_analyses/maxent/chelseacur_asc/bio_16.asc
ncols         195
nrows         278
xllcorner     -122.86680578405
yllcorner     43.49152724385
cellsize      0.0083333333
NODATA_value  -9999
[rows 164 to 204 of 278, columns 0 to 91 of 195]
658 651 635 614 600 582 547 519 510 512 524 586 691 773 811 824 824 816 807 797 792 812 857 898 909 905 896 876 849 836 831 806 757 727 740 766 780 805 862 920 947 964 984 999 994 964 919 897 920 979 1031 1066 1089 1095 1093 1067 987 903 880 884 892 939 1017 1078 1124 1174 1218 1230 1207 1167 1114 1032 938 907 969 1069 1160 1226 1269 1290 1290 1271 1215 1068 874 771 754 755 747 755 807 909
691 650 607 560 522 506 502 500 502 502 507 538 600 671 734 787 814 818 812 807 813 826 839 846 837 822 798 758 708 683 679 688 714 762 823 876 911 937 956 965 970 981 998 1009 1020 1029 1038 1052 1072 1084 1076 1059 1030 982 946 920 842 783 824 929 1017 1088 1142 1160 1157 1163 1184 1180 1145 1110 1073 973 841 802 885 1019 1129 1193 1223 1232 1217 1181 1117 1003 862 790 792 805 789 767 789 863
689 644 595 545 510 499 500 507 509 508 504 510 530 566 628 694 721 711 694 691 706 722 724 714 699 677 651 619 587 578 597 656 753 834 867 869 868 877 884 882 877 896 929 955 970 991 1021 1049 1064 1052 996 932 879 829 807 805 789 812 909 1013 1082 1124 1133 1105 1068 1057 1075 1067 1008 960 936 865 768 769 882 1020 1104 1123 1109 1089 1066 1038 1007 956 877 831 861 923 933 898 939 1052
716 676 620 575 556 555 558 567 566 553 533 520 518 530 563 599 603 587 573 573 581 587 586 579 575 569 566 560 554 557 573 617 681 722 718 699 692 704 725 742 753 792 849 879 881 879 898 928 948 928 854 767 725 740 794 837 836 829 856 893 929 959 954 913 877 867 882 870 814 762 741 721 721 799 922 1009 1014 966 920 912 950 1020 1080 1080 1021 988 1030 1113 1144 1120 1155 1222
766 739 690 658 662 676 684 688 673 636 594 560 538 528 531 536 532 527 527 530 530 530 532 531 537 553 575 589 585 573 565 569 581 588 586 580 583 591 605 623 645 682 727 743 731 718 723 746 763 743 695 651 643 681 739 778 766 723 697 700 716 731 725 704 691 691 692 689 674 659 653 658 692 769 851 887 868 832 835 896 1007 1133 1208 1210 1184 1182 1204 1225 1221 1201 1191 1142
791 780 754 735 744 758 772 777 755 708 662 622 583 552 529 517 514 514 517 523 529 538 545 547 543 553 587 626 647 642 618 588 572 570 574 582 594 596 588 583 585 596 609 613 609 603 606 617 623 620 611 613 625 639 654 673 687 684 671 669 672 672 669 662 659 659 659 659 664 671 676 673 675 688 709 732 772 844 935 1025 1114 1177 1182 1166 1175 1209 1237 1232 1192 1127 1049 950
769 776 764 745 734 738 756 777 773 745 706 668 634 603 570 543 525 516 517 523 537 555 572 574 561 550 560 600 664 719 719 676 641 625 623 638 660 662 628 592 574 571 574 577 582 585 590 593 599 611 614 613 616 627 641 670 708 731 746 764 787 799 787 761 741 734 728 722 722 726 735 733 714 691 668 665 714 826 948 1016 1032 1016 981 963 992 1068 1162 1228 1230 1166 1059 966
710 739 739 715 686 673 691 730 752 741 705 672 658 645 625 600 567 539 525 521 529 544 559 568 561 545 536 552 609 691 737 728 693 661 652 661 679 676 637 596 580 582 592 604 609 611 608 607 613 628 634 625 618 618 627 644 668 711 793 884 951 991 992 962 935 916 888 866 841 821 825 822 794 751 699 662 670 724 798 838 834 815 796 788 807 878 1003 1132 1212 1232 1203 1163
609 651 663 647 615 590 598 642 676 678 656 640 635 628 627 621 592 558 536 524 520 523 531 538 540 536 533 536 557 595 630 645 638 619 609 613 621 618 603 590 589 601 629 660 672 659 642 629 625 634 643 642 637 633 633 634 632 662 767 921 1032 1095 1133 1143 1141 1132 1104 1071 1030 990 974 937 865 790 730 690 670 670 688 719 759 801 819 800 777 791 860 952 1033 1105 1168 1220
504 532 546 546 529 513 514 538 563 576 573 573 576 575 577 579 567 558 550 540 529 523 526 532 539 539 536 536 541 544 550 559 572 579 589 610 631 645 649 636 617 616 640 680 706 707 691 669 651 644 646 655 660 659 661 663 654 650 714 864 1011 1105 1164 1195 1211 1224 1224 1214 1193 1176 1148 1055 918 808 756 733 716 699 692 727 817 924 969 926 851 824 853 897 926 947 989 1063
462 469 477 484 486 483 480 485 494 502 508 514 523 533 543 548 561 587 607 594 564 548 547 553 559 558 549 545 547 547 543 544 550 565 594 649 725 782 802 770 709 664 649 658 673 693 709 708 695 680 672 678 688 696 702 703 691 666 672 771 942 1087 1160 1182 1184 1190 1203 1215 1226 1238 1229 1165 1023 876 805 799 804 783 761 789 889 1024 1096 1050 954 917 959 1027 1055 1012 933 895
471 469 466 473 484 494 496 489 485 482 484 488 497 512 528 555 603 670 711 702 660 624 609 603 596 581 568 564 566 563 557 550 547 550 569 619 711 812 881 894 862 810 762 728 692 679 689 709 728 730 718 721 744 780 790 767 735 695 657 692 826 989 1084 1103 1081 1064 1067 1078 1086 1091 1116 1159 1140 1036 957 956 966 934 878 878 953 1061 1142 1149 1108 1083 1109 1160 1197 1175 1078 949
486 477 466 467 486 521 545 529 497 488 485 484 485 494 512 548 619 712 781 805 784 752 722 692 655 619 598 593 588 584 578 575 572 569 571 582 613 677 767 856 910 920 906 879 827 779 757 757 771 784 785 787 816 864 868 820 776 729 673 651 702 805 892 923 917 915 939 973 993 983 977 1054 1167 1202 1179 1170 1165 1117 1045 1030 1085 1154 1211 1244 1251 1237 1213 1192 1192 1211 1199 1120
489 475 463 463 479 525 583 581 540 521 512 498 489 486 494 516 568 656 748 808 833 837 827 798 750 704 673 653 635 625 629 640 653 648 632 615 597 594 631 696 761 826 899 955 973 957 934 917 906 902 909 916 917 901 855 799 762 725 676 640 643 677 712 741 790 877 971 1048 1100 1098 1054 1077 1185 1271 1287 1274 1256 1232 1198 1198 1230 1260 1280 1286 1279 1261 1232 1172 1122 1147 1204 1213
496 478 466 466 472 508 574 615 603 589 567 531 505 495 490 495 512 557 627 693 748 792 827 839 833 818 797 770 754 761 777 796 812 809 771 709 648 617 610 612 624 667 747 856 963 1024 1042 1053 1056 1056 1071 1079 1043 948 834 763 726 693 657 642 663 690 684 682 752 880 982 1058 1137 1191 1202 1211 1244 1269 1265 1245 1236 1246 1262 1272 1277 1277 1271 1256 1234 1217 1202 1135 1041 1052 1151 1222
537 512 491 480 483 499 543 588 602 607 596 563 537 521 509 502 498 501 521 553 596 645 697 746 795 837 850 849 861 892 911 921 937 951 922 841 751 711 694 662 630 621 643 703 792 879 959 1037 1090 1118 1138 1147 1119 1013 866 771 725 688 654 655 705 746 725 691 714 784 843 914 1039 1167 1235 1256 1258 1248 1216 1162 1141 1188 1246 1266 1264 1247 1211 1166 1143 1140 1121 1042 935 922 1036 1160
632 580 534 506 504 505 520 545 561 575 593 606 611 590 564 546 533 518 505 500 506 523 552 588 645 702 732 754 800 844 859 874 916 961 979 955 910 887 867 806 734 698 691 685 685 719 798 899 974 1012 1043 1067 1083 1051 933 820 756 711 668 671 733 792 769 712 690 701 733 799 933 1085 1168 1192 1204 1217 1190 1102 1034 1086 1185 1230 1232 1194 1108 1017 995 1005 970 898 826 801 871 1011
730 667 605 563 540 530 554 602 633 645 669 712 741 727 698 677 656 618 572 540 522 509 503 509 530 554 571 591 632 676 698 742 825 905 960 988 1002 1013 1007 966 911 881 876 852 809 770 747 758 793 823 856 900 985 1066 1044 955 862 773 706 692 762 874 893 807 739 729 752 791 873 976 1025 1037 1084 1174 1199 1116 1009 1007 1108 1182 1173 1098 979 892 887 907 898 861 812 770 760 839
778 749 707 661 616 595 643 720 763 775 789 815 835 834 823 815 804 772 724 681 633 580 542 530 529 531 531 527 532 543 561 615 708 800 862 908 953 987 1002 1015 1027 1033 1037 1025 999 948 860 780 758 768 794 855 973 1093 1133 1096 1006 888 795 757 809 951 1032 951 840 819 854 892 947 985 959 905 940 1079 1170 1151 1065 1006 1055 1123 1082 974 912 930 980 1029 1056 1014 898 797 739 731
782 782 767 739 699 678 708 762 800 820 827 828 826 824 821 821 830 837 833 821 788 727 671 645 634 615 587 554 534 524 526 543 584 639 692 751 819 864 901 953 1004 1028 1031 1039 1052 1042 990 930 903 909 934 989 1066 1130 1152 1139 1090 1023 964 919 923 1011 1098 1083 1007 993 1042 1093 1133 1141 1080 971 899 935 1026 1107 1125 1064 1022 1027 970 909 970 1086 1166 1211 1229 1159 991 833 746 699
756 770 768 759 743 728 718 725 746 774 781 765 743 720 699 694 708 739 778 820 848 843 818 796 775 736 676 614 572 552 542 535 534 542 562 599 647 687 728 796 874 920 931 955 992 1013 1022 1036 1056 1074 1093 1109 1118 1120 1117 1106 1097 1109 1115 1101 1091 1115 1155 1175 1168 1176 1207 1235 1248 1240 1209 1136 1021 924 918 1009 1099 1058 951 919 931 973 1074 1163 1209 1234 1243 1200 1055 880 775 735
699 736 756 757 754 750 725 688 675 685 677 643 605 574 552 544 554 581 627 696 776 827 838 828 814 804 775 717 664 624 591 572 565 558 551 547 556 572 592 627 684 730 758 812 880 929 985 1048 1099 1126 1136 1127 1102 1072 1053 1057 1086 1130 1154 1150 1138 1125 1120 1126 1159 1192 1202 1217 1229 1219 1208 1206 1173 1085 991 962 997 961 883 914 1011 1077 1105 1120 1144 1190 1234 1232 1133 976 869 826
624 687 734 740 731 728 709 661 611 585 561 530 508 501 500 501 501 505 520 561 634 700 737 765 802 844 871 856 815 761 705 677 666 646 613 587 583 597 608 600 595 600 618 663 728 812 919 1014 1070 1092 1095 1088 1056 994 963 1001 1066 1110 1121 1092 1037 985 970 999 1049 1066 1055 1086 1144 1174 1174 1197 1224 1194 1084 957 921 922 937 1000 1056 1067 1069 1084 1123 1178 1227 1247 1211 1121 1016 916
573 625 697 720 690 653 627 590 545 514 502 501 511 529 545 553 551 543 530 522 531 562 616 707 806 873 908 914 896 860 827 822 826 797 743 689 672 713 744 715 676 659 637 617 627 693 792 873 915 929 936 935 900 837 808 854 917 959 973 937 865 832 881 984 1048 1010 948 952 1012 1066 1100 1160 1215 1196 1091 971 944 985 1006 986 949 961 1035 1104 1137 1144 1154 1188 1220 1207 1133 1031
578 596 662 707 676 600 545 518 499 494 513 545 585 625 657 678 685 676 637 574 528 517 552 636 726 780 803 801 787 777 789 830 876 901 888 840 823 875 918 892 855 837 792 715 664 668 699 728 740 734 731 734 716 686 679 700 726 754 774 771 760 802 929 1083 1157 1122 1057 1022 1003 981 984 1066 1143 1120 1030 954 933 931 897 838 802 831 919 984 997 986 987 1024 1086 1149 1183 1159
617 610 647 693 674 593 539 533 537 545 585 638 683 725 764 792 813 814 764 668 589 554 549 564 603 637 654 656 651 654 684 739 816 906 959 957 955 975 996 998 995 985 947 879 828 820 827 832 825 785 751 752 753 745 746 746 741 743 755 785 833 922 1057 1175 1224 1216 1199 1181 1141 1060 971 957 1000 990 928 876 841 819 809 803 795 794 802 811 835 880 929 957 978 1047 1153 1191
654 636 643 655 629 581 580 623 647 650 666 696 719 749 781 803 825 845 826 761 696 652 607 571 578 612 639 657 673 696 733 779 847 927 974 980 979 975 981 1003 1018 1008 984 971 975 993 1006 1013 1007 979 948 944 947 948 955 948 933 923 926 961 1016 1087 1164 1213 1222 1213 1204 1201 1190 1133 1003 876 848 860 857 864 893 928 961 984 983 956 912 875 891 981 1078 1112 1085 1071 1138 1193
684 654 628 592 555 544 591 663 692 679 659 660 680 715 742 754 771 805 827 813 785 756 714 667 655 681 707 739 778 821 868 906 943 967 966 949 937 925 939 983 1012 1007 982 967 983 1018 1041 1041 1033 1035 1037 1036 1045 1056 1061 1060 1070 1089 1108 1137 1166 1179 1181 1186 1193 1189 1171 1154 1151 1121 1012 861 780 823 913 996 1070 1118 1151 1176 1184 1169 1132 1087 1074 1126 1199 1237 1216 1177 1181 1207
704 651 592 537 508 522 565 605 613 590 571 574 602 639 668 670 683 723 756 758 748 745 746 737 742 766 798 831 869 910 944 967 978 977 953 910 872 847 871 946 1001 1009 987 943 918 943 966 952 939 967 1007 1020 1011 983 961 974 1034 1110 1163 1185 1195 1189 1169 1150 1148 1156 1140 1112 1108 1110 1054 915 809 881 1032 1119 1154 1169 1188 1215 1227 1227 1222 1211 1198 1195 1208 1224 1221 1197 1171 1157
684 604 535 496 489 503 523 526 514 499 493 498 512 535 554 559 574 605 621 615 609 620 641 669 716 785 854 899 924 941 950 958 967 972 956 920 873 821 817 894 974 993 969 905 845 853 879 880 894 949 993 972 902 852 869 936 1025 1109 1151 1160 1160 1160 1148 1118 1093 1097 1091 1070 1062 1062 1040 930 834 912 1051 1098 1087 1076 1084 1103 1110 1113 1134 1156 1150 1122 1108 1114 1110 1078 1034 993
624 540 486 472 473 477 481 476 470 470 472 471 468 473 478 484 496 510 513 512 518 532 550 581 633 725 829 894 920 930 930 930 937 954 959 948 921 870 823 852 919 934 895 831 801 836 885 914 939 951 921 845 780 809 923 1029 1097 1138 1148 1137 1124 1108 1094 1060 1019 1011 1010 991 964 946 932 891 865 929 994 981 927 889 877 884 891 908 946 976 964 924 897 893 884 851 803 759
537 486 465 466 470 472 472 472 476 487 503 505 493 482 478 477 483 489 497 511 534 563 588 610 641 711 800 853 873 885 890 880 887 913 935 937 920 887 843 825 834 830 799 762 754 798 846 858 846 816 762 716 727 824 966 1053 1093 1119 1124 1115 1106 1079 1032 975 920 911 914 887 842 809 811 843 883 916 899 825 750 709 693 692 699 719 749 762 750 724 704 697 688 670 650 633
469 456 456 465 475 481 484 485 489 509 542 558 548 530 515 507 512 529 554 582 621 672 711 730 748 782 817 812 795 805 825 821 822 851 886 901 887 851 810 774 742 725 715 689 665 677 702 712 724 733 721 704 714 789 911 983 1007 1032 1041 1041 1048 1031 964 882 834 835 838 809 764 715 704 736 774 786 754 694 652 638 635 631 628 631 640 641 637 632 633 638 641 638 631 629
466 483 501 508 514 529 543 540 528 528 551 581 603 605 583 565 583 631 685 724 758 793 822 833 841 849 840 797 739 723 747 759 753 763 796 818 814 782 730 677 650 645 647 656 673 692 717 760 816 861 870 838 797 793 865 937 957 951 929 906 890 865 814 762 756 771 757 724 685 648 632 638 651 656 651 644 650 678 699 678 641 623 619 619 617 617 620 626 628 628 626 626
526 583 622 628 629 650 672 672 651 627 622 645 685 705 691 675 701 760 809 825 829 829 837 843 846 851 841 809 751 703 683 675 657 642 649 666 673 663 633 599 611 659 709 758 804 832 855 883 909 951 989 993 955 915 931 991 1011 962 869 769 704 674 653 646 658 667 655 634 622 615 615 614 616 619 634 664 713 797 849 797 713 670 648 641 636 632 631 628 623 619 614 611
612 687 729 737 737 751 772 783 777 762 749 753 769 781 783 786 800 818 821 798 771 773 801 814 814 816 818 803 761 692 619 575 551 533 528 535 543 552 555 572 635 727 793 819 822 819 829 843 865 918 980 1018 1031 1027 1032 1046 1026 939 801 674 618 619 618 611 610 613 613 620 632 646 651 644 628 616 633 681 761 876 953 925 869 828 783 746 712 684 668 664 660 652 643 631
659 708 734 742 739 740 755 770 778 784 779 770 770 785 806 820 820 810 787 743 687 677 726 761 758 749 746 731 688 619 547 511 500 498 500 500 502 510 522 548 605 665 689 683 664 652 665 712 793 879 929 961 994 1018 1019 989 916 802 688 635 668 728 750 735 719 701 683 681 690 710 717 702 664 631 627 673 771 902 998 1034 1055 1057 1027 980 902 817 765 743 735 730 712 683
662 669 673 676 663 645 642 647 661 676 687 698 729 769 802 818 815 800 780 746 686 634 645 684 690 666 636 607 569 527 499 493 502 514 519 514 508 511 516 519 535 553 559 556 552 554 562 604 693 778 818 844 880 898 875 820 743 662 607 627 726 845 911 922 900 853 819 799 784 788 785 746 692 646 630 662 759 882 972 1026 1076 1121 1148 1145 1099 1026 970 936 918 912 875 807
682 647 610 584 559 536 524 527 544 571 606 662 728 778 801 807 801 781 759 747 718 653 598 596 601 575 535 506 490 482 484 492 508 532 543 533 521 526 525 514 514 523 537 559 587 592 572 559 583 625 654 680 703 704 678 648 632 624 614 621 674 768 863 912 905 899 935 958 948 927 876 794 725 678 644 645 704 800 857 869 882 913 961 1025 1079 1101 1105 1103 1100 1104 1076 1013
707 640 560 511 494 498 522 555 588 620 664 722 771 792 789 777 762 729 688 672 660 611 544 511 505 494 479 473 478 484 490 499 513 532 547 543 535 538 535 523 526 533 544 577 637 672 648 589 550 549 557 568 577 578 578 588 628 689 708 669 630 638 690 737 783 880 1010 1093 1114 1099 1034 931 831 751 680 640 674 780 851 839 799 763 756 797 866 928 975 1011 1044 1063 1073 1084
667 585 509 480 500 555 625 678 710 735 758 776 780 770 742 710 683 636 579 552 538 510 482 466 466 469 472 478 488 499 508 520 528 537 552 563 562 557 542 530 540 547 541 553 599 660 684 635 571 549 552 554 557 566 576 585 620 687 743 737 675 619 608 631 713 870 1027 1117 1162 1178 1158 1088 968 828 714 645 659 772 884 928 927 882 804 741 732 757 783 804 826 846 870 916
