data_analyses/maxent/chelseacur_asc/bio_12.asc
ncols         195
nrows         278
xllcorner     -122.86680578405
yllcorner     43.49152724385
cellsize      0.0083333333
NODATA_value  -9999
[rows 38 to 75 of 278, columns 0 to 86 of 195]
913 904 897 895 894 897 905 910 927 961 998 1025 1038 1035 1018 1013 1031 1075 1148 1216 1225 1130 983 888 872 899 932 978 1043 1104 1140 1149 1141 1133 1133 1141 1142 1124 1091 1072 1077 1122 1201 1243 1204 1162 1174 1182 1167 1197 1268 1312 1268 1207 1206 1246 1293 1326 1341 1353 1381 1423 1473 1501 1497 1474 1426 1349 1297 1319 1454 1643 1763 1802 1814 1818 1843 1886 1932 1983 2038 2083 2111 2122 2125 2149 2223
897 901 910 910 903 907 917 921 922 933 965 994 999 985 969 965 977 1020 1089 1157 1179 1112 979 879 860 887 923 973 1051 1130 1171 1183 1175 1156 1131 1105 1085 1069 1058 1058 1073 1117 1190 1227 1197 1195 1246 1258 1234 1266 1367 1431 1367 1257 1211 1228 1268 1312 1350 1379 1415 1460 1504 1541 1561 1572 1548 1447 1332 1336 1507 1734 1860 1892 1901 1913 1932 1956 1986 2033 2096 2154 2207 2247 2268 2284 2332
920 914 926 928 936 954 962 953 938 938 966 991 994 984 980 982 990 1022 1072 1115 1126 1086 985 893 863 887 920 967 1038 1115 1163 1189 1192 1165 1130 1107 1110 1122 1134 1137 1145 1182 1218 1204 1161 1173 1237 1288 1319 1383 1486 1553 1512 1397 1284 1233 1243 1273 1317 1360 1409 1454 1494 1531 1559 1579 1590 1522 1386 1336 1442 1636 1807 1916 1968 1984 1987 1998 2029 2081 2147 2213 2274 2330 2361 2368 2376
1042 994 959 950 972 1004 1002 971 945 953 989 1010 1008 1009 1025 1045 1059 1064 1070 1079 1084 1076 1030 946 887 887 914 953 1012 1068 1107 1145 1163 1150 1142 1171 1231 1287 1320 1317 1306 1329 1345 1294 1216 1172 1197 1295 1422 1529 1602 1644 1630 1525 1375 1304 1304 1299 1308 1370 1448 1475 1483 1514 1551 1573 1594 1574 1489 1396 1370 1421 1548 1714 1856 1946 1993 2017 2050 2107 2174 2242 2297 2337 2347 2317 2265
1199 1134 1050 993 983 998 981 949 928 946 986 1007 1009 1031 1077 1121 1145 1134 1096 1058 1036 1043 1067 1037 955 904 901 937 995 1041 1069 1098 1126 1137 1166 1246 1358 1449 1486 1464 1416 1409 1436 1429 1352 1245 1222 1336 1509 1623 1653 1634 1585 1484 1393 1424 1481 1427 1369 1433 1532 1538 1502 1512 1543 1566 1589 1605 1587 1527 1455 1397 1385 1450 1601 1793 1940 2006 2049 2109 2171 2223 2241 2219 2140 2024 1920
1261 1231 1144 1032 954 929 921 912 903 915 947 970 993 1042 1105 1169 1207 1204 1153 1090 1035 1012 1052 1092 1046 953 903 919 969 1018 1052 1083 1110 1132 1176 1270 1390 1484 1510 1482 1439 1448 1498 1520 1440 1305 1255 1356 1498 1583 1596 1547 1460 1385 1391 1527 1632 1559 1444 1463 1529 1528 1495 1503 1527 1549 1574 1608 1627 1620 1586 1508 1398 1342 1420 1636 1861 1991 2052 2088 2104 2082 2018 1925 1803 1700 1652
1223 1218 1151 1032 930 890 884 886 889 893 907 931 967 1026 1103 1177 1230 1246 1217 1163 1104 1042 1027 1068 1069 984 914 918 946 970 1000 1036 1068 1098 1140 1223 1336 1422 1450 1444 1463 1507 1541 1513 1409 1295 1283 1375 1471 1521 1545 1522 1458 1423 1477 1617 1713 1645 1496 1442 1460 1462 1459 1481 1511 1535 1564 1600 1628 1652 1639 1546 1401 1332 1386 1531 1723 1894 1958 1939 1892 1837 1786 1770 1769 1793 1846
1144 1147 1110 1050 996 975 951 926 914 908 908 912 937 994 1067 1135 1189 1226 1225 1195 1144 1070 1007 995 988 948 928 954 980 982 978 979 998 1030 1071 1144 1260 1364 1398 1400 1433 1474 1491 1448 1360 1311 1358 1455 1526 1564 1593 1598 1563 1536 1571 1656 1713 1655 1522 1448 1443 1444 1455 1480 1513 1541 1566 1597 1630 1659 1635 1508 1365 1340 1415 1492 1587 1702 1738 1690 1648 1683 1804 1943 2020 2056 2081
1072 1087 1106 1127 1143 1139 1099 1041 1002 987 973 946 933 958 1009 1064 1109 1139 1143 1121 1074 1006 946 915 895 894 931 994 1052 1076 1058 1013 987 1002 1031 1080 1183 1298 1346 1345 1345 1355 1364 1357 1347 1373 1454 1531 1570 1594 1618 1634 1628 1604 1600 1623 1641 1624 1572 1528 1511 1495 1490 1507 1535 1560 1578 1598 1626 1653 1610 1464 1336 1334 1412 1478 1536 1602 1641 1642 1651 1726 1872 2010 2060 2048 2025
1005 1059 1121 1178 1212 1211 1174 1112 1068 1055 1039 991 947 935 968 1016 1038 1030 1013 1000 979 944 913 894 873 872 909 978 1059 1132 1159 1113 1053 1025 1031 1045 1089 1160 1211 1219 1204 1188 1199 1248 1334 1425 1497 1532 1544 1562 1592 1627 1651 1640 1613 1600 1613 1646 1657 1636 1598 1559 1534 1530 1538 1558 1570 1581 1603 1620 1564 1428 1328 1316 1352 1403 1474 1573 1681 1764 1788 1780 1796 1848 1900 1929 1935
936 997 1064 1117 1135 1130 1100 1049 1015 1006 1000 972 941 927 950 975 971 947 954 997 1035 1032 1019 1002 955 898 887 917 982 1066 1141 1166 1139 1090 1051 1026 1024 1044 1064 1072 1067 1067 1083 1145 1262 1373 1425 1437 1479 1560 1619 1646 1639 1603 1573 1578 1621 1665 1674 1651 1625 1611 1603 1576 1550 1545 1558 1571 1587 1595 1558 1473 1410 1384 1367 1362 1393 1470 1586 1682 1696 1647 1615 1645 1710 1776 1800
885 917 957 988 1001 997 981 952 935 928 922 916 916 919 925 927 916 919 986 1092 1159 1163 1161 1162 1107 996 914 892 914 969 1041 1111 1151 1134 1071 1024 1025 1036 1034 1041 1069 1096 1107 1114 1156 1215 1242 1259 1353 1507 1594 1566 1487 1432 1432 1485 1553 1595 1609 1623 1651 1687 1716 1707 1656 1615 1605 1612 1614 1613 1599 1578 1558 1531 1487 1434 1404 1412 1459 1502 1514 1504 1502 1510 1527 1560 1575
869 873 881 891 903 911 913 906 902 894 885 882 890 896 899 896 891 912 982 1077 1136 1167 1204 1247 1240 1144 1016 931 906 923 962 1013 1058 1073 1054 1055 1093 1117 1114 1143 1220 1287 1280 1191 1111 1095 1107 1129 1206 1332 1393 1342 1264 1241 1270 1329 1395 1457 1524 1602 1674 1733 1779 1792 1759 1717 1697 1696 1684 1669 1657 1657 1660 1650 1622 1574 1511 1475 1476 1489 1503 1516 1517 1484 1457 1473 1489
869 862 860 859 865 877 890 891 890 889 889 890 891 893 897 901 899 907 928 962 1001 1068 1166 1257 1306 1278 1179 1057 969 928 927 948 969 993 1037 1119 1207 1255 1256 1278 1365 1447 1428 1292 1137 1078 1092 1116 1149 1196 1217 1196 1178 1187 1202 1218 1260 1338 1430 1533 1640 1719 1764 1777 1758 1740 1746 1758 1757 1741 1724 1712 1712 1715 1712 1691 1646 1591 1558 1541 1528 1531 1531 1500 1462 1456 1457
861 861 862 860 859 877 897 908 910 922 932 934 930 922 932 946 957 957 940 920 914 959 1063 1184 1282 1334 1316 1234 1122 1011 941 923 937 966 1028 1137 1256 1335 1342 1322 1348 1405 1430 1359 1208 1112 1122 1172 1202 1220 1230 1225 1213 1211 1205 1195 1213 1273 1345 1427 1534 1645 1723 1758 1752 1731 1736 1761 1776 1773 1769 1765 1769 1784 1795 1797 1781 1747 1703 1641 1579 1550 1547 1528 1491 1452 1427
856 856 861 867 877 897 929 952 973 1001 1013 1009 996 988 1008 1043 1066 1067 1046 1009 959 925 952 1039 1172 1296 1346 1322 1235 1092 971 933 946 967 999 1062 1151 1232 1275 1276 1284 1316 1380 1402 1294 1158 1134 1186 1236 1267 1283 1288 1275 1248 1222 1201 1202 1237 1289 1346 1421 1520 1631 1712 1741 1741 1740 1747 1766 1785 1805 1822 1838 1854 1869 1883 1896 1899 1879 1828 1750 1700 1685 1666 1608 1525 1476
856 847 858 885 907 920 936 965 1019 1074 1094 1102 1102 1105 1126 1156 1174 1177 1180 1173 1119 1022 946 946 1041 1172 1238 1226 1156 1059 998 1002 1016 1011 1001 1011 1043 1094 1163 1239 1290 1314 1355 1370 1284 1164 1124 1150 1193 1240 1282 1310 1321 1300 1256 1223 1214 1221 1256 1301 1345 1411 1502 1592 1650 1698 1731 1752 1777 1816 1852 1869 1869 1868 1877 1897 1929 1962 1975 1966 1937 1917 1926 1922 1826 1673 1574
847 851 878 915 938 937 928 950 1015 1083 1123 1155 1185 1199 1206 1221 1230 1233 1254 1289 1282 1197 1085 1010 995 1024 1047 1054 1053 1067 1108 1146 1142 1087 1042 1039 1057 1070 1105 1193 1299 1356 1362 1320 1228 1162 1153 1162 1173 1192 1228 1264 1298 1319 1297 1254 1222 1214 1237 1279 1310 1343 1401 1460 1514 1582 1663 1742 1800 1838 1865 1875 1864 1847 1844 1863 1903 1946 1975 2001 2019 2034 2064 2068 1968 1783 1665
883 919 961 984 984 975 959 958 994 1053 1102 1145 1182 1198 1198 1197 1206 1221 1252 1300 1339 1330 1262 1161 1053 992 1006 1063 1137 1210 1264 1282 1254 1180 1118 1112 1123 1098 1074 1112 1200 1275 1297 1253 1193 1182 1212 1227 1215 1193 1187 1193 1227 1284 1313 1279 1226 1202 1225 1270 1302 1318 1348 1381 1411 1462 1556 1677 1766 1799 1810 1836 1859 1864 1858 1861 1878 1909 1938 1968 1978 1972 1972 1956 1877 1753 1682
1022 1074 1100 1095 1076 1062 1043 1010 994 1019 1066 1112 1141 1153 1152 1150 1154 1176 1207 1251 1317 1365 1344 1248 1128 1097 1162 1234 1284 1320 1334 1332 1309 1259 1207 1189 1182 1141 1088 1071 1096 1136 1152 1136 1142 1202 1270 1301 1289 1245 1204 1184 1185 1239 1311 1310 1247 1195 1202 1251 1291 1314 1332 1361 1399 1441 1493 1565 1630 1645 1655 1722 1821 1881 1879 1846 1816 1811 1831 1839 1826 1809 1806 1808 1784 1735 1702
1188 1193 1181 1159 1137 1125 1105 1062 1019 1005 1035 1081 1113 1125 1132 1132 1132 1150 1170 1203 1273 1346 1343 1249 1164 1199 1289 1318 1315 1313 1303 1292 1274 1251 1230 1225 1230 1213 1179 1155 1146 1123 1085 1069 1122 1223 1329 1398 1399 1341 1277 1234 1199 1219 1311 1358 1295 1209 1184 1215 1264 1299 1324 1365 1429 1494 1523 1526 1517 1495 1496 1569 1693 1786 1801 1770 1719 1682 1682 1697 1710 1723 1755 1807 1845 1850 1826
1239 1186 1147 1125 1112 1104 1096 1078 1048 1020 1024 1059 1094 1108 1118 1121 1126 1139 1158 1177 1227 1294 1300 1219 1167 1216 1265 1254 1223 1206 1188 1168 1161 1164 1187 1214 1247 1274 1285 1286 1265 1190 1101 1071 1124 1230 1353 1444 1458 1398 1331 1281 1221 1208 1297 1381 1357 1262 1192 1191 1225 1263 1300 1347 1427 1518 1579 1578 1543 1491 1449 1471 1557 1653 1719 1734 1705 1666 1660 1694 1729 1759 1794 1860 1937 1987 1995
1209 1148 1104 1082 1070 1069 1066 1062 1048 1027 1015 1030 1051 1059 1071 1077 1079 1097 1120 1133 1154 1193 1208 1161 1131 1166 1182 1165 1153 1139 1110 1098 1113 1148 1190 1215 1242 1277 1319 1339 1324 1257 1173 1141 1168 1220 1283 1347 1367 1345 1315 1272 1209 1181 1237 1329 1375 1338 1256 1198 1191 1226 1268 1318 1401 1498 1581 1616 1616 1575 1505 1456 1478 1573 1679 1735 1743 1739 1756 1788 1815 1833 1849 1893 1963 2017 2020
1198 1164 1138 1107 1075 1051 1036 1022 1009 992 982 989 1000 1012 1036 1050 1038 1035 1053 1068 1077 1091 1097 1078 1075 1106 1127 1152 1192 1209 1190 1178 1198 1232 1260 1272 1266 1268 1288 1313 1329 1321 1293 1286 1288 1247 1202 1218 1258 1274 1262 1228 1182 1162 1184 1234 1300 1350 1332 1258 1209 1212 1236 1279 1359 1458 1547 1605 1648 1654 1604 1513 1458 1505 1612 1706 1772 1808 1839 1861 1882 1902 1900 1873 1857 1845 1806
1223 1208 1179 1120 1056 1012 990 975 969 968 974 981 989 1015 1059 1076 1053 1021 1025 1053 1063 1054 1042 1036 1061 1100 1123 1152 1199 1235 1249 1258 1274 1295 1316 1331 1323 1286 1264 1274 1306 1336 1350 1362 1350 1261 1177 1184 1236 1254 1233 1205 1178 1172 1187 1203 1224 1279 1338 1339 1288 1242 1230 1246 1303 1395 1495 1585 1642 1674 1653 1562 1474 1472 1526 1602 1688 1751 1781 1797 1814 1832 1806 1735 1661 1602 1559
1239 1198 1134 1050 989 961 955 966 983 1002 1012 1015 1013 1030 1060 1070 1050 1033 1043 1079 1087 1071 1053 1060 1100 1141 1145 1139 1138 1152 1182 1220 1255 1282 1313 1338 1350 1321 1293 1293 1316 1340 1344 1330 1314 1270 1225 1223 1257 1274 1271 1258 1244 1237 1240 1237 1225 1226 1290 1370 1376 1317 1275 1268 1279 1323 1417 1542 1637 1676 1654 1573 1499 1486 1493 1504 1540 1593 1636 1661 1685 1695 1679 1656 1634 1591 1545
1196 1116 1040 985 963 967 983 1003 1025 1045 1059 1060 1043 1030 1021 1019 1020 1032 1064 1102 1114 1095 1082 1100 1137 1172 1185 1173 1144 1128 1154 1206 1247 1270 1299 1329 1362 1377 1383 1404 1424 1425 1399 1360 1351 1357 1346 1332 1346 1363 1378 1389 1370 1343 1327 1313 1279 1239 1250 1351 1431 1421 1388 1374 1334 1286 1316 1438 1583 1665 1653 1574 1525 1525 1531 1517 1512 1540 1593 1651 1696 1715 1722 1742 1761 1747 1706
1102 1043 1001 991 1001 1018 1029 1041 1051 1063 1079 1086 1078 1047 1011 998 1005 1026 1066 1112 1131 1123 1117 1128 1149 1180 1211 1232 1222 1205 1234 1301 1347 1361 1366 1380 1418 1456 1492 1529 1546 1533 1502 1460 1440 1445 1453 1461 1482 1496 1506 1514 1494 1454 1419 1389 1343 1277 1245 1318 1447 1519 1522 1503 1434 1338 1294 1331 1464 1617 1666 1622 1595 1622 1645 1620 1589 1596 1634 1688 1734 1751 1765 1796 1838 1867 1877
1040 1045 1045 1039 1043 1048 1052 1057 1063 1071 1087 1102 1104 1071 1021 998 1004 1015 1044 1085 1122 1135 1134 1132 1134 1158 1206 1270 1308 1303 1316 1385 1458 1487 1489 1486 1483 1486 1510 1544 1554 1543 1541 1531 1500 1481 1503 1554 1606 1634 1652 1660 1640 1590 1525 1464 1403 1339 1280 1294 1395 1521 1592 1587 1537 1461 1372 1305 1357 1503 1604 1620 1642 1708 1746 1720 1681 1674 1690 1715 1744 1761 1776 1809 1862 1921 1976
1034 1064 1071 1063 1060 1060 1066 1073 1081 1088 1101 1114 1111 1076 1026 1007 1010 1017 1030 1055 1089 1112 1117 1107 1103 1119 1177 1263 1332 1354 1369 1422 1490 1537 1555 1542 1490 1419 1391 1418 1452 1479 1510 1531 1508 1490 1532 1612 1687 1743 1788 1809 1790 1732 1650 1563 1499 1442 1370 1306 1328 1465 1593 1624 1603 1560 1461 1340 1321 1381 1433 1456 1507 1592 1642 1649 1657 1681 1716 1750 1784 1804 1817 1843 1890 1948 2017
1045 1057 1064 1066 1069 1073 1080 1089 1093 1095 1105 1109 1093 1059 1040 1042 1048 1053 1060 1068 1079 1093 1101 1098 1099 1109 1141 1197 1253 1305 1356 1405 1454 1495 1521 1511 1437 1329 1279 1324 1405 1466 1503 1517 1511 1511 1554 1636 1718 1783 1831 1860 1847 1799 1727 1653 1585 1512 1418 1316 1302 1423 1555 1594 1576 1549 1492 1418 1389 1390 1384 1350 1333 1361 1428 1516 1592 1627 1668 1737 1791 1812 1822 1852 1910 1979 2053
1054 1056 1065 1070 1073 1078 1084 1089 1088 1085 1088 1087 1071 1053 1054 1081 1095 1104 1108 1106 1101 1105 1118 1130 1141 1148 1143 1144 1164 1210 1263 1308 1340 1366 1386 1384 1346 1302 1302 1381 1486 1548 1567 1574 1572 1566 1581 1635 1700 1756 1796 1825 1829 1798 1748 1692 1615 1514 1399 1308 1291 1368 1455 1495 1498 1496 1494 1479 1469 1473 1467 1425 1347 1294 1322 1435 1572 1636 1642 1686 1765 1831 1868 1906 1966 2035 2102
1063 1068 1075 1080 1079 1080 1079 1080 1082 1078 1077 1079 1077 1065 1066 1096 1124 1131 1135 1131 1126 1129 1144 1165 1188 1196 1185 1162 1150 1160 1188 1219 1246 1256 1277 1321 1366 1397 1424 1491 1572 1608 1609 1620 1628 1625 1621 1639 1677 1715 1751 1784 1793 1772 1743 1713 1647 1546 1436 1355 1329 1343 1367 1408 1452 1477 1491 1497 1497 1505 1513 1501 1445 1367 1315 1343 1484 1648 1702 1692 1752 1856 1936 1982 2019 2055 2096
1071 1075 1082 1082 1079 1084 1085 1083 1083 1085 1090 1099 1096 1078 1086 1115 1138 1146 1144 1140 1141 1147 1161 1181 1201 1214 1212 1196 1175 1166 1170 1192 1213 1230 1279 1380 1476 1522 1534 1545 1564 1567 1576 1608 1643 1666 1671 1670 1686 1711 1739 1756 1745 1724 1714 1705 1670 1597 1505 1430 1394 1377 1361 1375 1421 1456 1470 1477 1479 1490 1494 1497 1488 1457 1396 1330 1379 1588 1762 1793 1803 1859 1933 1984 1994 1978 1969
1066 1068 1072 1076 1079 1087 1090 1085 1084 1093 1109 1112 1092 1079 1098 1136 1151 1155 1156 1157 1158 1162 1174 1187 1198 1206 1206 1204 1199 1187 1183 1188 1203 1223 1278 1368 1447 1473 1470 1460 1464 1507 1562 1596 1613 1650 1679 1688 1700 1720 1734 1715 1670 1652 1654 1652 1633 1595 1542 1488 1450 1425 1399 1380 1390 1408 1417 1416 1425 1449 1472 1474 1482 1499 1492 1402 1339 1444 1637 1745 1749 1722 1762 1870 1948 1928 1869
1065 1067 1071 1077 1085 1091 1094 1092 1097 1110 1125 1111 1079 1063 1088 1125 1141 1152 1162 1172 1171 1173 1182 1190 1198 1207 1212 1213 1213 1209 1201 1200 1203 1213 1241 1294 1349 1355 1329 1325 1374 1468 1554 1579 1581 1618 1646 1640 1642 1666 1676 1645 1605 1592 1572 1536 1518 1524 1527 1511 1481 1450 1430 1405 1399 1405 1408 1395 1386 1412 1452 1466 1472 1501 1519 1438 1314 1291 1378 1464 1476 1440 1454 1609 1843 1965 1951
1073 1077 1081 1086 1092 1098 1102 1108 1116 1126 1128 1107 1074 1057 1070 1094 1117 1133 1151 1161 1172 1180 1190 1198 1209 1221 1228 1230 1229 1225 1220 1218 1215 1214 1221 1250 1298 1324 1302 1288 1325 1418 1515 1581 1616 1625 1581 1512 1489 1508 1524 1530 1546 1537 1475 1408 1395 1419 1442 1451 1451 1453 1453 1442 1428 1440 1451 1424 1387 1392 1437 1468 1478 1496 1495 1410 1308 1271 1281 1308 1349 1366 1333 1393 1662 1939 2051
1086 1089 1092 1097 1099 1103 1114 1122 1129 1133 1122 1096 1070 1069 1078 1091 1114 1133 1141 1149 1164 1184 1203 1218 1232 1245 1245 1246 1246 1241 1239 1236 1228 1221 1217 1223 1251 1291 1309 1297 1288 1331 1428 1535 1595 1558 1444 1346 1319 1340 1364 1397 1436 1441 1402 1365 1360 1370 1383 1399 1420 1450 1480 1478 1456 1468 1492 1466 1403 1389 1441 1496 1513 1500 1452 1378 1343 1351 1349 1362 1413 1444 1381 1321 1467 1754 1954
