data_analyses/maxent/chelseacur_asc/bio_19.asc
ncols         195
nrows         278
xllcorner     -122.86680578405
yllcorner     43.49152724385
cellsize      0.0083333333
NODATA_value  -9999
[rows 41 to 81 of 278, columns 0 to 92 of 195]
484 469 460 460 473 490 491 474 458 455 467 470 463 452 449 454 462 473 489 505 515 517 497 457 424 422 431 443 467 489 507 526 532 520 504 501 521 548 571 580 581 590 599 584 555 534 533 559 606 661 707 741 743 702 629 584 578 578 579 601 630 642 644 653 663 668 673 666 636 605 600 628 684 750 803 832 844 852 870 905 947 987 1022 1047 1059 1055 1037 1010 950 835 722 682 700
570 546 513 489 485 491 482 466 451 454 469 473 466 465 477 495 510 513 507 499 496 501 512 497 460 433 425 437 460 479 492 505 515 515 517 542 593 642 669 667 648 639 650 654 628 578 552 584 659 721 745 745 731 686 632 633 659 643 620 642 680 681 659 655 660 665 668 670 666 648 631 618 619 642 692 759 816 848 874 913 953 986 1001 994 963 915 867 817 757 688 656 677 727
605 595 561 510 469 454 448 442 436 439 451 459 462 474 496 526 547 553 538 517 496 486 504 524 506 459 427 427 446 468 486 499 512 518 529 563 619 670 690 681 660 660 684 701 674 608 569 596 659 705 719 705 673 637 625 678 733 713 666 666 689 681 658 651 651 653 658 667 675 680 681 668 631 599 616 689 780 844 882 906 921 912 883 839 782 735 709 693 681 678 687 716 762
589 587 558 500 447 426 425 426 426 428 432 441 453 471 502 536 565 575 568 550 529 501 494 515 518 474 431 424 434 446 461 480 495 505 517 547 597 642 660 660 669 689 708 703 658 597 575 602 644 671 689 689 668 652 668 726 774 753 691 659 655 647 637 638 640 643 649 661 672 689 702 685 631 592 597 641 715 795 833 829 807 773 744 737 739 756 782 804 820 832 838 851 875
551 550 530 496 471 462 456 448 441 435 434 434 440 461 489 522 547 566 571 562 543 510 482 478 476 452 434 440 449 449 449 452 461 473 486 512 561 612 632 638 653 677 687 670 627 593 605 645 676 696 714 725 717 709 723 758 783 759 699 656 642 635 630 632 637 643 649 658 670 689 696 664 609 589 603 620 650 695 713 694 673 684 741 815 862 887 904 924 945 961 967 972 980
516 519 524 532 539 542 531 509 490 478 469 453 443 446 464 488 510 525 527 518 497 469 442 430 423 420 436 461 486 495 488 467 455 460 469 487 529 581 608 610 612 618 623 619 608 615 652 688 707 718 732 744 748 745 747 755 758 744 714 686 668 651 639 638 644 650 653 658 666 681 678 637 588 582 600 614 626 643 657 660 667 704 780 857 891 891 885 889 900 922 947 967 972
485 507 536 563 579 582 570 546 524 514 502 477 450 437 448 467 476 470 459 447 438 423 412 406 402 405 424 457 495 526 538 516 488 472 472 474 489 519 540 546 539 534 537 559 596 640 676 695 698 705 719 741 760 764 758 752 747 750 748 732 704 675 652 644 644 648 649 649 654 662 650 610 575 570 579 590 608 637 677 718 736 737 750 780 808 829 839 837 832 849 895 934 948
451 481 514 539 549 548 536 512 494 487 478 462 443 431 439 448 445 429 425 440 457 457 449 445 432 414 414 430 461 501 534 544 528 503 481 465 458 461 470 473 470 470 477 507 564 622 649 652 666 701 732 753 759 753 742 740 750 761 756 736 712 692 678 662 649 642 641 642 645 647 635 609 589 581 576 576 582 605 647 689 701 683 668 683 717 754 775 776 772 790 844 904 937
426 444 463 478 484 484 473 457 447 441 435 428 425 422 424 424 418 414 438 489 521 522 516 516 500 457 424 417 429 455 489 519 534 521 487 458 449 449 449 452 461 473 482 495 520 552 566 569 604 676 722 719 692 670 671 690 715 726 724 720 720 726 735 728 702 674 663 658 654 650 644 635 627 619 607 593 585 585 597 611 617 614 615 623 639 657 669 672 673 700 751 805 843
422 422 425 429 432 435 435 429 425 419 413 409 410 410 409 406 403 409 441 487 520 531 544 562 564 525 472 436 424 433 451 472 490 490 473 461 470 476 476 489 525 561 567 539 507 499 502 507 534 590 624 609 579 567 582 608 634 656 678 705 730 751 770 775 754 725 705 696 685 675 668 665 663 660 649 634 614 603 600 605 608 614 617 611 608 615 624 618 609 621 645 668 683
423 416 413 410 413 416 420 417 416 413 410 409 407 406 406 406 403 406 417 436 459 490 532 574 598 589 549 497 457 435 433 439 444 450 459 485 521 543 546 555 598 644 646 591 522 492 492 498 506 521 533 530 525 531 540 550 568 594 631 672 715 748 764 767 754 735 727 726 721 710 700 691 688 688 687 677 661 641 629 623 620 620 620 614 608 609 612 606 591 588 593 594 594
419 416 413 410 410 417 424 427 426 426 428 428 424 418 419 424 427 425 421 415 418 442 491 547 592 616 613 582 534 479 439 426 428 435 456 498 552 592 595 582 594 625 643 619 554 508 504 516 523 527 533 534 534 537 540 538 545 566 591 622 667 714 745 757 748 729 721 726 730 727 721 717 720 726 730 730 721 706 687 663 641 629 626 620 614 606 600 597 591 591 591 591 594
416 413 413 414 419 432 446 455 461 469 471 467 458 452 458 470 480 479 467 451 435 427 443 483 544 602 628 622 585 517 451 426 429 435 447 471 510 546 561 557 557 576 613 635 593 529 509 523 535 545 554 558 558 552 546 542 543 554 572 588 615 655 701 735 741 732 721 716 723 733 743 753 760 769 775 782 785 782 772 746 709 686 677 671 654 630 614 611 614 614 614 611 611
416 407 410 423 438 448 458 470 492 512 517 517 513 513 522 535 541 538 534 530 508 472 442 443 489 550 579 573 539 489 453 449 453 453 450 452 464 482 506 536 559 575 601 618 585 526 501 506 518 535 554 570 577 573 560 551 549 551 560 572 584 606 641 675 696 709 715 718 730 753 773 783 782 779 782 791 805 820 824 816 797 784 789 791 754 692 649 642 650 655 655 642 629
409 407 420 442 460 463 460 469 497 527 539 550 562 568 571 577 580 577 580 592 591 557 512 482 474 482 487 484 477 477 493 510 510 489 468 464 467 473 485 521 569 600 610 594 554 516 502 502 506 516 534 553 568 576 572 562 554 550 554 563 571 578 596 614 630 651 679 715 746 772 788 789 779 766 763 773 794 814 826 838 844 850 865 870 822 736 677 666 680 695 704 693 668
422 441 467 486 492 488 481 478 494 518 536 553 566 574 575 575 577 580 589 607 623 622 601 563 508 466 462 481 511 544 569 581 568 534 500 493 493 485 477 492 530 567 583 563 532 512 513 516 515 515 521 528 541 559 570 566 552 544 550 562 568 569 574 580 584 595 628 683 733 755 763 771 777 776 772 775 782 795 810 822 824 818 816 805 766 707 670 669 687 716 739 742 723
493 526 550 556 550 541 531 512 499 505 523 541 553 557 559 557 557 565 574 589 616 640 638 605 545 515 536 566 591 607 615 612 599 570 539 523 514 499 479 474 485 504 517 511 504 511 528 541 544 536 529 525 525 541 564 569 554 540 541 554 563 566 568 571 575 583 597 630 664 678 685 714 761 789 786 769 753 747 752 752 741 727 720 716 703 682 668 671 698 735 765 780 779
584 600 603 596 586 577 564 539 511 501 510 528 541 547 550 550 550 553 559 571 598 632 638 602 559 565 601 616 615 612 606 596 583 563 544 535 532 524 509 501 500 497 486 480 489 517 554 587 596 580 559 548 536 537 564 582 567 540 532 541 554 562 565 571 585 602 610 609 609 604 609 643 697 740 743 725 699 680 676 675 674 676 687 709 726 730 721 718 734 768 795 814 828
623 608 593 584 574 567 558 544 525 507 504 519 534 540 544 544 547 550 556 561 580 610 619 583 556 573 592 585 569 557 545 532 521 514 516 523 536 548 552 552 545 521 489 477 489 522 573 618 626 604 580 568 548 537 564 591 585 553 532 532 541 550 557 565 585 614 635 631 618 601 590 600 634 671 697 700 684 664 657 666 677 688 704 735 775 806 813 806 797 790 788 800 825
617 593 572 560 553 546 539 532 522 506 497 503 513 514 519 523 523 529 537 539 546 564 573 549 531 542 545 533 523 514 499 489 488 496 510 520 533 549 568 576 569 542 512 498 506 525 553 579 584 574 565 559 540 528 543 573 588 577 550 532 529 538 547 556 579 609 639 650 649 634 611 597 606 639 679 700 700 695 698 710 718 726 735 758 799 833 837 818 789 756 727 715 731
613 598 586 571 552 533 517 505 494 482 476 479 483 489 501 508 502 498 500 502 505 512 515 503 496 504 511 520 536 542 529 516 519 530 542 548 546 547 556 564 569 562 553 552 557 543 525 525 533 538 538 533 522 516 520 535 559 577 572 547 532 532 538 547 568 597 628 648 664 667 652 623 603 616 655 692 717 732 741 749 755 766 766 758 756 757 741 715 703 695 683 675 667
622 616 603 573 535 504 486 473 467 464 467 473 477 492 511 521 508 488 482 490 493 490 484 478 484 496 505 517 539 554 554 550 552 561 572 580 578 560 547 546 557 568 575 584 582 549 516 512 521 524 521 516 513 513 516 522 532 551 570 569 553 538 535 538 553 580 613 643 665 677 673 641 610 604 622 650 686 710 718 720 726 733 725 693 664 644 629 628 655 692 734 771 769
627 609 575 529 489 468 461 464 470 479 486 489 492 502 515 520 507 491 488 499 502 496 487 487 499 514 514 510 511 514 523 532 543 555 571 587 594 579 561 556 561 570 574 569 563 545 527 521 524 527 528 528 528 528 532 535 535 536 557 581 581 560 547 544 547 560 593 635 667 680 673 643 615 607 607 610 622 639 650 654 660 666 658 648 639 625 611 614 640 693 778 872 918
599 559 517 483 467 467 473 482 492 503 510 513 508 504 499 493 489 488 496 509 512 505 499 505 518 530 532 525 511 502 508 525 540 549 565 584 603 608 607 612 617 617 603 584 578 576 569 557 557 560 566 575 573 571 571 571 563 550 551 579 603 596 583 576 567 553 563 602 652 680 673 643 621 619 619 613 610 615 628 647 662 670 674 679 684 678 663 649 644 664 733 843 941
543 510 486 479 482 489 495 501 507 513 522 526 525 511 492 480 479 484 497 512 521 518 515 520 527 536 548 553 548 539 548 575 594 602 605 618 640 659 672 684 689 679 659 634 621 618 615 611 617 620 626 635 637 629 623 615 599 574 554 576 618 637 633 623 602 573 559 569 610 665 685 667 654 664 671 659 640 635 642 659 677 686 691 704 719 730 734 728 710 687 691 750 851
500 501 501 500 501 504 507 510 513 517 525 534 536 523 495 477 476 478 487 503 518 524 524 523 523 529 548 576 594 591 594 625 661 676 679 683 686 689 693 699 698 686 679 672 653 638 641 659 683 698 710 720 723 709 686 661 633 605 575 575 606 643 662 657 637 613 585 565 577 626 665 677 685 713 727 709 680 666 667 673 684 693 700 714 736 761 787 802 802 783 753 740 782
492 507 513 510 510 510 513 517 522 526 532 541 541 523 495 479 476 476 479 490 503 512 515 509 506 512 536 578 612 622 628 652 686 710 722 719 698 662 637 636 639 645 657 669 656 643 659 695 735 768 795 812 810 790 754 714 682 654 621 587 584 624 664 673 661 645 613 573 562 577 597 613 640 675 691 681 668 672 681 693 708 719 726 736 755 781 817 854 885 906 900 868 854
498 504 510 510 513 516 520 525 528 531 535 538 532 513 498 494 491 491 493 494 500 503 506 503 502 506 521 548 576 601 625 649 673 694 707 701 664 609 574 581 608 633 651 659 655 653 673 716 760 796 826 844 841 823 793 756 722 687 644 593 576 608 649 660 648 635 612 584 573 571 571 568 572 585 603 621 641 649 663 692 718 727 732 746 773 806 847 899 951 988 1003 989 968
504 504 510 513 516 519 522 525 525 525 526 526 519 507 501 509 512 515 515 513 510 509 512 515 520 523 521 524 533 554 579 600 615 627 633 627 605 578 574 605 652 682 689 691 687 684 691 717 753 784 807 825 831 819 795 765 727 680 625 583 567 584 610 618 612 606 601 593 590 589 589 580 566 555 564 598 641 658 656 676 713 746 766 785 815 851 888 933 973 985 969 949 933
510 513 516 519 519 519 520 522 522 520 519 522 520 511 507 515 525 528 528 525 522 521 524 533 542 545 542 533 527 530 542 554 565 568 571 586 607 621 634 665 705 720 716 716 721 718 716 723 741 760 780 801 807 798 783 764 730 680 627 590 573 572 575 581 588 592 595 596 597 598 600 598 586 569 561 573 621 679 698 693 722 775 817 840 858 874 895 918 926 907 870 848 844
516 516 520 520 519 522 522 522 522 523 525 532 529 519 516 525 533 534 534 531 530 530 534 542 549 555 554 546 539 533 533 542 548 553 571 617 666 692 699 702 706 699 695 710 730 743 746 746 750 759 774 785 780 770 761 752 729 689 644 607 586 575 566 566 575 582 587 589 590 592 593 592 592 589 581 572 593 676 748 758 765 796 834 854 853 837 827 831 833 827 829 844 866
513 513 516 517 519 523 525 523 522 526 535 538 529 519 522 534 540 540 540 540 537 539 540 545 549 551 551 549 546 542 539 539 544 550 572 614 654 670 670 662 653 662 683 700 711 733 755 759 762 767 773 763 739 724 723 718 704 678 646 615 594 580 567 561 561 565 568 569 572 578 584 584 587 598 611 599 586 629 706 749 751 750 770 814 836 811 775 762 779 806 838 874 918
513 513 514 517 522 525 526 526 529 535 544 538 520 510 516 530 534 539 543 546 543 543 543 545 548 551 551 551 551 548 545 544 544 547 556 577 601 605 596 591 605 640 677 688 690 715 737 739 736 741 741 720 697 685 677 658 643 635 628 614 594 577 569 561 559 560 560 561 563 570 578 581 584 602 625 615 579 570 598 631 633 624 637 703 798 842 826 810 820 842 864 892 936
516 517 520 523 526 529 532 535 538 544 547 535 516 503 506 515 522 530 537 540 543 545 546 549 552 557 558 558 557 554 550 549 546 544 547 556 577 586 577 569 581 617 657 688 709 721 708 677 659 660 658 654 657 651 624 594 582 584 586 583 577 572 569 565 563 566 571 569 566 567 576 581 587 603 621 606 573 556 556 561 570 579 577 613 730 850 895 898 904 918 937 956 967
522 525 526 529 531 532 538 544 547 550 543 528 509 506 507 512 521 528 531 534 539 546 552 558 561 567 567 566 563 559 556 553 549 546 543 544 556 571 577 569 563 578 617 667 700 689 640 595 576 573 576 585 600 600 582 564 558 556 556 558 561 567 575 576 571 575 583 581 573 571 579 590 602 612 612 592 576 575 573 576 591 606 595 584 652 779 865 883 888 912 943 949 910
526 529 531 532 535 538 544 550 553 547 528 512 507 515 519 522 531 539 537 534 540 546 552 561 567 570 567 566 565 562 559 555 552 546 541 540 541 547 554 556 547 544 562 596 617 601 567 544 538 540 543 547 553 556 559 559 559 558 559 564 567 573 581 585 582 581 590 592 582 577 590 616 640 637 610 589 591 599 597 597 612 632 630 598 595 656 719 731 724 752 799 811 769
529 531 532 535 541 547 550 553 547 531 512 506 515 527 528 528 534 543 543 543 543 546 555 561 564 567 567 566 565 562 558 555 549 546 543 540 538 535 536 538 536 535 538 544 550 550 544 541 538 539 541 541 542 544 548 554 559 564 572 580 583 584 587 594 592 592 599 599 590 585 599 643 680 658 610 594 610 622 623 615 621 657 685 660 604 577 592 607 603 603 624 654 702
534 535 535 541 548 553 550 543 531 516 507 515 528 534 531 525 528 534 543 546 546 552 558 565 570 573 575 575 574 570 564 557 549 544 543 543 538 535 535 539 550 553 547 539 538 541 544 544 542 542 544 545 547 545 547 553 564 577 589 602 611 611 605 606 610 619 628 625 611 603 612 654 680 644 604 605 630 653 655 633 630 683 754 753 668 586 590 633 637 602 573 589 679
538 541 544 551 554 550 538 525 516 512 518 533 540 537 531 525 522 525 536 543 550 558 567 576 582 585 584 583 580 579 575 566 555 546 541 541 538 538 539 551 572 584 571 551 542 541 542 545 551 557 563 571 573 565 559 562 573 590 611 635 662 679 679 669 672 694 709 699 678 666 666 667 650 619 607 625 661 688 679 645 647 718 805 801 698 612 645 708 714 664 609 588 616
543 547 553 557 554 541 525 516 513 515 530 546 552 546 537 531 525 524 528 537 549 564 574 580 583 582 578 571 564 564 563 563 558 549 541 536 535 535 538 548 576 596 589 574 562 556 557 563 572 589 606 622 622 605 584 579 584 596 622 667 730 789 821 813 807 823 839 835 826 810 753 680 629 613 621 654 707 738 709 664 684 763 820 770 657 611 675 757 769 716 660 638 621
546 550 556 556 545 529 519 518 515 515 525 543 549 549 545 539 533 530 527 528 537 549 558 559 555 554 550 541 534 531 531 537 543 544 542 538 533 533 533 537 552 572 584 591 592 589 588 594 605 622 647 661 657 638 615 606 601 599 614 664 753 858 926 932 915 913 919 939 958 908 781 670 630 630 638 678 753 796 750 710 753 814 801 704 605 607 696 781 799 757 722 727 717
