data_analyses/maxent/chelseacur_asc/bio_1.asc
ncols         195
nrows         278
xllcorner     -122.86680578405
yllcorner     43.49152724385
cellsize      0.0083333333
NODATA_value  -9999
[rows 153 to 203 of 278, columns 0 to 95 of 195]
116 118 120 119 116 113 115 119 120 119 118 114 114 116 116 114 114 116 118 117 116 112 108 103 100 97 94 91 88 89 92 90 87 81 76 74 73 74 81 91 89 96 99 97 104 104 97 98 102 110 108 99 91 88 80 70 76 87 89 102 107 109 107 106 97 88 80 86 77 79 82 84 70 69 68 77 80 85 83 77 76 85 86 81 77 75 80 87 89 86 86 86 81 78 76 74
121 121 122 120 120 119 120 121 122 121 120 119 118 118 118 115 117 119 119 118 116 109 105 103 100 98 94 88 86 84 86 86 84 78 72 67 75 89 93 98 94 96 103 99 100 100 105 105 110 111 102 93 86 81 82 85 93 99 104 111 108 98 89 95 102 103 101 103 98 96 100 95 91 91 92 94 96 98 94 89 89 94 90 86 86 88 92 91 84 83 81 81 78 73 67 63
123 123 123 123 122 122 123 123 122 122 122 121 121 120 118 117 117 120 118 116 111 109 107 105 103 99 96 89 83 82 81 80 80 78 73 66 70 83 90 97 103 103 107 102 97 97 100 101 110 106 98 91 83 89 91 94 102 107 112 109 103 101 87 78 83 93 89 84 96 103 106 101 100 99 97 92 92 93 96 100 100 94 93 93 94 93 89 84 81 77 74 73 71 69 56 50
123 123 123 123 123 123 121 120 120 122 122 122 122 119 117 119 120 121 119 118 109 105 106 103 98 96 94 89 85 82 80 78 77 76 73 72 76 89 96 98 101 106 108 100 96 102 104 105 111 108 99 93 93 99 105 108 113 113 107 97 88 91 90 85 70 74 87 72 82 94 103 98 90 86 85 76 78 89 94 94 96 98 99 99 95 84 79 80 80 75 69 66 62 62 50 52
120 120 123 123 123 123 121 119 120 121 122 121 122 122 122 122 121 120 119 117 116 112 108 103 98 98 96 90 87 85 83 81 77 72 67 74 88 89 95 104 105 102 110 108 106 105 114 111 111 107 106 101 101 109 113 114 112 102 98 92 79 77 69 75 69 68 74 64 77 90 100 98 91 80 74 70 75 87 89 86 86 87 86 90 95 90 86 86 85 80 75 71 62 56 47 56
118 119 122 123 123 123 123 122 122 117 115 117 119 120 121 121 119 116 116 117 115 111 108 104 102 100 99 96 93 91 87 84 79 72 71 79 89 97 93 100 107 108 110 111 113 113 112 106 100 101 101 105 114 116 115 109 101 94 83 82 81 80 75 66 63 60 61 63 76 89 94 87 91 88 76 67 76 82 79 73 74 75 73 84 92 94 95 89 84 80 73 69 63 55 60 62
117 119 121 121 121 122 122 123 123 123 119 117 115 118 119 117 117 115 116 115 113 109 106 106 106 104 100 97 93 91 88 85 81 74 75 83 89 99 105 100 105 113 114 114 116 115 114 113 114 115 114 115 111 107 103 98 102 100 97 89 83 74 67 73 80 72 61 63 73 88 82 74 79 87 78 65 71 72 70 68 69 73 80 83 81 88 95 88 82 78 71 66 61 58 60 62
117 118 120 119 119 121 122 122 123 123 123 121 118 121 121 120 118 117 116 114 111 109 109 110 108 105 101 95 93 90 88 88 86 83 82 85 87 94 106 105 106 113 116 116 115 115 115 113 110 109 114 112 109 109 107 102 102 99 95 88 75 70 79 85 87 74 63 64 70 80 73 63 64 72 70 67 72 69 62 65 69 71 74 78 82 90 90 85 81 79 74 64 55 55 58 60
119 117 115 112 113 117 121 122 122 122 123 123 121 120 120 120 120 120 119 115 117 115 113 108 107 105 101 98 96 97 95 96 96 94 90 91 94 97 103 110 113 115 113 108 106 110 111 109 107 108 111 104 97 99 97 91 95 93 95 85 79 86 92 93 85 78 74 68 68 76 68 63 66 68 69 74 75 70 66 58 64 71 75 73 80 87 87 78 72 70 66 62 54 44 47 52
114 114 110 109 111 114 119 122 122 122 123 122 114 113 114 116 117 117 118 119 117 115 110 107 104 103 102 101 102 102 101 100 102 99 96 97 101 107 113 113 113 109 108 105 100 106 101 106 105 103 104 98 91 92 86 84 87 86 83 82 88 97 94 92 87 84 74 65 65 67 66 71 80 80 77 81 74 67 61 56 63 69 65 68 74 82 86 79 77 70 63 59 47 52 58 64
109 110 111 114 112 112 118 121 122 122 123 121 115 112 110 111 113 114 115 116 115 112 109 102 100 102 106 105 108 108 105 104 107 108 108 107 113 115 110 102 102 103 97 96 94 96 96 101 100 93 89 93 87 85 82 87 95 95 90 91 98 95 85 86 80 74 69 62 66 71 73 73 83 90 86 81 73 66 61 57 54 58 60 66 75 84 82 81 81 76 68 58 46 45 52 62
104 107 111 115 118 120 120 121 121 122 123 123 117 113 112 109 108 108 108 109 111 113 109 103 106 107 109 109 112 113 110 111 115 117 115 112 107 103 101 95 95 93 91 90 90 90 93 93 87 84 82 83 84 92 90 90 99 103 102 102 95 88 77 73 73 66 63 62 68 74 82 89 92 95 89 81 75 69 65 61 59 59 59 63 72 81 74 73 75 77 74 66 60 54 50 54
107 110 112 116 120 121 120 121 120 121 122 123 121 119 118 115 112 111 112 113 111 110 109 109 111 113 112 114 118 119 119 119 114 110 103 100 100 98 99 100 104 97 97 97 95 91 85 84 78 83 90 92 93 100 103 97 100 105 104 93 85 77 73 76 78 80 74 68 80 75 73 80 97 96 90 84 78 73 68 65 65 67 68 67 72 78 73 66 68 71 70 64 62 63 63 65
105 108 111 114 119 120 119 119 118 120 121 122 122 122 121 118 118 119 121 121 118 117 117 118 117 119 119 119 121 119 117 114 108 106 105 105 108 105 108 105 108 106 105 100 98 97 90 89 84 86 98 104 103 108 108 107 107 103 95 89 87 78 76 83 88 91 83 77 91 94 87 91 103 99 91 81 74 77 78 78 78 75 73 68 69 74 68 63 56 66 63 46 46 48 49 56
104 107 112 115 116 116 117 115 115 116 118 119 122 121 119 119 121 122 122 122 122 122 122 121 121 121 121 121 119 119 118 117 114 113 114 118 115 111 112 108 113 109 104 100 104 104 102 99 94 95 101 108 111 106 100 95 97 97 99 98 97 88 90 94 97 94 93 91 94 102 100 104 100 91 82 79 84 89 90 87 82 72 63 60 65 68 65 54 46 58 49 42 51 57 62 69
100 103 109 112 111 110 111 109 110 112 115 117 119 120 121 121 122 122 122 121 121 121 121 120 120 117 116 116 116 115 116 117 118 120 119 119 118 117 117 111 114 112 110 109 110 112 113 108 106 108 111 114 112 108 106 103 102 109 109 109 107 104 105 106 106 106 106 108 107 105 107 105 95 90 86 88 95 96 90 85 77 64 57 60 64 57 53 55 53 52 47 52 62 71 75 76
98 102 106 109 110 111 108 106 110 113 114 116 117 119 120 122 122 122 121 121 121 120 118 117 120 120 116 112 111 112 111 113 116 116 115 113 111 109 113 114 117 116 116 116 116 118 117 116 116 115 117 108 106 106 111 110 109 104 103 102 102 105 106 105 104 101 101 100 99 94 94 98 101 102 100 100 94 87 82 74 66 62 67 69 66 60 59 60 61 63 64 69 73 71 63 54
108 105 108 113 114 116 114 109 110 112 114 114 116 116 117 119 119 120 120 118 116 115 113 113 113 117 120 118 112 105 107 110 111 111 110 109 105 103 105 108 112 115 116 117 114 113 111 111 110 104 104 110 110 105 103 98 94 96 98 95 90 85 84 85 91 87 87 88 86 87 76 76 86 89 99 102 98 89 81 77 77 76 76 77 74 72 64 50 48 53 57 67 58 52 48 46
114 108 107 115 117 117 118 113 111 111 114 117 117 115 116 115 116 117 117 119 118 117 116 114 113 115 119 119 118 110 104 106 108 110 109 108 105 98 103 107 111 112 107 104 105 99 103 105 105 98 96 103 105 111 108 110 108 105 96 91 83 74 70 68 68 67 68 69 64 75 66 65 69 73 89 96 101 96 91 89 91 88 86 84 81 76 70 63 58 52 50 61 51 44 46 56
117 116 114 117 118 121 121 115 115 114 116 117 115 118 117 114 115 114 115 115 117 117 115 114 114 114 115 116 114 115 116 114 113 114 112 110 109 107 109 109 106 100 99 94 93 96 94 98 102 99 94 96 92 102 99 97 104 108 97 89 82 76 67 66 64 61 62 61 60 66 58 60 63 72 84 91 92 97 96 91 85 76 72 72 77 78 72 69 67 64 59 53 45 47 55 62
122 122 122 122 122 122 122 121 120 118 120 120 119 119 118 117 117 115 111 112 113 115 114 113 112 111 113 113 114 112 116 115 112 112 112 112 110 106 100 98 100 101 97 91 89 90 89 93 93 96 91 89 87 89 93 91 96 105 103 93 86 78 71 68 65 61 59 59 60 55 55 62 67 71 78 81 84 92 95 88 82 70 64 63 66 73 67 66 68 69 71 64 58 55 57 57
123 123 123 122 122 122 122 122 121 121 121 120 120 120 118 118 117 113 107 106 109 111 111 109 105 105 110 110 110 110 114 116 114 110 107 98 92 90 86 87 94 96 102 100 98 91 87 86 84 89 88 84 82 82 85 86 86 94 103 100 90 75 68 67 69 68 65 61 58 53 49 55 60 69 74 73 74 75 84 83 73 65 59 62 66 68 65 63 61 62 69 73 75 74 74 71
116 120 122 122 120 120 118 118 118 120 121 122 121 120 118 117 114 107 101 100 103 105 103 102 101 104 106 106 105 105 106 107 112 114 114 109 96 89 87 86 86 87 91 85 95 96 92 90 83 79 83 80 77 75 75 83 88 94 100 105 97 80 74 75 79 79 73 71 68 68 67 60 53 62 69 67 65 70 75 77 72 68 63 60 61 64 62 61 60 54 61 68 68 74 79 80
111 117 121 122 122 116 112 115 118 118 119 119 121 121 119 117 114 107 102 98 96 97 99 99 99 102 102 101 101 102 102 105 106 105 105 105 107 103 95 87 80 81 84 82 84 85 86 86 84 78 75 78 74 70 73 80 83 88 95 102 104 97 86 85 86 86 83 78 76 69 70 67 58 51 51 55 62 64 74 70 66 64 61 59 52 55 61 65 67 64 54 54 64 60 65 62
114 118 120 121 122 118 110 112 115 114 114 115 117 119 121 118 116 111 103 97 97 96 95 94 98 98 98 97 98 99 100 97 89 90 93 90 98 104 104 96 94 93 87 81 78 77 81 77 76 77 71 70 70 72 78 83 88 89 94 101 102 100 99 95 91 83 74 65 61 56 65 67 63 51 56 62 65 68 68 66 60 60 56 55 61 64 61 66 72 68 64 60 57 58 60 62
110 116 118 120 119 120 115 110 110 108 107 111 114 114 118 119 119 116 112 105 105 98 93 94 94 92 93 95 95 94 87 87 83 79 81 79 88 97 95 100 103 100 92 89 79 73 74 73 69 69 65 62 66 72 78 83 88 92 96 100 98 87 88 98 89 77 75 73 69 62 57 56 55 62 61 66 73 72 64 63 63 66 67 64 71 72 65 66 74 74 68 57 52 61 66 71
109 112 112 117 114 118 113 110 111 109 105 109 109 110 113 113 116 118 119 118 115 111 107 102 99 92 91 93 90 80 80 84 80 74 73 77 89 86 82 91 92 98 99 99 90 87 88 81 73 68 64 62 63 69 76 80 84 89 95 99 91 81 80 91 89 81 85 78 70 64 59 59 59 68 71 76 84 78 70 71 69 72 78 79 80 75 66 67 74 78 72 64 56 58 58 65
98 105 109 115 112 116 115 115 113 111 108 105 103 105 108 109 109 111 113 116 118 118 117 115 110 98 99 99 96 86 95 95 82 81 77 73 76 76 75 81 88 91 87 91 98 98 89 81 79 80 72 71 72 67 75 80 83 87 91 96 85 76 80 88 91 91 88 81 72 64 64 67 70 70 71 79 86 87 85 76 73 77 82 86 82 71 75 76 76 80 80 77 70 62 66 64
99 104 109 112 110 115 113 110 110 109 108 99 94 97 100 100 99 103 106 109 112 113 115 116 117 115 113 113 107 102 106 104 95 86 76 73 74 67 67 72 78 80 77 81 89 86 95 94 92 91 87 85 79 66 68 75 76 82 87 94 86 71 71 76 79 82 75 77 73 70 72 75 84 74 68 80 88 90 83 81 81 81 88 90 86 81 76 73 72 76 83 83 77 67 70 70
97 100 101 106 110 114 112 105 97 98 98 93 93 91 91 92 89 91 95 96 96 105 108 109 109 108 106 108 113 114 112 106 97 87 84 88 85 72 81 80 70 69 68 72 76 77 86 91 87 89 85 82 78 70 65 69 75 79 84 86 83 69 60 64 76 73 65 72 68 65 78 87 86 73 74 81 86 94 91 88 86 93 92 86 78 71 59 57 67 73 80 88 85 75 76 78
99 102 103 106 108 110 109 108 104 100 97 101 103 100 100 100 95 91 91 90 88 94 100 100 96 97 96 99 103 108 109 112 112 105 101 99 86 89 92 84 77 82 82 84 77 74 81 85 81 75 76 71 69 70 69 72 75 74 71 74 80 77 72 63 69 70 62 61 59 59 68 77 91 90 87 88 82 90 95 86 91 96 88 76 65 59 53 58 68 73 79 85 92 88 82 84
103 107 107 107 109 110 113 114 113 110 105 109 109 108 110 109 106 103 101 96 90 88 89 89 88 86 87 94 98 101 100 101 109 110 112 108 101 103 97 96 87 85 94 96 89 90 87 74 71 65 63 68 76 77 80 78 81 74 65 68 65 67 61 59 58 57 57 54 58 63 61 70 78 91 96 95 84 89 99 97 97 92 83 75 72 66 67 60 58 73 82 85 86 86 91 92
108 111 106 109 110 107 111 115 115 114 113 114 114 115 115 115 114 112 109 105 98 93 93 95 94 90 84 89 90 91 94 101 97 98 104 108 109 109 107 107 103 98 101 97 94 97 91 87 77 67 68 71 84 87 87 89 84 72 69 74 71 76 68 72 67 57 66 68 65 78 82 77 69 76 87 99 91 96 101 95 88 83 84 84 81 76 65 52 61 73 69 65 69 73 80 92
114 110 108 112 112 111 112 114 118 116 117 118 118 116 113 113 112 113 113 110 105 103 101 100 96 89 79 79 81 84 88 89 84 85 92 97 102 95 95 102 106 107 107 103 101 98 95 85 76 76 83 77 85 91 93 89 79 75 73 80 79 83 82 79 67 68 80 75 75 71 85 85 73 75 87 99 101 100 97 91 89 89 90 87 81 73 65 59 61 59 61 67 79 84 87 89
115 114 112 109 115 117 117 116 117 119 117 117 114 112 107 103 104 104 105 109 111 109 107 102 90 84 77 78 80 82 81 78 73 74 78 82 94 87 81 93 94 93 101 106 106 103 92 92 88 90 93 89 92 94 97 92 89 86 78 80 89 89 79 69 63 75 83 89 87 78 88 89 72 79 91 102 99 93 90 91 97 95 88 78 75 78 77 70 56 59 67 66 70 68 80 89
113 116 113 110 114 118 120 119 119 118 115 112 108 102 99 96 94 89 95 99 108 111 108 100 98 94 90 90 90 89 88 80 77 73 71 77 85 80 75 80 84 81 87 95 102 101 105 104 103 101 99 98 101 101 100 98 99 96 95 93 91 87 75 67 56 65 77 77 87 95 97 94 83 95 104 101 96 95 98 100 99 96 89 85 87 87 85 78 68 64 57 56 61 68 78 84
111 114 117 111 112 117 120 118 115 116 112 106 104 101 95 91 89 84 88 96 103 103 104 105 106 104 102 100 98 97 93 87 83 77 70 73 78 76 81 79 75 77 79 91 98 90 94 89 90 95 101 96 93 98 93 94 93 90 89 82 82 75 68 61 60 65 65 62 72 83 95 103 96 106 101 98 104 103 101 98 97 97 97 95 93 87 82 79 80 76 64 57 72 83 92 96
112 113 116 116 116 120 117 109 109 110 108 105 105 103 97 97 95 86 91 97 99 99 101 106 102 94 94 91 90 89 83 83 77 72 73 78 81 89 93 84 78 87 90 88 88 84 80 82 80 80 87 85 86 88 82 82 83 77 81 70 69 65 61 62 69 77 82 81 79 82 92 102 108 102 105 104 97 93 88 84 82 78 84 89 85 74 63 59 60 72 70 55 69 79 75 86
112 115 117 119 121 120 117 112 109 110 113 113 110 106 102 103 102 96 87 89 93 96 96 102 102 97 95 89 83 81 76 74 72 72 78 83 87 88 99 87 79 80 90 99 95 94 83 86 94 88 85 92 90 86 82 78 75 65 66 63 59 68 78 80 73 74 85 94 86 94 98 102 109 108 101 94 85 83 81 69 63 63 69 72 80 77 68 59 53 65 70 56 59 68 67 81
111 114 118 121 122 120 118 116 115 116 116 112 110 109 104 107 109 103 99 98 102 98 97 95 95 92 90 88 84 82 78 74 71 74 82 88 95 97 102 94 84 85 88 99 103 96 95 95 100 95 96 94 89 95 92 96 88 78 68 67 62 66 79 90 93 87 85 98 95 89 92 99 111 103 93 86 87 90 87 77 71 75 70 65 67 71 67 63 57 62 65 71 74 81 87 76
114 119 121 122 120 118 116 117 119 119 116 117 116 115 112 112 111 107 108 109 109 107 106 103 99 95 86 80 77 77 81 84 82 78 81 87 92 99 105 101 87 90 98 96 106 105 103 103 101 96 90 89 96 102 99 91 84 76 72 84 80 82 79 89 100 93 93 103 95 101 93 99 112 105 93 94 98 100 98 88 91 94 90 79 79 87 88 84 78 86 87 94 97 98 98 97
117 120 122 122 121 121 121 120 119 117 116 116 116 116 116 117 115 113 113 113 109 108 108 105 103 99 92 88 86 84 88 91 95 84 81 86 87 95 104 107 96 98 100 108 108 100 98 97 93 91 94 101 105 99 90 81 78 70 73 81 91 99 93 99 103 101 105 99 100 107 104 111 109 104 99 104 107 108 109 108 107 106 103 98 100 104 105 104 102 106 108 109 110 110 110 110
120 123 121 119 118 117 117 115 116 115 110 109 111 112 111 113 114 111 112 108 106 104 101 101 99 98 93 93 97 96 97 102 102 91 88 93 95 98 101 109 107 106 110 106 103 104 99 98 100 101 106 101 96 98 93 86 90 78 85 93 86 95 102 98 110 104 101 110 112 111 112 107 99 99 104 111 115 116 115 115 114 113 112 112 113 113 113 113 112 112 112 111 109 107 104 106
123 123 122 120 119 118 117 115 114 111 103 100 101 102 105 107 107 102 103 104 100 95 95 93 94 92 91 95 102 103 101 105 109 103 95 91 98 105 107 105 111 111 103 104 111 106 107 109 107 103 102 103 103 98 93 90 96 88 97 100 97 93 103 108 112 109 110 107 105 112 114 113 111 111 113 116 116 115 114 115 115 114 114 114 114 113 109 106 103 103 105 104 105 103 98 98
122 118 118 117 116 115 114 112 113 113 108 104 98 94 97 100 98 94 93 90 92 93 90 90 90 87 91 97 104 109 108 106 110 111 104 100 102 104 111 115 113 109 111 112 106 108 105 102 95 94 92 94 98 100 96 92 97 102 104 104 108 105 109 113 109 102 107 110 112 117 117 116 116 116 116 115 113 109 104 103 108 112 113 113 113 111 109 109 108 106 103 102 101 103 95 94
115 111 108 110 112 110 101 99 101 103 105 102 96 94 92 94 93 87 82 85 90 96 94 93 94 92 91 96 102 108 112 113 110 115 114 112 113 113 112 116 115 112 107 101 97 97 95 93 98 94 85 83 85 96 96 90 84 96 104 111 116 118 118 117 114 116 117 118 117 116 115 113 115 116 114 108 106 99 87 91 101 106 107 105 103 104 106 106 107 108 109 108 107 105 105 101
112 109 106 107 106 104 95 92 92 93 94 93 92 91 89 87 87 89 93 97 102 103 100 97 100 99 95 97 101 108 115 117 119 119 120 120 119 117 116 117 111 101 96 96 99 106 100 102 106 102 99 92 85 88 84 87 94 100 106 115 119 115 114 117 117 117 115 112 106 105 103 107 110 115 113 104 104 97 89 90 89 85 92 92 93 92 86 88 86 92 90 93 100 89 93 102
109 111 111 110 112 113 108 102 100 99 96 97 98 94 92 89 90 93 97 102 107 108 103 100 105 108 103 106 107 112 119 119 118 117 117 116 119 119 116 115 113 107 111 110 112 111 110 110 101 93 96 98 93 92 88 96 102 107 114 118 111 103 102 105 107 104 103 103 96 86 80 85 97 107 113 107 105 100 94 87 76 66 69 67 72 78 85 79 70 77 70 80 88 72 79 86
112 116 117 116 117 116 115 113 110 105 105 104 98 95 91 89 93 96 98 98 101 112 112 108 105 113 113 114 118 120 121 117 115 110 107 109 114 111 115 119 120 117 116 117 116 116 117 114 105 102 104 105 102 96 104 107 110 113 118 111 99 96 93 89 87 91 93 87 88 85 75 84 93 100 108 106 100 93 84 80 77 70 62 59 59 69 67 67 71 61 61 73 77 62 67 69
111 115 119 119 119 118 119 118 116 113 110 103 99 95 93 94 94 97 103 101 98 106 114 114 110 111 118 121 122 120 115 116 109 102 98 104 111 104 105 113 117 113 108 106 106 102 109 116 117 113 113 114 111 114 118 117 114 112 113 115 110 106 101 93 102 100 89 76 77 69 69 85 92 97 104 108 107 106 103 99 94 89 83 79 66 63 55 58 57 58 51 63 60 52 53 62
110 116 120 121 122 120 117 112 108 107 103 99 94 93 98 100 98 104 112 108 102 107 114 120 119 120 122 121 118 114 113 111 109 106 96 100 108 103 104 113 110 106 112 106 97 94 96 106 114 119 118 118 118 119 117 112 108 100 97 105 113 112 107 105 106 95 83 68 65 64 66 75 76 85 95 107 107 93 89 90 93 96 95 89 84 75 70 67 61 59 57 59 52 47 56 62
