data_analyses/maxent/chelseacur_asc/bio_5.asc
ncols         195
nrows         278
xllcorner     -122.86680578405
yllcorner     43.49152724385
cellsize      0.0083333333
NODATA_value  -9999
[rows 168 to 209 of 278, columns 0 to 93 of 195]
247 251 257 260 260 259 260 258 259 262 265 267 270 271 273 273 274 274 274 274 274 274 274 274 274 271 269 270 270 270 271 272 273 275 275 274 274 273 274 267 270 268 266 266 267 270 271 266 264 266 269 273 271 267 265 262 261 268 269 269 267 264 266 267 267 268 268 270 268 267 269 267 257 252 248 250 257 258 253 247 240 225 219 222 226 219 215 217 216 214 209 215 225 235
246 250 254 258 258 259 257 256 260 263 264 266 267 270 271 273 274 274 273 273 273 273 271 270 273 273 270 266 265 266 266 268 271 271 270 269 267 265 269 271 274 273 274 274 274 276 275 274 274 273 275 267 265 265 270 270 268 264 263 262 263 266 266 266 265 262 262 261 260 255 255 260 264 264 263 262 256 249 245 236 228 224 229 231 229 222 221 223 224 227 227 233 237 235
256 252 256 261 262 265 263 258 259 262 265 265 267 267 269 270 271 272 272 270 269 268 265 266 267 271 274 272 266 259 261 265 266 266 265 265 260 259 261 264 269 272 273 274 272 270 269 269 268 262 262 268 269 265 262 257 253 256 258 255 250 245 244 245 251 248 247 249 247 248 236 237 248 251 261 265 260 252 244 239 240 238 239 240 237 234 227 212 211 216 220 231 221 216
262 256 256 263 266 266 268 262 260 261 264 268 268 266 268 267 268 269 269 271 270 269 269 267 266 269 273 273 272 264 258 261 263 265 264 263 260 254 259 263 268 269 264 261 262 257 260 263 263 256 255 262 264 270 268 269 267 265 256 251 243 233 229 228 228 226 228 230 224 235 226 226 230 234 251 259 264 259 253 252 254 252 250 247 244 239 234 226 221 214 213 225 214 207
265 264 262 266 267 270 270 265 265 264 267 268 266 269 268 265 267 266 267 267 270 270 268 267 267 268 269 271 268 270 271 269 268 269 268 265 265 264 266 265 263 257 255 251 250 253 251 256 260 257 253 255 251 261 258 257 264 268 257 249 242 236 226 226 223 221 222 221 220 226 218 220 223 234 246 254 255 261 260 255 248 239 234 235 241 242 235 232 230 227 222 216 208 210
270 270 271 271 271 272 272 271 270 269 270 270 270 270 270 269 269 267 263 265 266 268 267 267 266 265 267 267 268 267 271 270 267 268 268 268 266 262 256 255 257 258 254 248 246 247 247 251 251 254 249 248 246 247 252 250 256 265 263 253 245 237 230 227 225 220 219 219 220 215 216 223 228 233 240 243 247 255 259 251 245 232 226 225 229 237 230 230 232 233 235 228 222 219
271 271 271 271 271 272 272 272 271 271 271 271 271 271 270 270 269 265 260 258 262 264 264 262 258 258 264 264 264 264 269 271 269 265 263 254 247 245 242 243 250 253 259 257 255 248 244 243 241 247 247 242 240 240 243 245 245 254 263 261 250 234 227 226 229 228 225 221 218 213 209 216 221 230 235 234 236 237 247 246 236 228 222 225 229 231 228 226 225 225 233 237 240 239
265 269 271 272 269 269 268 268 269 270 272 273 272 271 270 269 266 259 253 253 256 258 256 255 254 258 260 260 259 260 261 262 268 270 270 265 252 245 243 242 242 244 248 242 252 253 250 247 241 237 241 238 235 233 233 242 247 254 260 266 257 240 233 235 239 239 234 232 229 229 227 221 213 223 230 229 226 232 237 240 235 231 226 222 224 227 225 225 223 217 225 232 232 239
259 266 270 271 272 266 262 265 268 268 269 270 272 273 271 269 266 260 254 250 248 250 252 252 253 256 256 255 255 256 257 260 261 261 261 261 263 259 251 243 236 237 241 239 241 242 243 243 242 236 233 236 232 228 231 239 242 248 255 263 265 257 247 245 247 247 244 239 237 230 231 228 218 212 212 216 224 226 237 233 228 226 223 221 214 217 224 229 230 227 217 218 229 225
262 267 269 270 272 267 260 262 265 264 264 266 269 271 272 270 268 263 255 249 250 249 247 248 251 252 252 251 252 253 255 252 243 245 249 245 254 261 261 253 251 250 243 237 235 234 238 234 234 235 229 228 228 230 236 242 247 248 254 261 263 261 260 256 252 244 235 225 222 216 226 228 224 212 217 224 227 230 230 228 222 222 218 218 224 227 224 229 236 233 228 224 220 222
258 264 267 269 269 270 264 260 261 258 258 262 265 266 269 271 271 269 265 258 258 251 246 247 248 245 247 249 249 248 241 242 237 233 236 234 243 253 252 257 260 257 249 246 236 230 231 230 226 227 223 220 224 230 237 242 248 252 256 261 259 247 249 259 250 237 235 233 229 222 218 216 216 223 222 228 235 235 226 225 226 229 230 227 235 236 229 230 238 239 232 221 215 226
258 260 261 266 263 268 263 260 262 260 255 260 260 261 264 266 268 271 272 271 268 265 261 256 252 246 244 247 245 234 235 239 234 229 228 232 245 242 238 247 249 255 257 256 248 245 245 239 230 225 221 219 221 228 235 239 243 249 255 259 251 241 241 252 250 242 246 239 231 225 220 220 221 229 233 239 247 240 232 234 232 235 241 242 244 239 230 231 238 243 237 228 220 223
246 253 258 264 261 265 265 265 263 262 259 256 254 256 259 261 261 263 266 269 272 271 270 269 264 252 253 254 251 241 249 250 237 236 232 228 232 232 231 237 245 248 244 248 256 256 247 239 237 238 230 229 231 225 233 240 243 247 251 257 246 236 240 249 253 253 250 242 234 225 225 228 232 232 233 242 249 250 248 239 236 241 246 250 247 235 239 240 241 245 245 242 235 227
247 252 258 261 260 265 263 260 260 259 258 250 245 249 252 252 251 255 258 262 265 267 269 270 271 270 268 268 262 257 262 259 250 242 231 228 229 223 223 228 235 237 233 238 247 244 253 253 251 250 245 244 238 225 227 234 235 241 247 254 247 231 231 237 240 243 236 238 235 231 233 236 247 236 230 243 251 254 246 245 245 245 253 254 250 246 240 237 237 241 249 248 242 232
245 249 250 255 259 263 262 255 247 248 249 244 244 243 242 244 241 243 248 249 249 258 262 263 263 263 260 263 269 269 268 262 253 243 240 243 241 228 237 237 226 225 225 229 234 235 244 249 246 248 243 241 237 229 223 227 234 239 245 247 243 229 219 224 237 233 226 233 229 226 240 250 249 235 236 244 249 257 255 252 250 257 257 250 242 235 223 221 231 238 245 253 250 240
248 250 252 255 257 260 259 258 254 251 248 252 254 251 252 252 247 243 243 242 241 247 253 254 250 251 250 254 258 263 265 268 268 262 257 255 242 246 249 241 233 239 239 242 235 232 239 243 239 233 234 229 227 229 228 231 234 234 231 234 240 238 232 224 230 231 222 222 220 220 230 239 254 254 251 251 245 253 259 250 256 261 252 240 229 223 216 221 233 238 244 251 258 254
252 256 256 257 259 260 263 265 264 260 256 260 261 260 262 261 259 255 254 249 243 241 242 242 241 240 241 248 253 257 255 257 265 266 269 265 257 260 254 253 244 242 251 254 247 248 245 232 229 223 221 227 235 236 239 238 241 233 225 228 225 227 221 219 219 217 218 214 219 224 223 232 240 254 260 258 247 253 264 262 261 257 247 239 236 230 231 224 222 237 247 251 252 252
257 260 255 258 259 257 261 265 266 265 265 266 266 267 268 267 267 265 262 258 251 246 247 248 247 244 238 243 244 246 250 256 253 254 261 265 266 266 265 265 260 256 259 255 252 255 250 246 235 225 226 230 243 246 247 249 244 231 229 234 231 237 228 232 228 218 227 229 226 239 244 239 231 239 250 263 255 260 265 260 252 248 249 248 246 241 229 215 225 238 234 230 234 239
263 259 258 261 262 261 263 265 269 267 268 269 270 268 266 265 265 266 266 263 259 256 255 254 250 243 233 233 236 239 244 244 239 241 247 253 259 251 252 260 264 266 266 261 260 257 254 244 234 234 242 235 245 251 253 249 239 235 233 240 239 244 243 240 227 229 242 236 236 233 247 248 236 238 251 264 265 265 261 256 254 254 255 252 246 238 229 223 225 223 226 232 245 251
264 264 262 259 265 267 267 267 268 270 269 268 266 264 259 256 257 257 258 263 265 263 261 256 244 238 231 232 234 237 236 233 228 229 234 238 251 244 238 250 251 251 259 264 265 262 251 250 247 249 253 248 251 254 258 252 249 247 238 240 250 250 240 229 223 236 245 251 249 240 251 252 234 242 254 266 263 257 254 255 262 260 252 243 240 242 242 235 220 224 232 231 235 234
262 265 263 260 264 268 270 270 271 269 266 264 260 254 251 248 246 242 248 253 261 265 262 254 252 248 245 244 245 244 244 235 233 228 227 233 242 237 231 237 241 239 244 254 261 260 265 263 262 260 259 258 261 261 261 258 260 257 257 254 253 248 236 228 217 226 238 239 250 258 260 257 246 258 268 266 260 260 263 265 265 261 254 250 252 253 250 244 233 229 222 220 226 234
260 264 267 261 263 268 271 269 266 267 264 258 256 253 247 243 241 237 241 249 256 256 258 260 261 259 257 255 253 252 249 243 239 232 226 229 234 233 238 236 232 234 236 249 256 249 253 247 249 255 261 256 253 258 254 254 254 250 250 243 243 236 229 222 220 226 226 223 234 246 259 267 260 270 265 263 269 268 266 264 262 262 262 261 259 252 247 245 245 242 229 222 238 250
261 263 266 266 267 271 268 260 260 262 259 257 257 255 249 250 247 239 244 250 252 253 256 261 256 249 249 245 245 244 238 239 233 227 229 234 238 246 250 241 235 244 249 246 246 242 238 240 239 239 247 244 246 249 242 243 243 237 242 230 229 226 222 222 231 239 245 243 241 245 255 266 272 267 270 269 262 258 252 249 246 243 249 254 251 239 227 224 225 237 236 220 235 245
261 265 267 269 272 271 268 263 260 261 265 265 263 258 254 256 255 249 240 242 247 250 250 256 256 252 250 244 238 236 231 229 227 228 234 239 244 245 257 245 236 238 248 258 254 252 241 245 254 247 245 252 250 246 242 238 236 225 226 223 219 229 239 242 235 236 248 257 248 258 262 267 273 272 266 258 249 247 245 233 227 226 234 236 246 242 233 224 217 230 235 221 224 234
261 264 268 272 272 270 269 267 267 268 268 264 263 262 256 260 262 256 252 252 255 252 252 249 250 247 245 243 239 237 233 229 227 229 238 245 252 255 260 252 242 243 246 258 262 255 254 254 260 255 256 254 250 256 253 257 249 239 229 227 222 227 241 252 255 249 247 261 259 252 255 263 276 267 258 250 251 254 251 241 236 240 234 229 231 236 232 228 221 227 231 237 240 248
263 269 271 273 270 269 267 268 271 271 269 269 269 267 265 266 265 260 262 263 264 261 260 258 254 250 241 234 232 232 236 240 238 234 237 244 250 256 263 259 245 248 257 255 265 265 263 262 261 256 250 249 256 263 260 252 245 236 232 245 241 244 240 251 263 256 255 266 259 265 256 263 277 270 257 258 263 265 263 253 256 260 255 245 245 253 254 250 244 252 254 261 264 266
266 270 273 272 272 272 273 272 271 269 268 268 269 269 269 270 268 267 267 268 264 262 262 260 258 254 247 243 241 240 244 247 251 241 237 243 244 253 262 266 254 256 259 267 267 260 258 256 252 250 254 262 267 260 251 242 238 230 234 243 253 261 255 262 266 264 269 263 263 272 269 276 274 268 264 269 273 274 275 274 273 272 269 264 266 271 272 272 270 273 276 277 278 279
270 273 272 269 269 268 268 267 268 267 262 261 264 265 265 266 268 265 266 262 261 259 256 256 254 253 248 248 252 251 253 259 258 248 245 250 253 256 259 267 266 265 269 265 263 264 259 258 260 261 266 262 257 259 254 247 251 238 246 255 248 257 265 261 273 267 265 274 276 276 277 271 263 264 269 277 281 282 282 282 281 280 278 279 280 280 280 280 280 280 280 279 277 275
273 273 272 271 270 269 268 267 265 263 255 253 254 255 257 261 261 256 257 258 254 250 249 248 249 247 246 251 258 260 258 262 266 260 252 249 255 263 265 264 270 270 262 263 270 265 267 269 268 263 263 264 264 259 254 251 258 249 259 263 260 255 266 272 276 273 274 271 269 276 279 278 276 277 278 282 282 282 281 281 282 281 281 281 282 281 277 273 270 270 273 272 273 271
272 268 268 267 267 266 265 264 265 265 260 256 250 247 250 253 251 248 247 243 246 247 244 245 244 242 247 252 261 265 265 263 268 268 262 257 260 262 269 274 272 268 271 272 265 268 265 262 255 254 252 254 259 261 257 253 259 264 267 267 271 268 272 276 273 265 271 274 277 282 282 282 282 282 282 281 279 275 270 269 275 279 280 280 280 278 277 276 275 274 271 270 269 271
265 261 258 261 263 261 252 250 253 255 257 254 249 246 244 247 246 240 236 238 244 250 249 248 249 248 247 252 258 265 269 271 267 273 272 270 271 271 271 275 275 271 266 261 256 256 255 253 259 255 245 244 245 257 257 251 245 257 266 274 280 281 282 281 278 280 282 283 282 281 281 278 280 282 280 273 272 265 253 257 267 273 274 272 270 272 274 274 274 276 277 276 276 274
262 259 257 258 257 255 246 243 243 244 246 245 244 243 242 240 241 242 247 251 256 258 255 252 256 254 251 253 258 265 272 275 277 277 279 279 278 276 275 276 270 260 255 255 258 266 260 263 267 263 259 253 245 249 245 249 255 263 269 278 282 278 278 281 282 281 279 277 271 270 268 272 275 281 279 269 269 262 254 256 254 250 258 258 260 259 253 255 253 260 257 261 268 256
259 261 262 261 263 264 259 253 252 250 248 250 251 247 245 242 243 247 251 256 262 263 258 256 261 264 259 263 264 269 277 277 276 275 275 275 278 278 275 275 272 267 271 270 272 272 271 271 261 254 257 259 254 253 249 258 264 270 277 281 275 266 265 269 271 268 267 267 260 250 244 249 262 273 279 273 271 266 259 253 241 231 234 232 238 244 252 245 236 243 237 247 256 239
263 267 268 267 268 267 267 265 263 257 257 256 251 248 244 242 246 250 252 252 256 267 268 263 261 269 269 271 275 278 279 275 273 268 265 268 272 270 274 279 280 277 277 277 277 277 278 275 266 263 265 267 264 258 265 270 273 276 281 274 262 259 256 252 250 255 257 251 252 249 239 248 257 266 273 272 266 258 249 245 242 235 226 224 224 235 232 233 237 227 227 240 244 229
262 265 270 270 271 270 270 270 268 265 262 255 251 248 246 247 247 251 258 256 253 261 270 270 266 267 274 278 279 278 273 274 267 260 256 262 270 263 264 272 277 273 268 266 266 262 270 277 279 275 275 276 273 277 281 280 277 275 276 279 274 270 265 256 266 264 252 239 241 232 233 249 257 262 270 274 273 272 270 266 261 255 249 245 231 229 220 224 223 224 217 229 226 218
261 266 271 273 273 272 269 264 260 259 255 251 247 246 252 254 252 259 267 263 257 262 270 276 276 277 279 278 276 272 271 268 267 264 254 258 267 262 263 272 270 266 272 266 257 254 257 267 275 281 280 280 281 282 280 274 271 263 260 268 276 275 270 270 271 259 247 231 228 227 229 239 240 249 260 274 274 259 255 256 260 263 262 256 250 241 237 233 227 225 223 225 218 213
265 270 274 274 271 266 260 255 252 252 249 249 252 251 255 263 259 264 271 272 271 276 278 277 276 272 271 267 265 262 265 261 257 262 257 252 259 255 262 269 261 259 267 269 269 262 250 259 267 272 272 276 277 274 274 278 274 265 266 259 263 272 276 272 268 259 248 235 228 225 222 225 236 249 261 272 276 269 259 248 238 241 248 257 257 255 254 251 248 246 243 239 233 231
272 274 273 271 269 264 258 257 257 254 254 257 261 261 265 270 271 272 276 278 277 275 273 272 269 271 269 267 266 262 259 253 250 254 251 244 249 250 259 266 258 259 267 265 265 268 260 253 264 268 266 266 274 273 267 269 270 275 272 266 261 266 267 275 273 263 250 251 242 230 230 235 239 248 257 267 277 264 262 256 243 232 228 238 241 242 242 243 246 243 245 248 241 237
274 271 269 266 263 263 264 263 264 262 262 267 271 273 275 278 278 278 276 272 264 264 264 263 258 261 257 258 255 257 258 254 248 243 239 239 241 246 257 262 253 257 260 259 259 266 258 257 256 264 259 265 272 275 267 258 258 265 274 269 262 257 259 260 271 270 264 260 251 246 238 239 242 249 259 268 277 267 253 254 254 249 242 231 223 225 222 228 235 224 228 241 239 227
271 268 268 266 267 267 269 268 271 273 274 275 277 277 277 277 275 271 269 268 260 252 249 245 247 252 248 247 247 252 253 249 242 229 232 233 234 248 246 252 248 242 249 250 255 265 260 250 250 253 260 269 271 269 271 262 258 266 271 268 263 259 254 261 271 266 262 258 255 246 245 249 251 255 261 266 276 266 252 240 234 232 239 238 237 231 223 225 225 220 230 238 235 223
273 273 272 273 274 274 275 276 276 277 277 277 276 275 270 263 265 262 262 261 259 254 245 237 242 240 237 236 240 244 243 240 234 227 233 248 246 242 246 248 244 237 235 244 254 256 259 249 252 263 267 269 263 266 272 268 260 266 265 265 265 254 256 268 266 255 259 253 249 248 245 247 248 252 258 265 272 272 254 245 224 220 229 222 225 229 229 224 213 220 231 224 227 219
275 275 275 275 276 276 276 276 277 277 275 271 268 267 266 258 257 254 253 251 248 246 239 237 235 231 231 227 230 232 234 235 244 243 240 251 258 256 259 255 251 243 239 240 243 249 250 249 254 261 262 259 260 263 268 265 264 259 259 255 256 253 257 270 262 250 248 247 246 243 237 238 235 243 258 264 269 273 261 247 232 221 218 215 221 220 221 219 223 223 221 221 226 220
