data_analyses/maxent/chelseacur_asc/bio_15.asc
ncols         195
nrows         278
xllcorner     -122.86680578405
yllcorner     43.49152724385
cellsize      0.0083333333
NODATA_value  -9999
[rows 165 to 219 of 278, columns 96 to 191 of 195]
71 72 73 73 73 72 72 71 71 70 68 66 64 61 59 58 57 57 57 57 57 58 59 61 63 65 67 68 70 72 73 73 73 73 73 73 73 72 70 67 66 65 65 65 64 64 63 62 59 56 54 53 51 51 52 56 59 62 65 66 66 64 63 63 64 67 69 70 69 66 63 62 61 60 60 59 60 59 58 57 56 55 53 53 51 49 48 47 48 49 49 50 49 49 49 48
70 71 71 72 72 73 73 73 73 71 68 66 64 62 60 57 56 55 56 58 58 57 57 58 60 63 65 67 68 69 70 70 71 71 72 71 71 69 67 66 66 65 66 65 64 64 62 60 57 55 53 52 52 52 53 57 61 64 67 68 67 66 65 65 67 68 70 70 68 65 63 62 61 60 59 58 58 58 57 56 55 53 52 50 50 47 48 48 49 49 49 49 48 48 48 48
67 67 67 68 70 72 73 73 73 71 68 66 64 62 61 59 57 56 58 60 61 61 60 60 61 62 64 65 66 67 67 67 67 67 67 67 66 65 65 65 66 66 67 65 64 64 62 60 59 59 57 56 56 56 58 61 64 67 69 69 68 67 66 67 68 69 69 68 66 65 63 62 61 60 59 59 59 58 58 57 55 52 50 49 48 48 49 50 50 50 49 48 48 47 47 47
64 65 66 67 68 70 71 71 71 70 68 65 64 63 61 61 60 59 60 62 64 64 64 64 64 64 64 64 65 65 66 66 65 65 65 64 64 64 64 66 67 67 66 65 65 64 63 62 62 62 62 61 61 62 65 67 68 70 70 69 67 66 66 67 68 68 68 66 65 65 64 62 61 60 60 60 59 59 57 55 53 49 49 49 49 50 51 51 50 50 49 49 49 48 46 46
65 67 69 70 70 69 69 70 70 70 67 65 64 63 62 63 63 63 64 65 65 65 65 66 66 65 64 63 64 64 64 65 64 63 62 61 63 64 66 66 66 66 65 65 64 64 63 63 63 63 63 63 64 67 70 71 72 72 71 70 67 66 66 67 68 68 68 67 66 64 64 62 61 61 61 59 58 57 55 53 50 48 49 51 51 52 53 52 51 51 52 51 50 49 47 46
69 72 73 73 72 71 70 70 70 69 67 65 64 64 64 64 65 66 66 65 65 65 65 65 65 63 61 61 62 63 63 62 62 60 60 61 64 66 66 66 65 65 64 64 64 64 63 63 63 64 64 64 66 69 72 73 73 72 71 70 68 67 66 67 68 68 69 68 66 64 63 62 62 61 60 59 56 55 54 51 50 50 51 52 53 53 53 53 54 54 53 53 51 50 49 47
73 75 75 74 73 71 70 70 70 70 68 66 65 65 65 65 66 67 66 65 64 64 63 63 61 59 57 57 59 59 59 59 58 59 62 65 67 66 66 65 64 64 64 63 63 63 63 63 63 64 65 66 67 70 71 72 72 71 70 69 68 67 67 67 68 68 68 68 66 65 63 63 62 61 58 58 56 55 54 51 50 51 52 53 53 54 53 54 54 54 53 52 51 49 48 46
74 76 76 74 73 71 71 71 71 70 68 66 65 65 65 65 66 66 66 65 64 63 62 60 58 55 53 53 55 56 57 57 59 62 65 67 67 66 65 65 64 64 63 63 62 63 63 62 63 63 64 66 67 68 68 68 68 68 68 67 67 67 67 67 67 68 68 67 66 65 64 64 61 60 58 57 56 55 53 52 52 52 52 54 53 54 53 53 52 52 51 50 50 48 45 44
74 75 76 74 73 72 73 74 74 72 69 66 65 65 65 65 65 66 65 65 64 63 61 59 56 54 53 52 53 55 57 59 62 64 66 67 66 65 65 64 64 63 62 62 62 62 63 63 63 63 63 64 65 65 65 65 64 65 65 65 65 65 65 66 66 66 66 66 66 65 64 62 60 59 58 57 56 54 52 52 53 53 54 54 54 53 52 52 51 50 49 49 48 46 42 43
72 74 75 73 72 73 75 76 75 72 69 66 65 65 65 65 65 65 65 64 63 62 60 58 57 56 55 53 54 56 58 61 63 64 65 65 65 65 65 64 63 62 61 62 62 63 63 63 63 63 63 63 63 64 63 64 63 63 63 64 64 64 64 65 65 65 65 65 65 64 62 61 60 59 58 56 55 54 54 54 55 55 55 54 53 53 52 52 50 50 49 48 46 42 41 41
69 72 73 72 72 73 75 76 74 71 68 66 65 64 63 63 63 63 62 61 60 60 60 60 59 59 58 57 57 58 60 62 63 64 65 65 65 65 64 63 63 61 62 63 64 64 63 63 64 63 63 62 62 63 63 63 63 63 63 63 63 63 64 63 64 64 64 64 64 63 61 60 59 58 57 56 56 56 56 56 57 56 56 55 54 54 53 51 50 48 48 45 42 41 41 43
70 71 72 72 72 74 75 74 71 68 66 64 62 61 60 60 60 59 59 58 58 59 60 61 62 62 62 62 62 63 65 64 64 64 65 65 64 64 64 62 62 62 63 64 65 65 64 64 64 63 62 62 62 62 62 62 63 62 62 62 62 62 63 62 63 63 64 63 63 63 61 60 59 59 58 57 57 57 57 57 56 56 57 56 57 54 52 50 49 46 45 42 42 42 43 46
72 73 74 74 74 75 74 71 67 65 62 61 59 58 57 57 57 57 57 57 57 58 60 62 63 64 64 65 66 68 68 66 65 64 64 64 64 64 63 63 63 63 64 65 65 65 65 65 64 63 63 63 63 62 62 62 62 62 61 61 61 62 62 62 62 61 62 62 61 61 60 59 58 58 57 57 58 59 58 58 57 57 56 56 54 51 49 48 47 45 43 42 43 44 46 47
74 75 75 75 76 75 72 68 65 62 60 59 57 56 55 55 55 56 56 56 57 57 59 61 62 63 64 65 66 68 67 66 65 64 64 64 64 64 64 63 63 64 64 65 65 65 65 65 64 64 63 63 63 62 62 62 61 61 61 61 61 61 61 61 60 60 59 59 58 57 57 57 58 58 58 58 57 57 57 57 57 57 56 53 51 48 47 46 46 44 43 43 44 47 47 46
74 75 75 76 76 73 70 66 64 62 60 58 57 56 55 54 54 55 55 56 56 56 58 59 60 61 61 62 63 64 65 64 65 65 65 64 64 64 64 64 63 63 64 64 64 64 65 64 64 63 63 63 63 62 62 61 61 61 61 61 61 61 60 59 58 59 58 58 57 57 57 57 57 57 57 57 57 57 57 57 56 56 53 51 49 47 46 46 46 44 43 44 45 47 47 45
74 75 76 76 74 71 68 66 64 62 60 59 57 56 55 55 55 55 55 55 55 56 57 59 60 59 58 58 59 61 63 64 64 65 65 65 64 64 63 62 61 62 63 64 64 64 64 63 63 63 62 62 62 62 62 61 61 61 61 61 60 60 59 59 58 57 58 58 56 56 56 56 56 57 57 57 56 56 56 57 55 53 50 48 47 48 48 46 45 44 44 45 45 46 46 44
74 75 76 75 73 71 68 66 65 63 61 60 58 57 56 56 55 55 54 54 54 56 58 60 61 62 61 61 62 63 64 64 65 65 64 64 62 60 58 58 59 60 62 63 63 63 63 63 62 62 62 62 62 61 61 61 61 60 60 60 60 59 59 58 57 57 57 57 56 56 56 56 56 57 57 56 56 56 56 56 54 50 48 47 48 48 46 45 45 44 43 44 45 44 44 44
74 75 75 73 72 69 67 66 65 64 63 62 61 59 58 57 56 54 53 53 53 56 59 62 63 64 64 65 66 67 68 67 65 64 63 61 57 54 53 54 57 60 62 63 63 63 62 62 62 61 61 61 61 61 61 60 60 59 60 60 59 58 58 57 57 57 57 56 55 55 56 56 56 56 56 56 56 56 55 54 51 49 47 47 47 46 46 45 44 43 43 42 43 44 45 45
74 74 72 71 69 66 65 64 64 64 64 64 63 61 59 57 56 55 54 53 54 56 60 63 64 65 65 66 68 69 70 68 65 64 61 58 55 54 54 55 59 62 63 63 63 63 62 61 61 61 60 60 61 61 60 60 59 59 59 59 58 58 57 57 56 56 56 56 55 55 55 56 56 56 56 56 55 56 54 52 49 49 47 48 48 47 46 46 44 42 42 41 41 44 45 44
74 73 70 69 66 63 61 60 60 61 62 63 62 61 59 57 56 55 54 54 54 57 60 63 64 65 66 67 68 69 69 67 64 61 58 56 56 59 59 60 63 64 65 65 63 63 61 60 59 59 59 59 60 61 59 58 58 59 59 58 58 57 56 56 55 55 55 55 55 55 56 56 55 55 55 55 55 55 54 50 49 47 47 47 47 46 45 44 44 43 42 42 42 44 47 47
72 71 69 67 65 63 60 59 58 58 60 60 60 60 60 58 57 56 55 55 56 58 61 63 64 65 65 65 66 66 65 63 60 57 55 54 57 60 62 64 67 68 67 65 63 62 60 58 56 57 58 59 60 61 59 57 58 59 59 58 57 56 55 55 55 55 55 55 55 55 55 55 55 54 54 54 54 53 51 48 47 46 47 47 48 48 46 46 45 45 46 46 47 48 49 48
70 70 67 66 65 64 62 60 59 59 59 60 60 61 61 61 60 59 58 58 59 61 63 64 64 63 63 62 61 60 59 57 55 53 52 52 56 59 63 66 69 68 67 65 63 61 58 56 56 58 59 61 61 61 59 58 58 58 58 58 57 57 55 54 55 55 55 55 55 55 55 55 54 54 53 53 53 52 50 48 47 46 47 47 48 47 46 47 48 49 50 50 51 52 51 50
70 69 68 66 66 66 64 63 62 61 61 61 61 62 63 63 63 63 63 63 64 66 66 65 64 61 60 58 57 55 54 53 52 51 50 51 54 59 63 66 67 66 65 64 63 60 59 59 60 62 62 62 62 61 59 58 58 58 58 57 57 56 56 54 54 53 54 55 55 55 54 54 53 53 53 54 53 52 50 49 48 47 48 47 47 47 47 48 49 50 51 52 54 53 52 50
70 69 69 68 67 66 65 64 63 62 62 62 63 63 64 64 65 65 65 66 68 69 69 66 64 61 59 56 55 54 52 51 51 50 50 51 55 60 63 65 65 64 63 63 62 61 61 62 65 65 64 63 62 61 60 59 58 58 58 57 57 56 56 54 54 53 54 55 55 55 54 54 54 53 53 53 52 52 50 50 49 48 47 47 47 47 47 48 49 51 52 53 53 52 51 50
69 70 70 69 68 66 65 63 62 62 62 63 63 64 64 64 65 65 66 67 69 70 69 67 64 61 59 57 55 54 53 52 51 50 50 52 56 60 62 63 63 63 63 62 61 61 61 64 66 66 64 63 62 61 60 60 59 59 58 58 57 56 56 55 55 55 55 57 56 56 55 55 55 54 54 54 53 52 51 50 49 48 47 46 47 47 48 48 50 51 50 51 51 51 51 50
69 69 70 70 68 66 64 63 63 62 63 63 64 64 64 64 65 65 65 67 68 69 68 66 63 61 60 58 56 54 53 52 52 51 50 53 57 60 62 62 62 62 61 61 61 61 62 63 64 64 63 62 61 61 60 59 59 59 58 58 58 57 57 56 56 56 56 56 56 56 56 55 55 55 54 53 53 52 51 50 49 48 48 48 48 48 48 50 50 50 50 51 51 50 50 50
71 70 69 68 67 65 64 64 63 63 63 64 64 64 64 64 64 64 65 66 67 68 67 64 61 60 59 58 56 55 53 53 52 51 50 52 56 59 60 61 61 61 60 61 61 62 62 63 63 63 63 62 61 60 60 59 59 59 59 59 59 58 58 57 56 56 56 57 56 56 56 55 55 54 53 53 53 52 52 51 50 49 49 49 49 49 51 51 51 51 51 50 50 50 50 49
72 71 68 65 63 62 63 64 64 64 64 64 64 63 63 63 64 64 65 66 67 68 66 62 60 58 58 57 57 56 54 53 52 51 50 52 55 58 59 59 59 60 60 61 62 62 63 63 64 64 62 60 60 59 59 58 59 59 59 58 58 58 57 56 56 56 56 57 56 56 55 56 55 54 53 53 52 52 51 51 50 49 49 49 49 50 50 51 51 50 50 50 50 49 47 47
70 67 64 62 60 60 61 62 63 64 64 64 64 63 63 63 64 64 65 66 67 67 64 61 58 57 56 56 57 56 55 54 52 51 49 50 53 56 57 58 59 60 61 62 62 62 63 63 63 62 60 58 58 58 58 59 59 59 59 58 57 56 56 56 56 57 57 57 57 56 56 56 55 54 52 52 52 52 52 51 49 49 47 47 48 49 50 51 50 50 49 49 48 46 45 44
64 63 61 61 62 62 62 63 64 64 64 64 64 64 64 64 64 65 65 66 66 64 61 59 57 55 55 56 56 57 56 55 53 51 49 49 51 54 56 58 59 61 61 62 62 62 63 63 63 60 57 55 55 57 58 58 59 59 58 58 57 56 55 56 57 58 57 57 56 56 56 56 54 52 51 51 51 51 52 51 50 49 47 47 48 50 51 51 50 50 50 49 48 46 44 44
60 59 59 60 62 63 64 64 64 65 65 65 64 64 64 64 64 64 64 63 62 59 58 57 56 56 56 56 58 58 58 57 55 52 50 50 52 55 57 59 61 62 62 63 63 63 63 63 61 58 55 53 54 56 58 58 58 59 58 57 56 56 56 57 58 57 57 56 55 55 55 54 53 52 51 51 51 51 51 51 50 49 48 48 49 50 50 51 51 51 50 48 47 46 46 46
57 57 56 58 60 61 63 64 64 64 63 63 62 62 61 61 60 60 58 57 55 54 54 55 57 58 58 58 59 60 60 59 57 55 55 55 56 58 61 62 63 64 64 64 64 63 63 62 59 55 52 53 55 58 58 58 58 58 57 56 55 56 56 57 57 57 56 55 54 54 54 54 53 51 51 52 52 52 52 52 50 49 49 49 50 51 52 51 51 51 50 48 46 47 48 48
56 56 56 57 58 58 59 60 60 59 58 57 57 56 55 54 54 53 53 53 52 52 51 53 55 57 58 60 60 61 61 60 58 58 59 60 62 62 63 64 65 64 64 64 63 63 62 60 57 53 52 53 55 56 55 56 56 57 56 56 55 55 56 56 56 56 55 55 54 55 55 54 54 53 54 54 53 52 52 52 51 50 50 50 50 51 51 51 52 51 49 48 46 46 47 48
56 56 57 58 59 58 57 57 58 58 58 58 57 56 54 54 53 52 51 52 53 54 54 53 53 54 57 60 62 62 61 60 60 60 61 63 64 64 64 64 64 64 64 63 63 62 61 58 54 52 51 52 53 53 53 53 53 54 55 55 56 55 56 56 56 56 56 55 55 55 56 56 56 55 55 55 53 52 52 53 52 52 51 51 51 51 52 53 52 50 48 47 46 46 47 47
57 57 59 60 60 61 60 61 61 62 62 61 61 59 58 56 55 54 53 53 54 56 58 57 56 55 56 59 61 62 62 61 61 61 62 64 64 63 63 63 63 63 63 62 62 61 59 56 52 51 51 51 51 50 51 52 53 54 55 56 56 56 56 56 56 57 57 56 56 56 55 56 56 56 56 55 54 52 53 53 52 52 51 51 52 52 51 52 52 49 47 45 45 45 45 46
57 58 60 60 61 62 63 63 63 63 63 62 62 61 60 59 59 58 57 55 55 57 59 61 60 59 59 59 61 62 63 62 61 61 62 63 62 61 61 62 62 63 62 62 61 60 57 54 51 50 50 50 50 50 52 53 54 55 56 57 57 56 57 57 57 57 56 57 56 55 56 56 56 56 55 54 53 52 52 52 51 52 52 52 52 52 51 52 51 47 45 44 44 45 45 45
58 60 61 62 61 61 61 61 61 61 62 61 62 62 62 61 61 61 61 59 58 58 61 63 63 63 63 63 63 63 62 62 61 60 59 58 58 58 60 62 63 63 62 62 61 58 55 52 51 50 50 50 50 51 52 52 53 55 56 56 56 56 57 57 57 57 56 57 55 56 55 56 56 56 54 53 52 52 51 52 51 51 51 52 51 51 50 51 49 47 46 44 44 44 45 45
60 61 62 63 62 61 59 58 58 59 60 61 62 63 63 63 63 63 63 63 62 63 64 64 64 65 66 66 65 64 63 61 60 58 55 54 54 55 60 63 64 64 63 62 60 57 54 52 51 50 50 51 52 52 51 51 52 53 54 54 54 54 55 55 56 57 57 56 55 55 56 55 56 55 54 53 52 51 51 51 51 51 51 50 50 51 50 50 48 46 45 45 45 45 45 45
62 62 63 63 63 61 59 58 57 57 59 61 62 63 64 64 64 64 64 65 65 65 66 65 66 66 67 67 66 64 62 61 60 58 56 55 55 57 62 66 68 66 65 62 59 56 53 52 51 51 51 53 53 53 51 52 53 53 53 53 54 54 55 55 57 57 57 56 55 55 55 55 55 54 53 53 52 51 52 52 51 50 51 51 50 51 50 49 47 46 45 45 45 45 45 46
61 61 62 63 63 62 60 57 56 57 59 60 62 63 64 64 64 65 65 65 66 67 67 67 67 67 66 66 65 63 62 62 61 60 59 59 60 62 66 70 71 68 65 61 58 55 53 53 52 53 54 55 56 55 54 54 55 56 57 57 58 58 58 57 58 58 57 56 56 55 55 54 55 54 54 53 52 52 52 52 51 51 50 50 50 50 50 48 47 46 45 45 45 46 47 47
59 60 62 63 64 63 61 58 57 57 60 60 61 62 63 64 64 65 65 66 67 67 67 66 65 64 63 63 62 62 63 63 62 61 60 61 63 66 70 72 72 69 64 60 57 55 55 55 56 57 59 60 60 59 58 59 60 61 62 63 64 64 63 61 59 58 57 57 56 55 55 55 55 55 55 54 53 53 53 52 52 52 51 51 50 50 49 47 46 46 46 47 47 47 47 46
58 60 62 64 65 64 62 60 58 58 60 60 59 59 60 61 63 64 64 65 64 62 61 59 58 57 57 57 58 60 62 63 63 62 62 62 65 68 71 73 72 68 64 60 59 58 59 60 62 64 65 66 66 66 66 66 66 66 67 68 69 69 68 65 62 60 58 57 56 56 56 56 56 56 56 55 53 54 53 53 53 52 52 51 50 49 48 47 47 48 48 49 48 48 47 46
61 62 63 65 65 64 63 62 61 60 60 60 58 56 56 57 58 59 60 59 57 55 55 55 55 55 55 55 55 56 59 62 63 64 64 65 66 69 72 74 72 68 64 62 61 62 64 65 67 69 70 70 71 71 70 71 70 70 70 70 70 70 69 67 64 62 59 58 58 57 57 57 56 56 56 56 55 54 54 54 53 53 52 51 51 50 50 51 52 52 52 51 50 48 47 46
64 65 65 65 65 64 63 63 62 61 60 59 57 55 54 54 54 54 54 53 52 53 56 58 59 59 59 59 58 58 59 62 64 64 65 66 68 70 73 74 72 68 65 64 64 66 66 67 69 70 71 71 71 71 72 72 72 72 72 71 71 71 70 68 67 64 62 61 60 59 58 58 58 57 57 56 55 56 55 55 54 53 53 52 52 52 53 55 56 57 55 52 51 48 47 47
65 65 65 65 64 64 63 63 62 61 59 58 57 56 56 56 56 55 54 53 52 53 55 57 59 61 62 62 62 62 62 63 64 65 65 66 68 71 74 74 72 69 67 66 67 67 67 67 68 70 70 69 69 69 71 72 72 72 72 72 72 72 71 71 70 69 67 66 63 61 60 58 58 58 57 56 56 56 56 56 55 55 54 53 53 53 54 56 56 55 54 52 50 47 48 48
63 63 63 64 63 64 64 62 60 58 58 57 57 58 59 60 60 59 59 58 56 55 55 55 56 58 60 62 63 64 65 66 66 65 66 66 69 71 74 74 73 71 68 67 67 67 66 66 67 69 68 67 66 67 67 68 69 71 71 71 72 72 72 72 71 71 69 67 64 62 61 60 60 59 58 58 57 58 56 57 56 55 55 55 55 54 54 54 54 54 52 51 49 48 48 48
63 63 64 63 63 64 64 63 60 58 57 57 58 59 59 60 61 62 62 62 61 60 60 59 58 59 61 62 63 64 66 67 67 68 68 69 70 72 74 74 73 71 68 66 65 65 64 65 66 66 66 65 64 64 65 65 66 68 69 70 71 71 71 70 69 68 67 64 62 60 60 60 59 59 58 58 58 58 57 57 57 57 56 56 55 54 54 53 53 51 51 48 48 47 47 48
65 65 65 65 64 64 64 64 62 60 59 58 59 58 58 58 59 61 62 63 63 63 63 63 62 62 63 63 64 65 67 68 69 71 72 73 72 72 73 73 72 69 66 64 63 63 63 63 63 63 61 61 62 63 64 64 64 64 65 66 67 67 66 65 64 62 61 60 60 59 59 59 59 59 58 58 58 58 57 57 56 56 56 56 55 54 53 53 52 51 48 48 47 47 48 48
65 66 66 66 65 64 64 64 62 60 59 58 58 58 57 56 56 57 58 60 61 62 63 64 64 64 64 64 65 66 68 69 71 73 74 73 71 70 71 71 70 67 64 63 62 62 61 61 61 60 58 58 60 62 63 63 63 63 62 62 62 61 61 60 58 58 58 58 58 59 60 60 59 59 59 59 59 58 58 57 57 57 57 56 56 54 53 52 51 50 48 48 47 49 48 48
64 65 65 65 65 64 64 64 63 62 59 58 57 57 56 55 55 54 54 55 57 59 61 62 63 64 64 65 66 67 70 71 72 73 73 71 69 69 70 70 68 65 63 62 60 59 57 57 57 57 57 57 60 63 64 64 63 62 61 60 60 59 58 58 57 58 58 59 60 60 61 60 60 60 60 61 61 59 59 58 59 58 58 57 56 54 53 52 50 50 49 49 49 48 47 47
63 64 65 65 65 65 65 65 64 63 62 60 59 58 57 56 55 54 53 52 53 54 56 58 60 61 63 64 66 68 70 71 72 73 72 70 68 69 70 69 67 64 61 59 56 54 52 53 54 56 58 59 62 66 67 67 66 65 63 62 61 61 60 60 59 60 62 62 61 61 61 61 61 60 61 61 61 62 61 61 59 59 58 57 55 55 53 52 50 50 49 49 48 47 46 46
61 63 64 65 65 65 66 66 66 65 64 62 61 59 58 57 57 56 55 54 53 53 53 54 55 57 59 61 63 66 69 71 72 72 71 69 68 69 70 69 66 62 59 56 53 51 50 51 53 57 60 62 66 70 72 71 70 69 68 67 66 65 65 64 64 63 63 62 62 62 61 61 61 61 62 62 63 62 63 62 60 59 57 56 55 54 53 51 50 49 47 47 47 47 46 45
62 62 63 64 65 65 66 67 68 67 66 64 62 61 59 58 58 58 58 58 57 55 54 54 54 54 55 57 60 64 67 69 70 70 69 69 68 68 69 67 64 61 59 57 55 53 52 53 56 60 63 66 69 72 73 73 73 72 72 71 70 70 70 69 68 66 63 62 62 62 62 62 62 62 62 62 62 63 62 61 60 58 56 54 54 53 51 50 49 46 45 46 46 45 44 43
65 64 64 65 65 65 66 67 68 68 67 65 64 62 61 60 60 60 60 61 61 60 58 56 55 55 54 55 58 62 64 67 68 68 69 69 68 68 68 66 64 62 60 59 58 56 56 58 61 64 66 69 72 74 74 73 73 73 73 72 72 71 71 70 69 66 64 63 63 63 62 63 62 62 62 62 62 61 60 59 58 56 55 54 53 53 51 49 47 45 44 44 43 43 43 42
67 67 66 66 66 66 67 67 68 69 69 67 65 63 63 62 62 62 62 63 63 63 61 59 57 56 56 57 59 62 64 65 66 68 69 69 68 68 67 65 63 62 62 61 60 59 61 63 66 67 69 71 72 73 74 73 73 73 73 72 72 71 71 69 67 66 64 64 63 63 63 62 62 62 61 62 61 60 59 58 57 55 54 53 52 52 50 47 45 44 44 44 43 42 42 42
