data_analyses/maxent/chelseacur_asc/bio_16.asc
ncols         195
nrows         278
xllcorner     -122.86680578405
yllcorner     43.49152724385
cellsize      0.0083333333
NODATA_value  -9999
[rows 164 to 204 of 278, columns 92 to 183 of 195]
1022 1092 1097 1043 976 934 912 905 896 856 801 793 842 913 969 985 971 936 894 881 900 910 879 847 847 866 886 915 951 975 973 946 881 803 746 709 677 657 646 634 613 572 520 472 442 426 414 403 392 384 375 365 354 342 334 332 349 390 435 467 469 455 452 452 451 450 447 436 421 402 371 330 292 261 239 227 217 208 202 199 200 198 187 172 163 158 155 150 141 135 135 138
939 995 1033 1027 994 980 983 975 944 883 814 796 851 930 975 978 951 899 830 779 776 782 760 732 716 707 729 793 867 908 911 891 841 776 733 715 714 720 718 693 639 573 517 476 454 440 423 406 392 381 373 365 357 354 349 343 344 362 391 425 439 432 432 438 444 443 442 434 422 406 380 340 295 261 236 223 214 205 199 195 190 186 178 169 158 152 147 141 138 135 138 141
1117 1120 1083 1009 935 904 906 929 945 929 884 860 891 952 987 992 976 946 885 809 766 759 779 805 788 734 701 725 780 821 827 797 743 687 650 634 634 642 643 621 574 517 480 465 460 454 436 412 398 387 379 387 406 416 407 391 375 368 373 393 415 424 426 432 432 429 426 419 407 388 363 323 284 252 233 221 211 204 195 187 181 178 175 166 156 150 147 144 141 144 146 141
1204 1111 999 890 806 764 763 789 828 868 878 871 898 954 994 1003 997 982 942 877 818 789 821 894 915 868 805 761 748 771 776 731 669 620 586 559 544 533 523 510 490 470 460 465 472 464 442 417 404 396 400 440 498 526 517 486 446 414 394 393 403 419 430 431 427 417 406 394 379 360 332 299 270 251 236 221 210 204 199 193 189 184 176 167 158 156 153 149 147 153 150 141
1024 901 821 779 750 746 768 775 758 759 777 797 858 942 989 996 996 990 975 946 901 862 874 938 986 983 939 870 804 774 754 703 645 601 567 540 518 498 483 472 469 469 473 479 479 461 434 415 407 401 414 477 557 603 609 588 545 495 454 426 415 418 429 432 429 418 400 382 360 335 312 290 270 258 242 224 214 211 209 201 190 181 170 162 162 163 162 156 156 156 150 141
864 839 868 893 874 861 878 870 806 746 724 743 818 923 980 992 1003 1012 1017 1016 994 951 940 968 999 1005 981 928 847 768 711 660 612 578 551 530 513 501 498 494 488 482 481 475 461 438 418 407 399 393 402 455 540 600 622 620 599 561 514 474 444 428 428 434 433 427 410 389 363 339 318 300 282 261 239 222 218 218 212 193 178 170 162 162 168 174 171 165 159 151 145 144
962 1023 1083 1097 1045 986 957 928 865 792 741 732 789 897 977 1010 1034 1050 1065 1075 1058 1007 959 946 957 952 920 866 793 720 662 615 578 555 540 527 521 529 552 551 522 491 471 455 438 424 411 399 393 385 384 410 474 542 579 592 584 563 526 491 459 437 427 431 432 427 415 400 376 352 333 312 286 259 236 222 221 215 201 184 176 171 165 168 178 180 171 162 153 145 144 148
1180 1224 1233 1190 1125 1065 1007 950 888 823 766 735 759 861 969 1026 1057 1080 1091 1096 1078 1024 958 918 906 890 845 781 722 671 626 588 563 546 537 539 557 597 632 604 535 484 460 444 433 425 414 402 391 382 376 378 401 445 489 517 526 512 479 449 431 415 404 404 411 412 406 395 380 361 340 316 286 263 245 233 221 207 193 190 191 182 171 177 182 173 160 156 151 147 144 144
1261 1274 1248 1193 1136 1092 1035 964 900 847 814 785 776 844 950 1017 1055 1076 1086 1085 1068 1027 980 944 920 886 823 754 701 658 617 585 563 549 542 549 579 622 635 586 517 475 456 442 434 425 414 403 394 385 376 367 364 375 395 419 434 425 398 375 370 367 362 362 375 388 388 380 368 355 335 314 293 277 259 239 216 202 194 197 197 182 176 185 183 168 160 157 153 147 139 136
1130 1161 1165 1150 1119 1087 1046 1001 956 918 906 894 864 884 959 1012 1039 1057 1065 1064 1052 1033 1011 987 952 895 825 766 725 684 640 604 577 557 543 539 548 558 555 527 494 472 459 445 434 423 415 408 399 390 379 370 361 356 358 361 367 364 347 333 330 330 327 328 340 357 364 361 349 335 323 312 299 278 253 228 210 202 200 197 191 186 188 190 183 175 169 157 147 138 135 132
907 926 945 956 955 975 1025 1059 1051 1028 1016 986 933 936 984 1010 1021 1029 1033 1030 1019 1006 979 945 903 856 817 793 773 745 701 645 602 572 549 533 521 512 504 492 481 470 460 448 437 429 423 416 407 396 384 371 362 353 348 345 345 344 339 330 321 318 316 315 316 325 337 338 329 317 315 311 290 261 234 219 211 208 202 197 200 206 205 195 186 184 175 156 143 138 135 131
857 813 802 801 789 828 962 1086 1119 1107 1061 968 906 931 969 972 969 969 966 958 950 929 889 846 822 817 831 847 846 831 802 738 668 619 585 550 526 510 498 485 473 462 454 443 438 440 439 430 413 396 384 373 361 351 342 337 333 331 330 325 319 315 313 307 304 304 310 314 314 314 317 309 287 258 237 223 217 211 203 203 215 220 213 199 187 183 172 162 154 147 138 129
1011 938 913 898 848 813 914 1073 1137 1109 999 860 820 872 901 888 874 865 856 854 859 849 822 794 790 812 856 902 923 924 917 873 794 724 658 586 534 510 496 482 468 457 449 443 440 443 444 431 413 401 388 373 362 351 345 339 330 324 321 316 313 307 304 299 296 293 290 293 297 299 300 291 279 262 244 229 218 214 214 217 223 220 211 196 184 175 168 163 157 144 135 128
1170 1104 1055 1017 956 877 905 1051 1117 1045 892 775 767 804 816 805 793 778 763 766 786 802 800 791 788 808 855 911 952 972 980 958 890 797 695 600 538 508 494 482 471 460 455 449 443 437 431 422 413 409 395 379 365 360 354 345 331 319 313 310 305 299 293 290 288 284 279 276 273 265 259 256 250 242 233 227 223 220 220 217 214 211 204 196 189 178 163 153 144 135 132 129
1235 1189 1109 1031 970 904 908 1008 1039 952 838 793 808 813 798 786 772 754 735 730 744 764 774 773 772 785 822 873 915 942 952 933 869 765 658 583 542 520 505 491 478 466 460 452 440 426 417 411 407 404 393 379 369 363 354 343 328 317 311 305 299 294 288 282 279 273 270 267 259 244 232 230 232 227 221 221 220 215 211 205 200 199 199 196 190 174 154 144 141 138 138 134
1220 1217 1166 1074 979 901 886 934 921 876 860 877 897 880 844 813 787 762 738 729 735 750 756 755 751 759 786 823 852 859 845 810 747 670 600 560 543 534 520 500 480 463 450 439 427 415 406 400 394 388 382 371 360 352 343 334 325 316 308 302 296 291 285 279 273 267 262 259 256 244 229 227 230 227 218 215 212 208 205 201 195 193 195 190 177 159 149 147 150 147 141 135
1131 1188 1188 1128 1024 917 880 891 863 874 929 962 958 926 883 838 800 774 756 746 745 753 753 742 732 745 782 822 839 824 781 724 666 614 573 549 538 534 523 498 470 453 439 427 418 409 400 392 383 377 369 358 347 340 334 326 318 311 305 297 291 285 279 273 265 259 253 251 253 247 235 227 226 224 216 211 208 204 202 198 192 190 189 178 162 153 153 155 155 150 143 138
983 1094 1130 1109 1032 927 878 871 859 909 995 1028 1011 975 936 891 840 801 784 772 758 743 723 703 702 738 804 862 887 885 855 804 744 679 616 565 536 519 502 483 463 451 439 430 421 409 398 387 378 369 361 352 344 335 329 320 312 305 297 291 285 277 271 265 259 253 247 244 244 242 233 224 221 218 212 206 202 198 195 192 190 187 181 169 159 156 156 153 150 144 141 140
820 948 1027 1044 993 891 828 812 825 892 978 1027 1040 1035 1019 992 937 873 828 800 771 736 700 675 682 736 822 896 933 949 946 915 864 798 710 616 547 509 489 479 476 474 460 445 430 415 398 386 375 366 358 350 341 332 324 315 306 297 291 285 280 271 265 259 253 248 244 239 233 230 224 218 218 216 209 202 197 193 189 189 189 183 174 168 168 168 162 153 146 143 141 138
712 788 874 932 924 835 758 747 773 811 853 906 963 1011 1040 1043 1009 939 867 819 783 748 708 678 679 735 830 906 945 964 962 941 905 853 764 649 556 508 488 495 530 557 540 495 457 428 406 387 373 364 356 347 338 330 321 312 303 294 288 283 277 268 259 254 250 245 242 236 230 224 218 215 215 213 206 198 193 189 185 183 180 174 168 171 177 176 165 156 150 147 144 141
724 740 766 809 832 775 709 715 755 766 750 760 819 896 962 989 977 935 882 832 789 751 719 686 675 717 805 887 927 941 934 910 874 819 733 628 547 505 494 524 603 668 657 584 508 462 429 400 376 364 353 345 336 327 321 312 301 292 288 284 277 266 257 251 248 245 239 234 227 221 216 212 210 207 201 195 189 186 180 174 168 162 162 168 174 174 168 161 155 152 150 147
800 786 766 755 756 725 681 705 788 825 783 749 765 814 873 912 924 924 906 868 822 775 737 703 681 694 758 838 884 894 878 843 794 732 654 581 532 507 504 546 628 700 704 638 549 490 447 408 378 365 356 348 341 332 323 312 301 292 289 286 278 266 257 250 245 242 239 233 227 221 215 209 206 201 195 189 186 183 177 168 162 159 159 165 170 168 165 159 153 152 153 156
848 823 798 752 723 697 668 718 851 930 899 851 837 845 867 893 920 946 959 949 922 877 823 772 729 711 733 786 824 820 790 744 692 633 580 543 521 506 508 536 584 634 648 608 536 475 430 398 376 371 375 377 365 346 329 315 303 292 289 284 275 265 256 248 245 242 237 233 227 219 212 206 201 198 192 189 186 183 177 168 162 159 162 168 171 168 162 155 149 146 152 164
958 926 889 806 723 695 711 790 926 1007 991 954 929 914 918 934 957 983 1008 1021 1023 1001 955 896 830 774 750 769 786 760 715 669 624 583 553 532 520 507 501 508 519 538 551 528 481 436 406 385 376 387 422 444 426 379 341 317 303 295 289 281 275 266 257 251 245 239 234 230 227 221 213 206 201 198 192 189 186 183 177 173 168 165 165 170 173 171 167 158 149 144 150 167
1084 1006 932 821 721 728 827 923 994 1024 1011 985 962 949 954 975 1000 1018 1034 1044 1052 1049 1026 983 918 837 785 786 791 763 711 659 619 587 562 545 533 513 497 485 476 473 472 457 432 410 391 379 374 395 447 483 466 407 351 318 304 295 287 281 275 266 260 251 245 239 233 230 227 225 219 210 201 198 192 189 186 183 180 174 170 167 165 168 170 170 167 161 150 144 146 155
1094 973 881 774 698 758 914 1009 1024 1011 987 966 955 954 966 991 1017 1030 1033 1036 1038 1036 1021 984 924 850 796 794 805 792 752 695 645 610 587 570 552 528 498 475 455 442 433 422 410 396 385 376 373 385 413 436 426 382 339 315 301 293 287 281 272 266 257 252 246 240 234 231 228 225 219 210 201 195 189 186 183 180 176 173 168 167 165 164 164 165 167 161 155 149 146 146
1127 1034 961 848 734 749 886 985 1004 996 980 962 959 967 980 998 1016 1022 1022 1017 1017 1014 999 954 886 816 778 776 788 793 772 726 672 630 603 587 573 545 503 470 447 431 420 408 399 389 382 376 371 370 370 372 363 343 324 310 299 290 284 276 269 263 257 252 248 242 234 228 224 219 210 204 198 192 188 183 180 176 173 170 167 165 164 162 164 170 173 170 161 152 146 143
1183 1141 1096 1005 860 762 789 863 915 964 995 988 982 989 997 1005 1010 1010 1006 1003 1001 1000 985 945 884 819 768 751 758 767 757 727 685 646 615 595 583 554 508 468 445 429 415 405 397 388 380 374 368 362 353 350 344 332 318 305 296 287 279 273 266 260 254 249 243 237 231 225 219 213 207 203 198 195 191 186 180 174 171 168 165 162 161 159 164 173 179 173 164 154 146 140
1136 1105 1082 1044 946 800 705 712 775 862 942 983 993 999 1004 1002 997 989 982 980 985 987 975 949 908 851 786 746 737 735 729 713 691 665 634 604 583 554 512 473 446 430 415 406 397 388 379 371 362 356 353 350 343 330 314 302 293 284 276 270 263 257 251 243 237 231 228 222 219 215 209 203 198 197 192 186 180 176 171 167 164 159 155 155 158 164 170 167 158 152 143 137
955 923 904 887 837 746 670 674 738 798 858 933 976 988 995 996 989 979 966 961 969 973 959 924 883 838 793 753 720 698 689 692 692 681 655 620 589 557 517 478 450 433 419 409 397 388 377 368 360 356 353 344 333 319 309 300 291 282 275 267 260 252 246 240 234 231 225 222 218 213 207 200 194 189 186 180 176 174 171 167 161 158 153 152 152 155 158 158 154 146 140 137
727 704 690 678 661 657 689 765 853 889 894 935 978 991 996 996 994 987 977 971 963 942 901 848 801 775 760 736 697 665 659 676 693 696 682 654 613 569 524 485 460 441 428 415 403 391 379 368 362 356 347 333 320 312 309 301 291 282 273 266 258 252 244 238 234 228 222 219 213 209 201 195 189 183 179 174 173 173 171 167 164 158 155 152 149 152 155 158 154 146 140 137
624 624 622 609 598 617 677 765 868 942 965 974 978 963 940 925 918 919 923 918 888 827 752 694 670 676 700 714 704 686 680 694 715 727 728 704 653 599 556 521 484 458 442 429 414 399 385 373 364 353 339 325 315 309 306 300 291 281 273 264 255 249 243 237 231 226 221 216 210 204 198 194 189 183 179 174 173 174 176 173 167 161 155 152 152 152 155 158 155 146 140 137
630 642 655 645 624 618 627 650 707 797 856 861 831 787 744 719 706 709 716 717 693 647 599 572 569 590 633 680 714 729 728 731 746 763 764 744 699 654 633 603 542 488 461 445 429 409 393 378 362 348 333 320 314 309 304 297 288 279 270 261 253 246 240 234 229 225 219 213 207 201 198 194 191 188 182 177 176 179 181 178 173 167 158 155 152 152 152 155 152 146 140 137
626 636 655 665 664 670 675 657 626 635 662 661 640 620 609 601 593 588 587 587 580 574 575 579 577 578 592 622 659 703 741 763 776 785 784 770 740 712 700 668 594 515 472 448 427 407 390 373 356 340 328 320 315 309 303 294 283 276 267 259 252 246 240 234 228 223 218 212 206 201 198 195 192 188 185 182 182 182 179 176 176 173 163 155 152 152 152 149 149 146 140 137
608 611 617 626 646 683 731 755 724 683 662 660 680 711 733 737 723 698 679 662 639 616 610 621 639 653 650 629 619 638 698 764 798 803 796 785 766 742 717 671 592 512 463 433 410 393 376 362 349 337 326 320 315 309 301 291 283 276 268 261 253 246 240 234 228 222 218 212 206 201 197 194 191 188 182 181 179 176 170 170 173 175 167 158 152 152 149 146 146 146 140 134
626 626 620 605 600 619 680 768 826 838 829 834 861 885 896 893 873 836 794 762 729 690 652 640 667 716 749 736 690 643 644 705 773 805 806 795 774 751 722 665 567 483 442 415 397 380 368 357 346 334 326 321 315 309 300 292 285 279 271 264 255 247 240 234 228 222 216 212 206 200 197 194 188 185 182 178 173 167 164 164 166 167 164 157 152 149 146 143 143 140 137 131
669 672 663 639 613 596 609 685 793 854 862 865 886 906 909 911 917 902 868 839 821 796 747 688 666 712 783 824 805 733 663 663 727 785 803 792 772 747 707 635 536 462 429 407 389 377 366 357 346 337 329 324 318 309 300 294 288 279 273 264 255 247 240 232 225 219 215 209 204 200 194 191 188 185 181 175 167 164 161 161 158 158 158 155 152 149 146 143 139 137 134 128
777 793 770 710 660 616 587 610 686 742 736 719 751 814 854 880 913 928 914 890 885 887 863 800 737 746 811 866 877 835 761 716 730 773 789 776 750 711 648 569 500 459 439 420 400 385 371 360 349 341 335 329 321 312 303 297 288 279 273 264 256 249 240 232 225 219 213 207 203 197 194 191 185 182 179 173 167 163 161 160 158 155 155 155 152 149 143 140 137 134 131 128
992 1008 949 815 702 634 588 571 601 654 674 645 638 701 789 856 905 939 941 926 922 930 932 901 854 841 871 895 899 881 841 796 777 779 775 752 718 668 602 538 496 476 467 451 430 405 383 366 355 349 342 336 327 318 309 300 291 282 276 270 261 254 246 237 230 222 216 209 203 197 194 188 185 182 176 172 167 164 161 160 158 155 154 152 151 148 143 140 137 134 131 129
1110 1128 1067 903 733 647 603 571 565 605 658 653 608 617 704 815 894 940 956 954 951 951 953 947 927 907 899 897 887 870 845 815 791 777 764 746 719 682 635 589 547 520 507 496 474 439 406 384 373 365 358 349 339 330 318 306 297 288 284 279 273 267 261 254 245 236 227 215 206 197 194 189 185 182 176 173 169 164 161 161 158 155 152 151 149 148 146 143 140 137 131 131
981 1027 1020 913 756 674 644 611 573 572 619 644 615 582 616 728 849 920 952 961 958 955 952 944 927 903 883 864 840 818 802 788 777 769 766 761 745 721 691 658 623 589 561 542 530 500 454 419 400 390 381 372 363 353 335 318 305 300 297 291 288 288 287 281 272 260 247 229 212 200 194 191 187 182 179 175 170 167 164 161 158 155 152 151 149 149 146 143 140 134 131 128
