data_analyses/maxent/chelseacur_asc/bio_5.asc
ncols         195
nrows         278
xllcorner     -122.86680578405
yllcorner     43.49152724385
cellsize      0.0083333333
NODATA_value  -9999
[rows 0 to 41 of 278, columns 0 to 93 of 195]
263 264 264 265 265 265 265 265 266 266 266 266 267 267 267 264 263 264 264 264 264 264 264 264 265 265 265 265 266 267 267 267 267 268 269 269 269 269 267 266 266 265 265 263 262 264 264 264 265 265 263 261 257 251 244 241 244 249 253 259 262 261 257 252 250 251 252 255 256 256 254 252 251 253 253 250 243 235 227 223 231 232 226 217 222 231 242 239 241 233 224 217 222 228
264 264 264 264 265 265 265 266 266 266 266 266 267 267 267 265 264 263 263 264 265 265 265 265 265 265 265 265 266 267 267 267 267 267 267 267 267 267 267 267 266 267 267 266 265 265 264 263 262 265 265 263 260 256 253 248 247 250 255 256 258 261 260 257 254 250 248 248 249 252 255 252 251 248 248 252 246 235 230 225 224 226 222 214 224 233 233 230 234 225 219 219 222 230
264 264 264 265 265 265 266 266 266 266 266 266 267 267 267 265 264 263 264 264 264 264 264 265 265 265 265 265 265 266 267 267 267 267 267 267 267 267 267 267 267 266 265 265 265 264 264 263 263 264 266 265 263 261 257 251 248 249 252 250 251 259 260 260 258 255 251 245 242 247 252 248 249 245 238 238 248 247 245 239 233 226 226 218 219 225 236 236 232 239 234 234 228 226
263 264 264 265 265 265 266 266 266 266 266 267 267 267 267 265 264 264 264 264 263 263 264 265 265 265 265 265 265 266 267 267 267 267 267 267 267 267 267 268 268 267 266 267 266 265 265 264 264 264 267 267 265 262 258 254 249 246 246 244 250 258 260 260 258 254 250 246 239 241 246 243 242 242 231 231 241 232 242 244 236 237 234 222 225 233 239 242 237 246 244 240 238 236
264 264 265 265 265 265 266 266 266 266 266 267 267 267 266 264 264 264 264 265 263 262 263 264 265 265 265 265 266 266 267 267 267 266 265 267 267 267 268 268 268 268 268 268 268 266 266 266 267 267 266 266 267 264 262 258 253 246 242 244 249 255 258 258 258 256 253 248 239 235 236 238 233 234 224 229 235 220 233 245 244 234 224 218 228 237 242 246 247 248 239 239 246 248
264 264 265 265 265 265 266 266 266 266 266 267 267 267 267 266 265 265 264 265 265 264 264 264 265 265 265 266 266 267 268 268 267 267 267 267 267 267 268 268 268 268 269 269 269 269 268 267 266 265 264 264 267 266 263 259 255 249 243 240 244 250 255 256 256 256 255 252 248 245 243 242 235 225 214 224 231 215 229 241 242 233 222 220 225 230 235 241 250 250 250 252 250 247
264 265 265 265 265 265 265 266 266 266 267 267 267 267 267 266 266 266 266 265 265 265 264 264 265 265 265 266 266 267 267 268 267 267 267 267 267 267 268 268 268 268 268 268 269 268 266 265 265 265 265 263 262 265 264 260 256 251 246 241 241 245 250 255 254 252 254 249 247 244 241 238 233 223 212 216 220 223 230 227 232 228 228 232 236 232 238 243 248 255 253 252 250 246
264 265 265 265 265 265 266 266 266 266 266 267 267 267 268 266 265 265 266 266 265 265 264 264 265 265 266 266 266 267 267 268 268 267 267 267 268 268 268 268 268 268 268 268 269 269 267 266 266 265 264 262 259 259 259 259 256 249 243 239 244 251 254 255 250 249 245 250 248 241 233 227 222 216 210 208 223 224 227 217 222 221 234 242 248 244 242 249 253 255 254 254 252 250
264 265 265 265 265 266 266 266 266 267 267 266 267 267 268 267 266 266 266 266 266 266 266 266 266 266 264 265 267 267 268 268 268 267 267 268 268 268 268 268 268 268 268 269 269 269 266 266 266 266 265 261 257 255 252 251 249 245 242 239 243 249 254 251 244 244 243 240 245 247 243 238 233 223 217 213 224 237 240 225 226 219 231 240 244 248 252 254 255 255 252 248 241 237
264 265 265 265 266 266 266 266 266 267 267 267 267 267 268 268 267 267 267 266 266 266 266 266 266 267 265 265 268 268 267 268 268 268 268 267 267 268 268 268 268 268 268 269 269 269 266 266 265 265 263 260 257 255 252 253 252 250 249 247 243 248 252 251 245 236 237 235 231 237 242 234 227 224 230 226 233 244 237 235 235 227 238 232 241 248 250 258 259 255 256 255 252 245
265 265 265 265 266 265 266 266 267 267 267 267 267 267 268 268 267 266 266 268 268 267 266 266 266 267 267 268 267 267 267 267 268 268 267 267 268 268 268 268 268 268 269 269 269 269 266 266 266 266 263 261 259 256 257 259 257 256 255 250 245 244 249 249 244 234 227 223 220 223 232 236 236 239 239 236 242 247 240 242 230 226 228 229 230 237 247 254 261 263 260 257 251 249
265 265 265 266 266 266 266 266 267 267 267 267 267 268 268 268 268 266 265 265 266 268 269 268 267 267 267 268 268 267 267 267 268 269 268 268 268 268 268 268 268 268 269 269 270 269 267 267 266 266 264 265 263 259 260 263 262 260 256 251 245 240 241 243 240 240 238 230 222 226 234 241 246 249 246 243 249 248 246 236 229 238 236 238 243 239 241 252 259 264 257 250 251 255
265 265 265 265 266 266 266 266 267 267 267 267 267 268 268 268 268 268 266 265 265 266 267 267 268 268 267 267 267 267 267 267 268 268 268 269 268 268 268 268 268 269 269 269 270 270 269 268 267 267 267 267 266 261 261 266 265 261 255 251 248 246 244 245 248 253 248 241 234 231 229 236 245 252 251 250 254 249 241 235 239 245 243 243 244 252 244 246 256 262 256 259 256 247
265 265 265 265 266 266 266 266 267 267 267 267 267 268 268 268 268 269 268 266 266 266 266 267 267 267 267 266 266 267 267 267 267 268 268 269 269 268 268 268 269 269 269 269 270 270 270 269 268 267 268 267 265 266 269 269 266 261 255 251 248 247 248 251 254 258 255 249 247 245 237 234 244 253 254 255 255 250 248 240 243 245 246 251 254 254 256 252 256 264 262 257 252 252
265 265 265 265 266 266 266 266 267 267 267 267 267 268 268 268 269 269 269 268 266 266 266 267 266 266 266 266 266 266 267 267 267 268 269 269 269 269 269 269 269 269 269 269 270 270 270 270 270 269 270 268 268 270 267 262 260 259 255 250 247 250 254 256 259 261 257 256 256 251 241 236 243 250 258 258 253 252 254 249 249 251 244 246 253 261 259 259 265 262 255 253 249 241
265 265 265 266 266 266 266 266 267 267 267 267 268 268 268 268 269 269 269 269 269 267 267 267 267 266 266 266 266 266 266 267 267 268 269 269 269 269 269 269 269 269 270 270 270 270 270 270 270 270 270 268 268 269 263 255 253 251 248 246 247 254 259 261 264 262 260 261 259 255 249 242 249 256 260 259 259 258 260 258 254 255 254 254 254 262 259 265 263 253 252 250 240 234
265 265 265 266 266 266 266 266 267 267 267 268 268 268 268 269 269 269 269 269 269 268 268 267 266 266 266 266 266 266 266 267 267 268 268 269 269 269 270 270 270 270 270 271 271 271 271 270 270 270 270 270 269 266 263 260 257 254 252 253 254 258 263 265 266 264 264 263 261 258 253 247 251 257 261 260 261 263 263 259 256 255 259 258 263 267 265 262 255 251 245 238 235 240
264 265 265 265 266 266 266 266 267 267 267 267 268 268 268 268 269 269 269 269 269 267 267 268 268 266 266 266 266 266 267 267 267 268 268 269 269 270 270 270 270 271 271 271 271 271 271 270 270 269 270 269 269 269 268 265 262 259 260 259 260 263 266 266 263 262 264 261 257 254 255 257 258 258 260 263 263 265 263 260 257 254 259 267 267 259 258 253 247 242 241 238 239 243
261 264 265 265 266 266 266 267 267 267 267 267 268 268 268 268 269 269 269 269 269 268 266 267 268 268 267 267 267 266 267 267 268 268 269 269 270 270 270 270 269 270 270 271 271 272 272 271 269 266 266 266 268 269 270 268 266 265 265 265 266 267 269 268 263 260 258 255 256 257 261 261 260 260 260 259 264 266 265 261 257 252 258 268 265 259 255 251 244 239 243 243 244 246
259 261 262 265 266 266 266 267 267 267 267 268 267 268 268 268 268 269 269 269 269 269 268 267 267 268 268 268 268 268 268 268 269 269 269 269 270 269 269 270 270 270 270 270 270 270 272 272 272 272 270 269 268 269 269 268 267 265 266 269 270 270 268 265 265 262 257 255 261 262 264 261 260 260 259 259 260 264 268 263 259 253 257 265 267 259 255 248 244 245 245 246 252 254
260 256 258 259 265 266 266 267 267 267 267 267 268 268 268 268 269 269 269 269 269 269 269 268 268 267 267 268 268 269 269 269 269 269 269 269 269 269 269 269 269 269 269 269 270 270 271 271 272 272 272 271 270 269 269 269 268 267 269 271 269 266 265 264 263 262 260 262 267 268 266 265 264 263 261 260 260 265 268 263 260 258 259 267 269 261 255 244 244 247 246 253 260 264
260 255 253 255 258 264 267 267 267 267 267 268 268 268 268 268 269 269 269 269 270 270 269 269 269 269 269 268 267 267 267 267 267 267 268 268 268 268 268 268 268 269 269 270 270 271 270 270 271 272 272 272 272 271 270 270 270 270 273 272 270 269 270 269 270 270 272 270 271 272 273 272 272 270 268 262 262 266 269 265 262 262 268 270 270 262 257 251 247 245 250 255 263 268
259 255 251 250 252 257 264 267 267 267 267 268 268 268 268 269 269 269 269 269 270 270 270 270 270 271 271 271 270 268 267 267 267 267 268 268 268 268 268 268 269 269 269 270 270 270 271 271 271 270 270 272 273 272 272 271 270 270 271 274 274 273 273 274 271 268 268 273 272 270 272 274 274 274 272 269 268 271 271 268 271 271 271 266 261 256 253 250 249 253 262 253 262 273
255 256 254 251 251 256 258 260 266 267 268 268 267 268 268 269 269 269 269 269 270 270 270 270 271 271 271 271 271 272 272 271 270 269 269 269 269 269 269 269 269 269 269 270 270 270 271 271 271 271 271 270 270 273 273 271 270 270 270 271 273 275 275 272 270 268 268 267 263 262 263 264 267 271 274 274 274 274 273 271 269 269 266 262 261 258 252 254 264 268 271 267 271 277
256 253 253 252 250 253 253 254 258 266 268 267 267 267 268 268 269 269 269 270 270 270 270 270 271 271 271 271 272 272 272 273 273 273 273 272 272 271 271 270 270 270 270 270 270 271 271 271 271 271 270 268 266 267 272 273 271 271 270 270 270 271 275 274 271 269 268 267 266 265 264 262 263 264 269 270 273 271 269 266 266 267 266 265 262 255 259 266 271 275 279 279 282 284
259 257 255 256 252 249 249 251 255 261 268 268 267 266 267 268 268 269 269 270 270 270 270 271 271 271 271 271 272 272 272 272 273 273 273 273 274 274 274 273 273 272 272 271 271 271 271 270 269 268 267 264 265 266 270 274 274 273 271 271 271 270 273 274 272 272 270 269 269 268 267 266 265 265 264 263 264 267 270 268 267 268 270 268 271 270 275 279 282 283 285 285 285 286
261 260 259 259 257 253 251 249 252 255 260 267 268 267 266 267 267 268 268 269 269 270 270 271 271 271 271 271 272 272 272 272 273 273 273 273 273 274 274 274 274 275 275 275 274 273 273 272 269 268 266 265 269 271 274 276 277 277 277 277 277 277 278 277 277 276 275 273 272 270 269 268 267 268 267 265 266 265 266 263 262 270 275 277 280 283 284 284 285 285 285 285 285 282
261 262 262 262 261 260 257 252 249 251 253 257 266 268 268 268 267 267 267 268 268 268 269 269 270 270 271 271 272 272 272 272 273 273 273 273 274 274 274 274 274 274 275 275 275 275 276 276 276 274 273 274 275 276 277 277 278 278 278 278 278 278 278 279 278 278 278 276 273 272 271 270 271 270 271 270 268 267 263 261 267 279 282 283 284 284 284 284 284 282 279 274 264 254
262 261 261 261 260 260 258 254 250 249 251 254 259 267 269 269 268 269 269 269 267 267 268 268 268 269 269 270 270 271 272 272 272 273 273 273 274 274 274 274 275 275 275 275 275 275 275 276 276 277 277 277 277 277 277 278 278 278 279 279 279 279 279 279 280 280 280 280 278 274 272 272 274 272 270 268 267 269 268 270 278 283 284 284 283 280 271 263 262 261 253 255 254 253
262 262 262 261 260 260 259 258 253 248 249 251 256 260 266 269 269 269 269 270 268 267 267 267 268 268 268 268 269 270 270 271 271 271 272 273 273 274 274 274 275 275 275 275 275 276 276 276 276 277 277 277 277 277 278 278 278 278 278 278 279 279 280 280 280 280 280 280 281 281 280 278 278 274 273 273 274 277 279 283 283 283 283 281 274 264 253 247 244 246 244 243 245 242
262 262 262 261 261 261 262 260 257 254 249 250 252 256 255 262 269 270 270 270 270 268 268 268 268 268 268 268 268 268 269 269 270 270 270 270 271 272 273 273 274 274 275 275 275 276 276 276 276 277 277 277 277 277 278 278 278 278 278 278 279 279 279 280 280 280 280 280 281 281 281 281 282 282 282 282 282 283 283 283 283 282 277 265 257 254 248 246 245 244 242 238 235 234
262 262 262 262 262 262 262 260 258 257 256 253 250 253 252 255 261 269 270 270 270 270 269 268 268 268 269 269 269 268 268 268 269 269 269 269 268 270 270 271 272 272 273 273 274 274 275 275 276 276 276 277 277 277 277 278 278 278 278 278 279 279 279 280 280 280 281 281 281 281 281 282 282 282 282 282 282 282 282 281 276 271 264 263 256 253 250 249 246 241 236 232 226 228
262 262 262 262 262 262 262 259 258 258 259 257 253 251 254 255 257 263 268 269 270 270 271 270 269 269 269 269 270 270 269 269 270 270 270 270 270 269 269 270 270 270 271 272 272 273 273 273 274 274 274 275 275 276 276 276 275 275 277 273 270 270 270 271 275 276 276 275 274 273 273 272 272 276 270 274 277 275 270 267 262 260 256 256 254 251 248 246 245 240 234 227 220 225
262 262 263 263 263 263 262 262 261 261 259 257 255 250 252 257 258 258 260 266 269 270 270 271 270 269 269 270 269 269 269 269 269 269 269 269 269 269 269 270 270 269 269 270 271 272 272 273 273 273 274 274 274 273 273 273 273 275 276 277 271 270 268 268 270 270 270 269 269 270 268 268 267 266 265 265 265 266 262 261 260 257 252 249 252 251 246 244 244 240 233 226 219 217
263 263 263 263 263 263 263 264 263 262 260 259 255 253 252 252 253 255 258 263 267 269 269 271 271 270 270 270 269 270 269 269 267 268 269 269 269 269 270 270 270 270 270 271 271 272 272 272 273 273 273 272 272 272 272 272 273 275 275 277 274 273 273 275 274 272 271 270 269 271 271 271 269 267 265 260 261 263 262 261 259 257 254 251 251 249 247 245 243 240 237 233 228 226
263 263 263 263 263 264 264 264 263 262 261 260 257 255 254 254 254 256 257 261 263 267 269 271 271 271 271 270 270 270 270 268 265 267 269 269 270 270 269 269 270 270 271 272 272 272 272 272 273 273 272 272 272 272 273 273 273 274 274 276 276 276 276 278 275 273 272 271 270 271 271 269 268 268 267 265 265 262 260 259 258 256 255 254 253 250 247 248 245 242 239 236 235 234
263 263 263 263 263 264 264 263 263 263 261 261 260 258 259 258 255 255 257 257 260 263 269 271 271 271 271 270 270 270 270 269 269 270 269 270 269 269 269 270 270 271 272 272 272 272 272 272 272 271 271 272 272 272 272 272 272 273 273 273 274 274 272 277 277 275 275 278 275 273 272 270 268 265 264 264 263 262 261 259 259 259 257 255 253 252 251 249 245 243 241 240 239 240
263 263 263 264 264 264 264 264 265 264 263 264 263 262 263 263 262 261 258 254 256 261 266 271 271 271 271 271 270 270 269 270 270 270 270 270 269 269 270 271 271 271 271 271 271 272 272 271 272 272 271 272 272 272 272 272 271 271 272 273 273 272 271 270 272 275 275 278 278 277 279 273 270 268 268 269 268 267 265 262 260 257 255 254 252 251 249 247 245 246 245 245 247 253
262 263 263 264 264 264 264 265 265 265 265 265 264 264 265 264 264 264 263 260 256 260 267 271 272 272 272 271 271 270 269 269 270 270 270 270 270 271 271 271 272 271 267 266 268 272 270 271 272 272 270 265 269 272 272 272 271 271 271 271 271 271 270 270 270 269 270 274 275 278 276 271 270 270 268 267 266 264 263 261 258 256 253 252 250 250 248 244 239 242 245 251 257 262
263 263 263 263 264 264 264 264 265 265 265 264 265 265 265 264 264 263 262 262 261 262 267 271 272 272 271 272 270 269 269 269 269 270 270 271 271 271 271 271 271 271 270 269 271 270 268 268 270 270 267 264 267 270 272 271 271 271 271 271 271 270 270 270 270 270 270 270 276 277 271 268 267 267 267 266 265 264 263 261 258 255 253 249 248 248 247 244 241 246 254 261 265 267
262 262 261 262 263 263 263 264 264 265 265 265 265 265 265 264 264 263 262 261 263 264 266 271 272 271 271 272 271 270 269 269 269 270 270 271 271 270 269 269 270 269 267 267 270 270 270 270 269 268 265 264 265 267 270 271 272 271 271 271 271 270 270 270 270 270 270 269 273 278 274 271 268 267 266 266 265 264 263 260 258 255 252 248 246 246 247 245 246 255 264 268 265 264
258 260 262 263 262 261 263 264 265 265 264 264 265 265 264 263 262 261 262 263 263 264 264 268 272 271 271 272 271 271 271 270 270 271 271 271 268 266 264 263 265 263 264 267 269 270 271 270 267 264 264 263 263 264 269 270 271 272 272 271 271 271 271 271 270 270 270 270 269 272 275 277 276 271 268 266 264 263 262 261 259 256 253 252 249 249 250 251 253 265 267 265 263 258
