data_analyses/maxent/chelseacur_asc/bio_19.asc
ncols         195
nrows         278
xllcorner     -122.86680578405
yllcorner     43.49152724385
cellsize      0.0083333333
NODATA_value  -9999
[rows 123 to 163 of 278, columns 93 to 185 of 195]
872 735 685 677 677 686 689 681 666 654 645 630 611 601 601 610 619 636 689 772 849 896 913 911 899 867 803 713 635 598 623 702 771 784 741 664 598 568 563 561 559 560 561 568 582 595 612 642 661 654 630 598 564 529 505 495 473 436 405 387 377 367 352 331 315 303 293 284 275 263 254 248 242 233 224 218 214 211 205 204 204 201 198 192 189 190 190 177 164 156 150 149 152
713 660 662 678 688 721 763 766 725 679 652 637 627 618 608 608 620 644 683 740 815 892 951 983 991 979 941 857 740 641 600 630 685 708 684 644 610 595 605 623 632 633 626 615 611 620 639 657 657 647 626 603 578 553 532 513 471 418 377 353 344 343 343 331 316 303 291 281 272 263 251 245 236 227 224 226 227 224 220 217 213 204 195 186 181 181 180 172 164 156 150 144 138
669 670 701 728 750 805 874 883 820 762 728 701 679 660 644 636 651 681 699 694 695 735 822 923 988 1010 1003 959 863 740 646 617 644 679 668 634 612 611 634 655 657 643 623 599 577 564 562 562 558 554 546 534 518 491 458 427 393 359 343 337 335 338 335 326 313 300 288 279 269 260 251 245 236 233 233 239 242 239 233 229 220 205 193 186 184 184 186 183 177 174 171 168 162
764 776 830 864 887 943 1012 1021 969 915 877 828 768 724 698 678 681 703 737 765 752 703 697 773 885 965 997 994 954 867 759 674 653 685 695 672 641 623 613 594 568 544 528 512 500 485 469 455 448 444 438 429 417 399 380 368 374 386 387 381 380 378 366 348 331 313 300 289 279 269 261 254 251 248 251 255 255 251 245 242 230 215 205 199 194 190 189 186 181 180 180 177 171
965 985 1038 1060 1064 1092 1130 1139 1115 1088 1066 1017 944 874 812 766 751 743 741 781 823 783 688 658 721 810 880 926 952 936 878 786 709 698 711 696 651 600 558 521 497 482 473 461 451 439 427 418 409 399 393 387 383 384 390 411 450 475 469 443 427 416 403 387 368 341 319 306 295 286 279 273 273 273 274 276 270 261 255 245 229 211 199 188 178 169 166 162 156 156 154 150 144
1138 1155 1173 1159 1142 1148 1167 1164 1149 1143 1146 1139 1116 1068 990 926 910 877 807 768 800 813 754 677 642 662 703 761 836 899 915 874 807 774 759 713 633 567 532 527 537 543 534 511 484 465 461 466 463 451 445 445 448 450 456 474 499 509 491 464 443 431 422 415 397 366 334 316 305 296 292 289 292 298 301 298 291 279 264 243 220 199 181 170 166 163 159 150 142 138 135 132 127
1150 1167 1164 1143 1124 1130 1139 1129 1106 1103 1117 1135 1152 1149 1118 1087 1080 1041 949 876 863 877 871 819 750 711 687 668 706 789 852 874 868 856 828 763 670 606 596 624 658 668 651 618 580 558 564 578 568 540 512 490 475 462 456 451 448 442 433 427 428 432 431 425 409 376 345 327 317 305 296 289 288 295 304 307 303 294 279 255 230 212 199 193 193 190 180 163 151 144 139 138 138
1031 1057 1071 1070 1067 1079 1089 1083 1068 1064 1072 1086 1104 1117 1129 1136 1139 1116 1073 1039 1021 1011 1008 982 932 894 848 768 715 733 785 827 842 827 791 739 677 635 638 666 688 689 684 673 653 642 647 640 597 535 482 438 408 392 383 377 371 365 360 364 379 404 425 429 415 388 363 346 335 320 301 282 264 258 264 270 276 283 282 270 254 237 227 224 227 221 208 190 172 159 150 150 153
824 856 901 943 976 1007 1032 1048 1054 1053 1053 1052 1055 1061 1074 1093 1102 1104 1098 1081 1059 1039 1027 1016 999 982 957 902 840 809 812 812 785 735 683 640 605 580 566 568 568 566 573 580 582 582 576 545 492 440 405 386 374 370 368 368 368 365 361 357 354 364 395 422 422 403 379 359 341 325 303 278 248 224 215 213 221 236 251 255 245 224 211 211 221 227 224 211 190 168 153 150 153
668 686 729 783 829 867 914 969 1000 1004 993 980 974 977 994 1020 1038 1043 1024 976 929 910 900 881 864 858 867 874 865 847 827 801 751 688 638 605 578 551 525 509 496 484 478 473 470 465 453 434 415 405 405 407 404 402 405 411 415 412 401 395 383 368 371 404 418 404 377 349 324 305 288 269 246 224 209 200 194 197 203 209 205 188 176 175 187 209 221 218 202 180 159 147 144
665 649 649 664 679 700 737 794 833 833 813 797 793 803 839 899 942 938 903 849 809 791 768 733 701 693 714 740 763 781 798 804 775 724 677 640 613 591 570 554 539 518 496 470 449 435 431 434 440 455 469 469 454 442 440 446 453 447 435 427 424 403 378 383 399 395 374 345 314 289 272 260 251 243 237 228 216 206 197 191 184 175 167 160 160 175 196 205 205 196 178 166 159
751 699 665 648 636 630 634 651 666 660 647 640 640 643 666 728 789 812 826 850 871 875 851 806 757 728 723 734 762 803 846 872 856 814 769 725 687 660 645 632 616 598 571 532 499 488 499 508 507 513 522 516 498 480 468 469 475 476 468 456 441 413 369 340 341 352 361 352 330 300 276 258 249 249 252 246 233 216 203 191 182 172 164 158 154 154 160 168 178 187 187 181 174
910 821 754 707 673 648 631 627 630 630 630 635 638 622 604 618 668 738 821 900 962 995 990 955 908 867 844 838 864 908 938 945 923 890 854 819 782 749 727 702 677 655 638 617 602 609 626 612 567 533 524 525 520 509 497 491 492 490 478 457 419 363 310 278 267 282 316 343 343 326 301 274 255 246 240 231 221 206 194 182 176 172 169 167 163 157 154 148 148 156 163 160 154
1067 986 892 802 729 681 655 649 660 674 692 715 721 685 629 599 622 685 759 835 908 948 939 904 866 834 805 799 838 908 959 970 952 920 891 870 852 828 799 764 726 687 663 661 678 705 719 689 626 570 546 538 533 521 504 492 489 475 439 395 347 294 265 253 246 242 261 298 325 334 325 304 280 262 246 231 219 206 194 185 182 182 182 181 175 169 160 151 145 141 139 136 135
1087 1037 957 859 768 711 685 682 705 750 813 880 899 824 711 632 605 628 665 709 759 781 757 727 717 717 702 687 709 780 881 950 961 938 912 894 883 866 840 809 762 694 640 623 645 686 724 726 691 643 600 562 531 506 485 463 437 406 360 313 288 280 285 288 275 254 239 246 273 304 322 320 305 287 271 258 243 225 210 200 194 188 185 181 173 166 159 151 145 139 133 130 130
955 909 866 831 797 760 729 715 741 809 898 985 1034 980 852 724 636 630 672 705 721 717 679 644 655 699 737 732 686 677 769 900 961 956 934 915 897 871 835 792 735 656 585 554 562 610 676 720 720 686 633 574 522 485 456 414 364 322 301 303 317 332 340 335 311 278 245 224 225 252 285 307 311 304 293 280 265 249 234 222 206 191 179 172 166 160 154 151 144 138 133 129 126
826 804 798 822 865 876 822 765 778 844 897 934 983 1014 972 856 718 661 717 793 848 861 812 728 679 706 780 833 783 692 709 834 933 956 943 924 891 832 758 695 645 597 557 535 520 537 603 678 708 689 639 578 522 481 438 382 324 291 297 338 383 400 389 362 323 284 251 227 212 213 234 265 289 301 299 292 278 266 256 244 228 213 197 182 172 163 157 148 142 139 136 132 127
821 847 873 922 998 1042 961 868 899 989 1012 986 987 1006 998 917 763 661 702 823 936 996 981 893 804 760 783 853 867 784 723 770 861 918 930 911 862 777 690 637 607 582 560 533 504 490 531 616 672 672 631 576 528 492 454 401 346 306 298 341 402 431 423 380 325 287 262 239 219 204 203 215 237 261 280 289 283 274 265 258 247 237 225 212 200 185 172 160 148 145 142 139 135
826 905 992 1075 1146 1177 1107 1043 1096 1173 1172 1133 1106 1060 968 840 704 628 656 767 890 982 1025 1009 959 904 868 882 905 873 809 788 822 871 886 857 795 729 679 652 625 582 536 504 480 467 484 548 617 642 618 572 529 500 476 446 406 357 312 319 379 427 432 393 338 302 281 257 236 216 201 194 195 210 234 256 271 274 268 259 252 246 240 231 221 208 194 178 166 156 150 147 142
796 908 1030 1142 1218 1246 1215 1193 1215 1230 1208 1181 1153 1077 912 728 624 597 633 715 791 852 902 928 928 915 898 890 898 908 909 896 886 884 851 772 694 650 626 606 579 549 524 512 499 483 475 501 558 602 599 560 523 498 483 469 444 391 326 315 360 405 416 387 341 312 297 279 260 239 221 206 194 188 191 207 237 259 264 255 247 246 243 236 227 218 206 194 181 169 159 153 147
762 866 982 1108 1212 1250 1230 1204 1200 1193 1176 1155 1108 1003 819 651 590 590 642 737 797 802 802 812 815 815 825 851 890 931 958 961 945 920 861 756 668 632 618 607 604 606 613 603 569 530 497 488 512 562 581 553 517 495 486 469 429 364 314 318 359 392 406 385 342 312 300 294 285 271 255 236 216 200 188 182 200 231 250 246 235 234 237 234 227 221 212 203 193 181 169 160 153
724 793 902 1054 1187 1234 1203 1154 1124 1108 1106 1095 1008 857 705 619 591 587 628 732 836 878 881 883 882 877 886 911 938 952 946 924 905 902 889 828 757 724 711 711 717 724 721 692 639 573 516 479 475 525 566 559 529 508 493 469 411 336 310 339 386 420 426 393 343 309 295 292 289 280 270 252 230 212 194 179 179 198 216 213 201 195 203 208 206 200 197 194 191 184 178 169 157
730 763 854 1010 1150 1208 1192 1149 1098 1042 1010 969 859 721 653 639 621 597 594 646 749 847 909 943 958 958 951 940 920 896 866 838 831 852 880 860 795 740 713 698 697 701 699 679 642 589 526 470 442 472 532 562 551 533 512 471 402 341 339 375 420 454 444 390 334 303 285 273 261 252 243 231 215 201 188 176 168 170 174 170 161 158 158 161 161 158 155 157 160 163 160 157 148
800 792 824 915 1027 1104 1130 1113 1067 995 913 816 711 657 676 697 673 633 597 590 624 688 752 804 835 846 843 825 803 794 795 794 800 829 858 826 733 652 609 583 573 577 584 584 576 560 523 473 430 427 472 526 542 530 500 442 383 368 392 420 447 459 425 364 315 285 266 249 234 223 213 207 198 191 182 173 165 159 155 155 152 149 146 140 137 133 130 130 133 133 132 129 126
952 882 823 815 856 910 941 939 907 855 780 701 657 666 711 743 728 688 645 612 596 594 612 642 666 683 695 702 718 748 782 806 828 860 871 817 713 628 588 565 552 540 534 530 529 528 514 486 455 427 423 445 465 459 425 376 363 402 444 462 470 450 394 333 291 267 252 240 229 220 213 207 200 192 185 176 168 162 158 158 155 155 149 146 143 139 136 131 130 130 124 121 118
1140 1036 922 847 806 787 776 767 745 711 675 661 690 743 778 786 777 748 711 674 638 609 594 594 599 605 617 648 704 760 792 816 855 898 905 846 759 713 699 681 657 626 597 575 564 555 539 518 496 463 423 395 383 371 347 329 350 415 464 484 479 440 378 323 290 270 258 249 243 237 231 223 213 201 191 182 176 173 170 164 158 157 157 157 157 151 145 139 136 133 130 127 127
1211 1160 1085 1006 918 826 766 735 717 696 672 674 741 824 849 830 815 801 777 735 686 648 627 623 619 608 602 618 676 749 793 809 838 890 908 858 794 783 794 783 747 702 655 620 605 597 578 547 519 491 457 414 371 341 325 316 343 408 464 481 469 428 375 333 306 291 279 271 268 266 260 250 234 216 203 194 185 179 173 167 161 163 166 166 160 154 148 145 142 142 138 136 136
1147 1149 1146 1124 1050 927 822 781 781 773 730 705 771 855 874 862 851 847 830 786 724 676 657 659 658 637 609 596 621 689 764 806 840 886 902 856 794 769 770 756 728 693 661 633 619 616 604 572 528 486 455 418 378 350 334 325 343 404 460 476 456 415 376 346 329 317 307 295 289 284 278 268 253 237 221 206 188 176 167 166 167 170 172 166 160 154 151 151 153 150 145 142 141
1005 1018 1038 1066 1068 1002 928 921 940 904 808 740 796 877 888 892 904 913 899 845 770 712 691 699 706 675 625 595 587 626 716 816 880 911 902 860 811 776 752 721 690 665 650 637 625 616 608 586 539 480 440 418 402 383 356 335 359 424 469 476 449 406 367 343 331 323 313 299 289 283 278 269 256 246 228 206 184 170 167 170 175 173 172 169 163 160 157 157 156 151 148 145 142
848 858 866 900 940 952 972 1028 1053 985 843 750 815 909 927 939 966 994 1002 959 878 809 774 778 782 738 661 607 586 593 659 781 879 895 856 814 790 780 768 744 706 665 634 618 606 594 585 567 533 486 465 477 480 445 381 345 391 464 494 482 440 387 348 321 309 300 292 283 277 277 271 258 240 225 213 194 179 173 173 178 179 176 175 172 169 166 160 157 154 151 148 145 142
763 770 768 777 796 819 863 933 965 907 786 722 812 930 972 991 1021 1060 1086 1075 1025 966 925 917 915 849 728 633 596 587 615 702 800 819 768 720 703 707 719 721 703 656 605 574 565 560 550 532 508 486 492 526 541 498 409 363 419 496 516 492 437 382 342 315 297 285 279 270 264 256 244 231 216 204 197 188 182 181 182 184 184 181 178 175 169 163 160 157 154 151 148 148 148
779 814 838 827 801 787 795 824 833 790 714 697 807 939 998 1028 1052 1080 1103 1103 1081 1049 1027 1023 1016 944 795 667 620 605 609 647 708 733 709 676 654 645 649 660 657 626 573 528 508 505 499 487 473 463 473 507 535 510 428 382 438 509 527 498 443 387 348 320 297 282 271 262 253 238 223 216 210 201 195 191 188 187 187 187 188 187 184 178 172 163 157 155 154 151 151 154 152
868 962 1025 1004 947 906 889 887 860 797 721 710 807 927 991 1018 1032 1040 1042 1033 1020 1013 1022 1036 1028 962 836 720 666 646 643 651 668 678 675 664 651 639 633 631 623 601 560 506 472 457 449 441 434 426 430 446 474 477 434 397 444 512 525 495 440 388 354 327 303 285 271 261 249 235 225 219 215 207 200 197 193 190 190 191 194 194 191 185 178 169 160 155 154 157 157 160 151
996 1104 1142 1098 1056 1024 996 985 968 903 798 749 795 864 907 933 935 928 921 917 924 954 993 1011 992 944 881 816 759 720 698 684 669 659 651 647 642 633 622 613 600 584 551 503 463 442 431 419 408 401 393 393 400 412 406 397 440 505 521 492 437 387 355 331 310 292 276 261 247 238 235 237 234 227 218 209 203 199 196 197 197 200 197 194 188 176 163 157 157 160 160 155 142
1060 1126 1085 1006 972 949 924 935 979 972 886 815 809 827 844 858 853 839 834 840 856 887 917 922 905 906 923 919 882 826 766 732 717 708 699 694 682 657 631 607 590 568 534 491 460 442 428 415 402 393 384 374 365 368 377 390 436 495 515 488 431 379 349 327 307 289 273 256 246 249 262 277 283 277 261 243 227 218 212 209 206 203 200 198 194 182 169 160 157 157 151 142 133
1001 1005 947 872 822 800 799 828 894 945 938 909 905 910 913 906 888 864 850 846 842 835 825 809 807 853 923 970 974 931 867 840 838 820 792 765 727 669 612 577 553 531 503 475 457 442 431 419 405 395 386 374 362 356 365 387 433 486 511 489 436 383 349 325 304 285 268 255 249 261 292 323 338 332 313 286 261 240 228 222 213 206 200 197 192 185 173 163 156 148 139 130 133
915 877 836 802 786 803 821 828 857 909 957 987 1004 1012 1006 995 975 949 925 911 901 883 859 832 827 868 935 990 1014 1003 969 951 939 903 844 782 717 641 574 530 505 487 470 457 448 443 437 425 404 390 381 372 362 356 359 380 423 479 511 501 457 405 359 326 301 281 268 258 252 264 298 335 353 353 338 311 280 253 234 222 212 203 194 191 188 185 178 169 160 154 142 133 139
972 934 892 874 901 949 957 928 916 938 978 1013 1030 1030 1022 1019 1020 1013 1005 1000 1002 1003 995 972 952 959 989 1017 1029 1025 1000 970 945 905 845 776 715 657 599 545 503 476 461 449 440 440 438 422 399 386 377 368 359 355 358 373 410 471 511 510 476 427 378 336 308 289 277 267 258 260 279 316 341 347 338 314 284 250 225 210 201 194 191 188 188 188 187 181 175 163 145 139 151
1111 1066 1004 998 1036 1070 1051 991 952 957 990 1010 1014 1008 1001 1009 1026 1043 1053 1061 1072 1083 1082 1065 1041 1023 1023 1028 1028 1012 972 922 879 834 782 731 684 642 600 552 514 493 478 460 443 434 426 410 395 386 377 365 356 352 359 379 415 468 511 513 488 452 412 373 342 315 299 286 274 264 263 282 308 323 320 302 272 240 212 197 194 191 187 182 182 185 185 182 172 155 139 136 151
1172 1076 975 965 1003 1031 1022 971 914 909 950 974 978 978 980 992 1017 1042 1059 1073 1083 1085 1079 1066 1047 1029 1019 1016 1013 993 941 870 801 739 686 639 598 564 541 524 514 502 484 461 438 423 413 401 392 383 374 362 350 343 352 382 422 471 507 507 489 470 446 422 395 368 345 326 308 288 269 261 270 280 283 271 246 221 200 194 194 193 184 172 166 166 166 166 157 142 133 133 139
1180 1093 977 920 909 917 928 918 874 844 861 890 916 944 956 964 971 978 991 1011 1019 1011 998 995 996 992 983 985 991 980 937 863 783 716 663 613 573 554 547 546 536 509 473 443 423 411 402 393 386 377 368 355 343 333 336 366 412 460 490 491 477 465 455 444 432 419 400 381 359 331 298 270 255 248 243 234 221 206 197 197 200 191 178 163 157 157 154 151 142 135 135 135 130
