data_analyses/maxent/chelseacur_asc/bio_5.asc
ncols         195
nrows         278
xllcorner     -122.86680578405
yllcorner     43.49152724385
cellsize      0.0083333333
NODATA_value  -9999
[rows 84 to 125 of 278, columns 94 to 187 of 195]
265 266 261 258 248 236 230 223 220 215 211 208 205 214 219 219 217 224 238 244 232 226 223 217 215 220 227 232 235 237 238 237 239 239 236 238 238 236 236 238 237 236 235 234 233 237 237 232 229 226 225 225 229 228 224 224 227 230 235 238 242 246 248 248 247 246 248 250 247 247 247 248 248 249 250 252 253 254 256 257 259 262 263 264 268 270 270 271 272 272 273 274 274 275
262 265 262 260 256 252 249 245 245 239 236 232 221 216 216 222 225 226 243 245 236 229 227 222 223 225 232 236 237 239 231 233 238 238 235 235 235 233 233 237 238 237 237 237 236 238 238 233 229 227 225 220 221 223 223 225 230 232 233 235 239 242 248 251 251 251 248 251 250 250 249 250 250 251 252 250 252 253 253 256 258 259 260 262 265 266 268 270 270 271 272 273 274 275
262 265 266 262 260 259 257 257 257 258 256 253 247 239 224 223 233 231 242 250 243 240 240 238 243 243 241 244 243 236 227 229 236 238 236 234 233 232 232 236 236 236 237 237 237 238 237 232 227 221 218 215 219 221 223 226 227 227 228 232 239 242 246 249 253 252 249 251 253 253 253 252 252 253 254 254 254 252 251 252 253 251 250 256 261 258 259 263 264 265 269 270 272 273
258 261 266 264 265 263 261 259 258 256 254 255 255 252 244 240 245 248 251 252 252 251 249 248 241 239 241 238 234 231 228 230 235 237 237 236 235 233 234 236 235 235 235 235 235 234 233 227 223 217 209 213 217 218 219 219 218 225 230 237 241 244 248 250 253 254 252 250 254 255 255 254 253 254 255 256 257 258 257 259 260 259 257 256 252 251 254 258 260 264 261 262 265 267
258 261 264 266 265 261 255 248 252 250 249 248 248 250 253 251 253 252 250 246 245 249 247 243 239 237 238 236 233 230 226 224 229 234 236 237 236 235 235 234 234 233 232 232 231 225 223 220 219 214 205 208 212 215 215 217 222 231 236 232 235 242 247 248 251 253 255 254 255 255 255 255 255 255 255 255 256 258 259 258 259 261 260 259 256 253 249 250 253 254 254 255 258 261
256 260 263 266 264 260 255 245 242 245 244 240 238 238 242 244 247 245 239 237 236 240 241 241 244 246 246 244 238 233 228 224 228 233 233 235 235 232 233 232 231 230 228 228 228 222 216 218 220 217 208 205 209 217 221 226 231 232 226 218 227 237 242 245 249 253 255 257 257 256 256 257 258 257 257 259 258 259 260 259 259 261 261 261 259 252 248 248 252 255 256 257 261 265
257 260 263 264 263 261 257 249 239 231 231 226 225 223 227 232 239 235 232 232 232 235 239 233 234 238 243 243 237 232 228 229 229 229 229 232 232 229 229 230 229 227 225 225 226 226 223 221 225 225 219 216 214 215 217 221 220 222 222 224 229 234 236 242 248 254 257 257 259 257 256 257 257 258 259 261 261 262 262 260 261 262 262 257 253 251 248 250 253 254 257 260 263 262
257 258 264 262 261 259 257 254 243 231 225 216 219 225 228 228 234 234 233 233 234 235 235 226 230 236 239 238 232 228 225 226 227 226 227 228 227 224 225 229 226 225 222 221 223 226 228 226 226 228 229 226 223 220 219 215 214 219 221 228 240 243 240 242 248 253 256 258 259 257 256 255 256 257 259 260 261 262 262 261 262 263 261 259 257 258 250 250 251 248 251 252 257 260
255 257 263 257 256 255 255 250 241 235 230 231 236 240 238 232 232 234 234 235 237 238 236 227 230 236 238 234 230 226 225 225 223 224 223 223 223 221 222 222 224 224 221 217 221 225 228 230 231 231 231 233 231 229 229 228 226 226 228 233 242 249 249 247 249 251 255 257 260 259 258 257 256 257 258 259 260 261 262 263 263 263 264 264 263 260 254 249 250 253 255 258 258 263
252 259 263 262 261 260 259 255 251 247 242 242 251 256 256 248 245 241 239 236 240 239 241 231 230 234 236 235 226 222 222 222 223 223 222 222 221 224 227 226 225 226 225 224 225 227 229 230 232 235 236 237 236 236 237 237 237 237 236 240 246 251 253 252 253 254 255 256 260 260 260 258 257 257 258 259 260 261 262 264 264 264 264 264 264 262 258 255 254 252 254 256 257 258
252 261 260 256 256 251 251 254 258 259 258 255 256 251 248 249 251 252 255 248 249 251 246 240 234 236 235 233 225 216 217 220 219 219 216 217 220 225 228 232 232 230 231 231 232 233 234 235 234 236 239 241 239 239 239 240 240 237 235 238 240 247 252 255 256 257 258 258 261 261 260 260 259 258 259 261 261 261 261 263 261 260 260 262 262 261 262 260 257 255 257 258 262 263
245 252 259 257 256 253 249 244 247 249 253 250 246 237 239 239 242 245 249 255 258 258 257 251 240 239 239 233 227 215 216 221 220 218 217 218 220 226 228 232 235 235 236 237 237 237 238 238 238 239 240 243 242 244 243 241 238 239 238 240 237 246 251 255 258 259 260 260 261 262 261 261 261 261 261 262 262 262 263 261 258 253 254 256 256 258 261 261 261 263 264 264 264 264
250 253 258 258 255 253 248 241 238 242 242 237 239 228 223 224 229 234 238 244 245 256 258 255 247 243 240 236 232 226 220 224 225 221 223 226 225 226 230 233 235 236 237 239 238 238 242 242 240 242 243 245 244 247 244 241 242 241 240 240 235 242 249 254 257 259 260 261 261 261 263 262 261 262 262 262 262 262 263 261 256 253 249 248 252 254 256 261 264 266 266 266 264 263
255 257 261 256 253 251 246 237 230 230 230 219 228 225 212 213 219 224 231 233 237 251 258 257 250 243 239 240 238 237 228 226 229 227 228 228 230 230 232 234 235 235 234 237 239 240 242 243 244 244 244 247 250 251 250 244 244 244 245 243 236 242 248 253 256 259 259 259 260 260 262 263 262 262 262 262 262 262 263 262 259 256 253 251 251 252 258 261 265 266 266 265 262 262
255 260 261 257 253 249 242 231 223 215 212 208 219 222 210 216 217 221 225 231 239 248 255 258 253 243 242 242 241 241 231 230 231 230 231 232 233 233 234 233 232 231 232 231 232 231 235 241 242 244 246 247 250 252 254 253 250 248 249 247 240 245 249 253 256 258 258 259 260 260 261 262 262 263 263 263 262 263 263 264 263 262 258 258 257 258 263 265 266 265 265 261 258 259
257 257 259 259 251 245 242 233 221 210 217 218 212 214 215 222 220 218 226 233 239 246 255 257 256 248 245 245 246 243 234 233 232 230 230 231 231 233 233 232 233 231 229 229 228 228 235 236 239 238 239 242 246 251 255 255 256 256 255 254 249 251 254 256 257 257 255 256 259 260 261 262 262 262 262 263 264 264 264 264 267 266 263 263 264 266 269 268 266 265 263 259 259 260
250 252 258 259 255 253 249 237 226 227 231 222 208 216 216 222 226 225 228 233 234 241 255 256 255 254 251 249 247 243 235 232 232 231 228 230 228 231 230 230 228 224 225 228 229 229 227 228 232 233 235 236 240 242 248 252 255 257 257 257 256 255 254 253 255 256 256 258 261 261 261 262 262 263 263 263 263 265 265 265 265 267 268 267 268 269 271 271 269 266 264 263 264 263
239 247 255 257 258 257 252 244 241 240 234 225 207 209 212 222 229 230 233 233 234 244 255 253 254 253 251 248 245 240 234 234 233 231 228 228 226 226 225 223 222 223 225 226 227 225 221 220 226 231 235 239 243 247 249 249 251 255 256 254 251 251 253 255 255 257 258 260 261 261 261 262 258 259 264 264 264 264 264 265 266 267 269 268 267 268 269 269 270 269 268 267 266 266
235 241 246 250 253 256 251 246 242 237 229 221 210 203 212 219 225 230 234 239 240 247 254 254 251 251 249 247 243 240 234 232 232 228 225 223 222 220 218 213 218 222 223 219 218 220 219 222 224 228 233 239 242 245 248 250 253 255 254 255 253 253 255 256 257 258 259 260 260 261 261 262 262 263 264 264 265 264 264 264 265 265 266 268 265 265 265 265 265 266 266 265 265 264
234 236 238 241 245 254 252 248 244 241 236 227 220 209 214 220 224 226 231 234 237 248 254 251 246 249 249 246 243 240 232 229 226 220 214 216 218 215 211 209 215 218 220 215 210 213 218 223 224 226 230 238 243 246 247 249 252 254 254 254 254 254 255 257 258 259 259 260 260 261 262 262 263 264 264 264 265 265 265 265 265 265 265 267 268 265 265 265 265 265 265 265 265 264
226 228 234 241 250 246 254 250 241 235 233 230 221 207 212 217 221 224 228 237 241 249 254 251 244 247 245 243 240 236 232 228 220 211 204 209 215 214 208 209 215 217 220 217 214 217 222 224 227 229 233 236 240 246 250 251 253 253 253 252 253 254 255 256 255 256 258 259 260 261 262 262 263 264 264 264 264 264 265 265 266 265 265 266 270 266 266 266 265 265 265 265 265 265
218 230 241 244 240 236 242 252 249 241 235 230 223 213 213 219 224 227 228 232 240 250 254 251 242 243 239 234 232 229 228 227 223 216 211 215 218 216 214 213 216 219 221 220 220 223 222 222 229 233 239 242 244 246 248 250 251 252 252 253 254 255 253 251 247 247 249 256 259 261 262 263 263 263 263 264 264 265 265 265 265 266 265 265 268 271 268 266 266 265 266 266 266 265
223 237 237 235 224 218 232 246 254 246 240 235 230 222 216 221 221 223 225 229 239 250 253 251 242 237 231 225 221 218 220 222 223 221 221 222 221 220 219 219 219 220 222 221 218 219 224 227 230 231 233 234 240 245 247 248 250 250 252 253 254 254 254 251 250 248 252 257 260 261 262 263 263 264 264 264 265 265 265 265 265 267 265 265 266 267 271 273 267 266 267 267 267 266
235 234 223 222 211 219 232 243 251 250 240 233 223 219 217 217 221 224 228 231 235 246 252 251 244 234 225 217 211 212 215 218 220 222 223 224 223 222 222 222 220 221 220 219 214 211 218 222 225 224 228 236 241 244 245 247 249 250 252 253 253 252 252 252 252 251 252 253 258 261 262 263 264 264 264 265 265 265 266 265 266 267 267 267 266 266 267 274 272 269 268 267 267 266
229 215 214 206 203 208 219 231 244 253 240 231 224 219 215 214 218 224 227 229 233 243 250 251 245 235 222 211 205 205 210 216 220 222 224 223 223 223 222 222 223 221 217 215 212 212 211 213 221 224 231 236 239 243 246 248 249 249 250 251 252 252 252 253 253 254 253 251 256 260 262 263 264 264 265 265 266 266 266 266 266 266 267 269 267 267 267 273 277 275 271 267 267 266
216 203 205 204 209 208 220 226 243 253 247 240 236 229 218 214 218 224 229 231 235 238 241 249 248 237 223 214 206 207 212 216 220 224 225 223 222 220 221 221 221 220 219 219 218 215 215 219 227 232 232 232 238 243 246 247 249 246 247 249 252 253 254 254 254 255 256 254 254 256 261 263 264 264 265 265 266 266 267 267 267 268 267 270 268 267 267 268 276 279 273 268 267 267
208 209 214 218 228 228 235 245 247 243 242 245 235 226 217 213 216 225 228 229 230 232 236 246 247 242 232 227 223 220 221 224 225 226 224 223 223 219 217 216 217 214 216 222 226 229 228 229 229 227 227 232 238 242 244 244 246 245 246 249 252 253 254 254 255 256 256 257 256 254 259 263 263 264 264 265 265 266 266 267 268 268 268 270 273 268 268 269 274 280 275 269 268 267
207 212 218 227 238 245 246 240 229 223 229 243 238 230 222 211 215 225 226 223 227 229 234 244 241 244 241 236 235 231 228 226 224 223 221 222 222 221 216 210 209 213 218 225 227 219 212 215 215 222 227 232 237 239 240 242 244 243 246 249 251 252 253 254 255 256 257 257 259 258 260 261 263 263 264 265 265 266 267 267 267 267 270 270 271 276 274 269 271 280 277 275 269 268
226 215 214 226 242 242 233 229 222 222 230 241 234 228 222 210 214 224 222 218 223 230 236 245 243 240 237 235 236 233 232 231 229 225 224 222 221 219 216 209 207 217 222 220 214 209 206 210 214 220 224 228 232 236 236 240 242 243 245 248 249 251 253 254 255 256 257 258 259 260 260 261 262 263 264 265 265 266 266 267 268 269 267 267 267 268 275 277 276 278 280 280 273 269
225 229 220 228 243 232 224 217 217 225 236 239 234 226 215 208 211 215 218 221 225 234 239 243 241 240 237 232 232 231 226 226 230 230 225 221 219 220 214 205 209 214 217 210 211 214 212 214 217 221 226 230 232 239 243 242 240 241 242 245 247 249 251 253 253 255 257 258 259 260 261 262 263 264 264 265 265 265 266 267 266 267 266 267 267 267 267 268 268 268 271 281 280 273
231 237 235 239 242 232 223 223 223 227 236 238 231 224 217 206 208 215 220 226 229 238 242 239 239 237 235 228 228 230 230 224 224 228 226 222 217 219 218 208 204 207 210 211 212 214 214 216 219 222 224 226 237 243 236 232 234 239 241 244 245 246 249 252 253 255 257 259 259 260 261 262 263 264 265 265 266 265 266 266 266 267 267 267 267 268 268 268 268 268 270 279 284 276
235 237 241 238 231 233 233 228 224 228 233 237 233 225 216 210 212 220 225 232 239 240 240 239 236 234 233 223 222 226 226 225 220 221 225 222 219 217 216 214 210 209 211 212 213 213 213 216 220 227 232 238 242 241 229 230 235 238 240 242 244 245 248 251 254 256 257 259 260 261 261 262 263 264 264 265 265 265 265 266 266 266 267 267 267 268 268 269 269 269 271 278 282 284
217 229 229 225 224 233 241 228 224 226 229 234 235 230 223 216 216 221 227 238 236 233 236 238 236 232 227 221 216 220 222 223 222 217 219 218 214 209 205 208 208 212 214 216 219 225 229 234 237 240 241 239 234 227 227 231 235 237 239 241 243 246 248 251 253 255 257 258 260 260 261 261 262 263 264 264 265 265 265 265 266 266 266 267 267 268 268 269 269 269 270 271 272 275
226 228 225 237 235 239 245 230 225 222 224 229 233 232 229 220 215 220 231 236 232 229 231 235 234 231 224 220 215 212 216 217 219 217 215 214 203 193 189 198 203 211 219 223 228 232 234 235 235 232 225 221 222 226 230 232 235 238 241 242 244 245 248 249 251 254 255 257 259 260 261 261 262 263 264 264 264 264 265 265 265 266 267 267 268 268 268 269 269 270 270 271 277 277
221 218 225 242 250 248 242 234 227 221 217 221 219 221 222 216 213 222 229 229 227 225 222 232 236 232 223 218 215 212 213 211 211 212 213 211 200 186 181 192 203 212 220 226 230 230 227 222 216 215 217 220 225 227 231 234 237 240 242 244 246 247 247 247 250 253 256 257 258 259 260 261 262 262 263 264 264 264 264 265 265 266 266 267 267 268 269 269 270 270 271 274 280 286
218 223 239 251 247 235 231 235 228 221 228 230 228 226 223 228 224 217 218 218 218 217 218 229 236 234 227 218 215 212 210 208 205 208 211 212 207 198 192 200 209 216 223 226 224 216 212 211 211 214 218 221 225 229 233 237 237 241 244 246 247 248 248 250 248 250 254 257 258 260 260 261 262 262 262 263 263 264 264 265 265 266 267 267 267 268 269 269 269 270 271 274 281 286
225 236 248 253 240 233 238 239 232 231 237 243 241 240 237 230 228 227 225 221 227 230 238 243 242 238 233 226 216 209 205 201 205 208 210 213 213 211 211 212 216 221 224 223 220 217 216 216 216 216 219 224 226 229 232 234 238 242 244 245 245 246 247 247 249 250 252 255 258 259 260 260 261 261 261 261 261 262 263 264 265 266 268 270 269 270 269 269 270 270 271 272 274 281
239 250 255 249 244 238 243 248 242 238 242 249 248 247 238 239 240 245 246 247 249 250 248 245 244 245 244 232 225 216 205 198 202 205 209 212 212 213 214 217 218 219 220 221 224 226 227 227 227 227 227 228 228 230 233 236 239 240 242 243 243 244 246 246 247 249 252 254 256 257 259 259 260 260 260 261 261 261 262 264 268 270 273 275 276 277 273 272 271 271 272 273 274 277
255 254 255 254 252 253 253 251 246 246 248 254 255 254 251 249 252 253 250 245 236 232 224 221 219 224 237 244 234 223 215 201 200 202 208 210 211 209 209 212 213 214 218 216 221 223 218 213 212 215 217 222 226 231 233 236 238 238 238 239 242 243 245 247 248 250 251 253 255 257 258 258 259 260 262 265 266 267 268 268 266 269 272 274 272 271 276 278 279 280 276 276 276 276
258 260 256 258 252 254 250 254 256 256 257 256 257 258 257 255 247 237 229 224 220 221 222 219 215 211 217 224 236 235 222 215 207 200 203 205 204 203 206 207 209 211 212 212 211 214 208 205 208 211 218 220 225 229 225 227 234 237 239 240 241 242 245 247 248 250 251 253 254 256 257 258 258 261 263 260 260 262 262 263 264 265 266 268 268 268 271 274 275 279 285 285 284 283
262 256 246 254 246 240 235 240 247 252 251 251 250 254 250 250 250 249 242 236 229 224 219 215 212 208 207 213 221 232 221 213 211 208 203 199 202 202 203 205 207 209 212 216 218 214 210 210 214 216 222 223 226 226 227 232 238 241 243 245 244 242 243 245 247 249 251 252 254 256 258 258 261 260 259 258 259 260 261 261 263 267 271 274 275 275 276 277 278 280 282 285 287 288
254 252 247 246 245 234 230 236 240 241 242 245 246 247 250 244 234 233 245 247 242 232 222 215 213 210 205 209 215 219 224 217 205 203 203 202 201 200 201 204 207 210 213 217 220 222 224 226 226 226 227 228 232 236 239 242 245 246 245 244 245 245 246 248 249 251 253 254 256 256 256 258 258 258 258 257 258 260 260 262 266 270 271 271 270 271 272 273 275 276 276 277 278 282
