data_analyses/maxent/chelseacur_asc/bio_19.asc
ncols         195
nrows         278
xllcorner     -122.86680578405
yllcorner     43.49152724385
cellsize      0.0083333333
NODATA_value  -9999
[rows 205 to 245 of 278, columns 93 to 185 of 195]
795 821 813 749 690 661 630 575 546 588 634 617 563 538 589 696 793 852 882 893 893 882 854 816 779 749 721 693 678 681 690 704 720 737 743 733 711 688 666 650 628 595 567 562 552 511 466 436 422 413 410 413 406 384 359 343 337 330 318 312 315 315 314 309 299 278 250 220 203 194 191 188 184 181 176 172 169 166 163 158 157 154 152 149 148 146 146 140 137 134 134 131 131
740 765 809 799 724 666 626 572 546 607 682 664 588 532 523 567 632 694 741 775 787 761 704 650 615 592 576 572 572 584 600 622 655 699 730 735 719 700 681 666 650 619 585 582 588 569 537 508 490 481 477 479 473 451 430 414 401 386 365 349 340 334 331 333 327 305 269 232 211 199 193 190 187 182 178 175 170 167 163 160 158 155 152 149 146 146 146 143 143 147 155 152 143
841 876 914 896 802 717 649 576 543 610 716 721 636 560 523 516 522 540 565 588 596 574 538 524 535 554 568 575 575 569 568 567 580 627 692 722 719 705 690 675 659 637 610 600 600 592 573 557 542 529 516 503 488 473 463 453 441 425 407 386 364 346 336 331 327 306 275 244 223 208 199 193 190 184 179 175 172 167 164 163 160 157 152 149 148 146 146 149 154 167 182 179 161
999 1022 1022 985 900 793 683 586 537 587 697 753 702 625 575 550 538 532 527 518 508 499 498 518 558 614 664 688 685 670 657 637 611 623 676 710 709 699 686 671 655 633 615 608 604 595 580 566 551 537 521 499 475 451 435 428 425 422 415 404 388 369 348 333 321 305 284 265 244 226 213 202 195 187 184 178 172 169 166 166 163 158 154 151 149 151 152 152 158 173 185 182 164
1063 1046 1002 939 854 747 650 580 540 547 612 680 686 647 616 610 613 623 628 619 600 580 563 550 558 590 639 680 708 727 738 733 701 679 691 703 700 690 680 661 639 615 605 601 598 589 579 563 548 537 521 499 469 432 397 379 378 384 387 390 390 381 369 354 339 324 308 293 278 257 238 217 204 195 189 181 175 172 169 167 163 160 157 154 154 155 152 151 152 158 161 155 146
1012 989 951 884 782 684 625 593 567 540 540 573 592 591 600 629 664 696 725 734 727 707 677 642 609 584 580 595 636 692 737 751 740 716 703 699 694 689 677 661 636 609 593 587 580 571 559 548 538 528 515 496 466 425 378 346 332 330 332 339 351 363 366 363 351 339 326 312 296 275 248 223 207 198 190 184 178 175 172 169 166 161 158 157 155 155 152 149 146 146 141 135 132
921 945 975 956 864 770 707 656 608 562 543 571 590 579 569 582 618 665 715 756 780 787 781 762 734 700 667 642 651 687 720 732 731 721 706 696 687 678 665 651 630 603 579 563 548 535 526 522 520 516 505 484 450 403 356 328 311 302 296 293 302 318 333 342 336 324 305 287 271 250 226 208 198 192 187 184 178 175 172 169 166 163 158 157 155 152 149 146 144 143 137 132 129
827 923 1011 1028 977 914 843 739 648 590 566 591 622 603 564 542 545 573 617 670 720 763 790 799 800 792 773 747 734 734 735 728 716 709 700 690 672 651 632 619 597 563 539 528 522 520 516 509 502 497 488 469 431 376 331 308 299 293 284 275 269 273 281 285 284 269 251 236 223 211 202 196 193 190 186 181 178 175 172 169 166 163 158 155 152 152 149 146 143 140 137 132 131
741 882 995 1025 999 958 897 793 693 627 587 578 593 589 567 548 532 523 532 556 594 649 698 735 759 774 778 772 765 761 751 738 716 700 690 675 651 624 611 601 569 517 491 501 521 530 525 503 477 460 453 444 422 373 329 305 291 282 273 264 255 246 242 237 233 225 216 209 206 205 202 199 198 193 189 184 181 178 178 175 169 163 158 158 158 158 152 149 144 141 138 137 135
676 783 907 972 972 946 905 844 765 686 631 599 586 586 589 589 575 553 533 518 520 542 575 615 652 682 704 722 736 742 738 729 710 690 672 654 630 612 608 604 575 515 482 492 512 514 498 466 427 401 398 409 416 397 358 330 309 294 279 267 255 246 237 231 227 224 221 221 224 223 216 208 202 198 192 187 184 184 184 181 175 169 164 164 164 162 158 150 146 143 141 138 137
671 699 794 904 964 969 947 909 849 770 704 658 630 622 632 640 632 613 590 564 539 525 518 521 537 562 593 629 659 680 688 690 681 663 644 623 604 596 602 606 584 536 501 495 491 477 452 419 383 356 355 382 422 435 410 379 355 337 318 295 279 268 261 255 251 245 241 239 239 235 223 210 202 198 193 190 187 187 187 187 185 179 173 167 164 159 155 149 146 143 141 138 135
751 707 733 816 893 933 944 941 911 851 782 720 677 660 670 673 664 654 643 627 611 591 557 522 500 494 505 526 553 577 598 609 612 603 594 580 568 570 586 597 584 552 524 506 487 464 438 409 380 353 344 370 428 465 454 429 408 392 371 344 322 310 301 291 285 279 269 256 244 232 220 211 204 199 196 192 190 188 190 191 188 185 176 165 158 152 149 146 144 143 140 138 135
894 824 799 804 821 844 874 910 928 904 848 779 723 706 716 717 700 680 666 663 668 672 657 612 556 509 484 477 485 499 514 522 521 516 523 536 543 548 564 579 575 554 534 519 503 487 470 447 417 383 361 370 416 456 463 450 433 420 408 389 371 353 340 325 315 310 300 278 251 232 220 211 207 205 201 196 193 190 191 188 185 176 168 159 153 150 147 146 144 143 140 138 135
986 955 935 917 891 871 862 877 904 908 879 829 783 765 774 778 762 736 713 699 703 724 742 726 665 584 518 483 470 472 481 479 464 454 467 502 533 539 548 560 557 545 534 531 530 527 522 506 477 439 405 388 395 419 432 435 429 423 416 407 395 379 359 340 325 318 306 284 254 235 223 214 208 205 202 196 193 190 188 182 173 165 159 156 153 150 147 144 143 141 141 138 135
955 962 961 958 952 940 918 899 900 899 883 857 826 804 795 794 788 779 765 755 754 766 779 778 741 669 590 529 491 478 484 483 461 436 437 471 511 523 530 539 537 534 534 540 547 553 555 542 523 498 466 426 395 386 392 398 404 408 407 402 395 385 367 345 324 306 291 272 254 241 230 220 211 205 199 196 193 187 182 176 168 161 158 158 156 153 149 144 141 141 141 141 137
806 814 809 813 844 882 902 904 893 879 860 832 796 756 722 706 711 724 736 747 759 771 775 769 753 727 683 626 559 515 511 514 486 443 425 443 471 489 505 521 527 528 533 539 547 555 560 553 538 523 497 454 405 374 365 373 383 393 396 395 392 385 370 351 327 304 288 276 266 254 244 233 220 208 202 197 193 188 182 176 168 162 159 161 161 156 150 144 140 140 143 143 138
606 616 614 615 643 693 745 775 773 754 729 694 649 608 577 562 570 592 618 643 673 707 733 746 746 743 739 712 642 561 518 505 483 446 425 431 455 474 494 513 525 525 525 527 532 541 549 550 541 525 500 460 411 377 364 365 376 384 390 390 389 385 373 357 339 321 306 300 291 269 248 239 227 215 206 200 196 188 182 173 167 162 162 164 162 156 150 144 140 140 141 143 141
518 524 543 553 543 537 556 583 594 588 575 550 528 517 511 506 505 508 519 537 564 608 665 708 724 728 733 728 670 571 500 469 453 434 424 430 458 486 503 516 525 525 519 513 518 526 536 541 537 522 494 460 423 393 376 371 374 380 385 388 389 386 379 364 352 340 330 324 309 278 248 236 230 224 215 206 194 185 173 165 162 161 162 165 162 159 153 147 141 141 141 141 141
540 530 556 597 597 543 499 499 529 569 584 578 568 560 551 542 526 510 498 495 503 528 581 643 676 688 703 707 662 581 514 476 453 437 425 429 451 480 503 516 525 528 521 513 513 520 528 532 531 516 490 457 432 411 395 381 374 375 382 387 389 385 377 367 355 345 339 333 321 297 266 248 242 240 228 212 197 182 171 165 162 162 165 168 168 168 165 156 147 141 141 141 138
602 564 566 639 690 632 548 511 527 579 619 637 633 610 583 568 556 534 512 494 488 491 519 569 617 652 684 694 663 619 582 541 497 462 440 430 433 449 478 507 525 533 530 521 517 519 521 520 513 497 472 444 424 414 402 387 375 372 378 384 384 380 376 367 355 343 337 333 327 315 294 270 252 245 231 213 198 189 186 180 177 177 177 178 181 186 183 168 153 144 141 141 138
719 639 594 655 741 713 618 548 521 526 548 582 605 597 577 564 564 563 545 520 499 493 501 532 580 642 693 701 682 663 656 630 583 530 483 451 430 425 447 489 519 528 530 524 517 508 497 486 472 453 435 420 411 405 397 387 375 369 369 375 377 377 376 370 358 346 339 336 330 321 307 285 258 243 230 215 200 192 195 195 193 190 190 190 193 198 192 177 162 153 149 144 141
846 734 650 667 718 710 652 595 557 529 517 525 540 551 552 552 558 576 596 586 550 527 537 563 601 656 702 710 697 685 684 677 654 608 549 492 448 424 432 466 495 513 521 518 508 492 472 450 429 408 398 399 402 399 393 382 373 366 364 369 374 374 374 371 364 352 343 339 330 318 304 285 261 246 237 225 210 195 193 199 204 204 202 198 198 198 193 184 175 165 156 147 141
880 790 735 724 715 692 665 635 597 557 535 525 519 521 528 534 545 574 626 647 610 581 606 642 661 684 702 701 688 681 680 679 670 645 598 539 480 444 438 454 479 498 512 515 508 499 487 471 448 418 398 396 400 399 390 378 369 360 363 369 374 374 373 370 364 352 345 337 328 312 291 270 252 240 234 228 216 201 195 198 205 208 207 202 198 195 192 189 183 174 162 153 144
792 767 787 796 765 723 696 674 638 588 553 534 522 514 511 516 527 556 604 629 613 603 639 682 698 702 699 686 673 668 667 664 657 642 614 574 524 484 469 476 491 503 512 521 526 528 527 520 498 464 427 408 400 394 384 369 354 347 350 359 366 365 364 361 355 346 340 334 325 312 285 258 240 231 225 219 207 198 195 196 196 199 202 199 196 193 190 186 181 174 165 156 148
623 657 750 811 811 774 742 721 690 635 584 555 537 521 513 510 513 533 562 579 576 577 614 663 695 705 696 679 661 656 653 649 642 629 611 589 556 522 504 507 515 521 526 535 541 545 544 536 522 492 455 416 390 373 360 347 335 326 325 328 332 332 335 337 337 334 328 322 322 315 292 264 246 234 225 210 196 195 199 199 195 193 193 195 193 192 189 186 181 175 166 159 151
507 538 642 767 826 821 798 782 759 710 645 600 573 548 535 528 528 538 555 566 557 549 569 624 678 699 693 674 655 644 638 634 627 614 598 580 556 532 517 516 524 527 532 538 540 540 536 529 517 494 452 403 363 340 326 320 313 305 298 292 289 290 293 301 310 314 313 310 313 313 301 280 261 247 231 210 193 195 202 208 205 202 199 196 192 190 192 192 190 183 172 163 157
516 495 546 679 797 840 838 828 816 787 738 689 647 608 587 582 578 577 580 576 560 536 541 589 650 681 680 664 645 631 619 609 596 580 562 541 522 507 501 507 513 518 523 526 528 527 521 514 504 479 430 372 334 316 307 305 304 299 292 285 280 277 277 280 287 296 301 304 310 313 307 292 274 255 229 205 193 193 202 214 218 217 212 208 199 196 196 196 193 187 181 174 166
588 516 499 594 731 812 831 827 819 812 801 781 751 714 689 669 643 614 594 579 560 536 532 570 622 650 649 639 628 619 605 577 546 522 507 495 482 470 473 486 497 503 505 508 510 507 503 496 487 464 415 359 327 313 310 307 310 311 307 298 290 286 284 284 283 286 293 302 310 310 304 289 268 243 219 201 193 196 203 217 227 230 227 223 214 206 200 196 190 184 181 178 172
693 573 494 525 643 747 787 794 799 808 820 831 834 820 793 745 684 627 586 563 546 528 519 542 581 602 599 591 587 592 591 567 524 494 495 501 485 461 455 468 479 487 490 493 492 488 482 478 471 455 418 371 340 325 317 314 317 326 320 307 296 292 290 290 287 284 287 293 298 298 292 274 244 220 205 198 196 196 202 214 227 233 233 230 224 217 209 202 194 187 182 181 176
783 644 513 482 559 665 722 748 770 797 818 842 859 861 835 774 697 624 571 542 524 509 495 496 515 527 521 513 515 530 554 562 541 519 533 548 526 482 455 456 464 473 479 479 474 465 457 451 450 443 421 383 353 341 329 326 329 335 326 308 296 293 293 291 287 281 278 280 281 280 277 265 235 211 202 199 196 196 199 206 217 227 230 230 227 221 215 209 202 194 188 188 188
744 647 527 473 514 593 640 664 692 730 774 814 843 854 835 784 711 634 574 536 515 497 477 462 456 454 450 445 447 466 503 541 548 538 548 561 544 496 458 449 451 454 460 457 445 428 414 404 407 415 405 378 357 350 345 342 348 349 336 314 300 297 296 288 281 272 268 269 271 271 271 262 238 217 205 202 199 197 199 202 206 214 220 221 221 218 216 212 206 200 200 200 200
595 570 521 486 507 559 586 595 610 649 708 770 812 829 816 775 720 659 598 552 521 498 475 456 444 444 446 439 435 443 474 516 533 524 520 526 517 483 450 439 436 433 435 433 417 391 368 354 357 369 368 356 348 347 348 351 357 364 355 331 312 306 300 293 285 278 271 265 266 265 260 250 232 217 208 205 202 199 202 202 203 206 211 212 212 212 212 212 212 210 209 207 206
513 519 515 503 519 559 576 577 580 610 669 735 781 799 784 740 698 656 605 561 531 507 486 475 497 537 555 542 509 481 484 507 517 499 476 471 470 455 439 430 426 419 417 419 410 385 358 339 333 335 335 332 335 339 342 345 351 361 361 343 322 315 312 309 305 299 283 266 263 257 244 232 220 212 208 205 202 199 199 202 208 212 212 212 209 209 209 215 219 221 216 213 210
530 518 515 510 528 564 584 583 574 585 630 686 732 755 732 679 637 608 573 546 527 510 492 496 556 637 679 660 604 538 503 498 495 473 446 436 436 433 425 418 411 406 412 425 429 416 392 365 348 339 332 326 326 330 333 333 333 337 343 337 321 315 321 327 321 305 281 266 263 254 235 220 212 211 209 206 203 200 200 203 212 218 219 218 215 215 216 219 222 222 219 213 210
569 530 516 510 525 560 587 599 593 578 583 613 651 671 648 601 571 549 530 516 504 492 479 480 524 601 654 653 600 531 488 473 467 452 433 424 421 415 406 396 388 388 413 447 468 468 454 429 404 382 363 344 332 327 327 324 318 313 315 312 303 297 309 324 324 299 272 266 269 263 239 218 214 214 212 209 206 208 209 215 219 224 224 222 221 221 221 218 216 213 210 209 207
621 545 516 510 522 547 572 594 600 579 560 566 584 592 572 545 531 524 512 500 483 468 458 450 461 498 541 553 525 484 457 445 443 437 424 412 406 400 390 379 367 369 403 454 493 508 509 494 471 441 407 376 351 334 327 322 316 309 300 291 282 276 279 291 291 275 257 257 269 268 242 223 217 215 212 209 209 215 221 224 228 228 228 225 222 219 216 213 207 203 201 201 201
641 549 516 515 527 544 554 563 567 562 560 566 571 566 552 532 522 521 515 497 479 465 459 458 452 454 469 483 477 459 438 426 422 418 409 402 398 395 392 380 367 364 388 441 492 519 524 518 502 476 444 410 376 346 328 322 319 309 297 285 275 267 263 260 255 248 244 245 250 248 233 224 221 218 212 209 209 215 224 228 231 231 231 230 225 222 216 210 204 200 195 194 194
620 547 522 522 540 564 577 582 576 571 580 592 597 591 577 556 537 529 521 506 488 482 491 501 491 472 468 465 459 444 423 408 403 400 396 393 392 398 404 401 388 379 393 435 480 504 512 506 497 479 457 428 393 356 329 316 310 303 291 279 273 270 266 260 254 248 242 236 230 227 224 224 224 218 214 209 209 216 224 228 231 231 231 231 229 225 219 213 206 198 194 189 185
624 550 525 529 559 609 651 670 655 627 621 630 632 633 624 593 557 535 524 512 500 497 506 515 503 478 460 450 440 426 408 396 391 388 384 381 389 411 436 447 435 420 424 445 469 483 485 482 476 464 449 430 402 366 332 310 301 294 285 279 276 273 270 266 258 251 242 233 227 224 227 227 224 218 215 212 213 218 221 225 228 231 229 228 225 222 217 211 204 197 191 185 179
677 568 531 540 580 643 700 723 702 661 639 641 644 652 655 624 569 530 515 507 500 497 497 494 485 471 456 444 434 420 402 390 388 390 386 380 395 436 485 506 496 478 470 472 480 480 470 458 449 443 434 421 400 369 334 307 298 292 285 279 276 272 267 263 254 247 239 236 233 233 233 230 224 216 213 213 216 219 221 222 225 223 219 216 212 209 207 204 201 197 192 185 177
686 589 552 568 605 637 662 672 653 622 606 605 613 631 651 633 570 519 498 491 488 485 487 491 494 494 487 472 444 419 397 393 409 428 427 414 420 466 516 540 530 515 505 503 507 501 479 449 431 422 416 409 393 362 326 304 295 292 285 276 267 263 258 254 251 248 245 243 242 239 236 228 221 216 213 213 215 219 222 222 219 216 213 209 204 201 198 200 201 201 198 192 186
