data_analyses/maxent/chelseacur_asc/bio_16.asc
ncols         195
nrows         278
xllcorner     -122.86680578405
yllcorner     43.49152724385
cellsize      0.0083333333
NODATA_value  -9999
[rows 0 to 40 of 278, columns 0 to 91 of 195]
593 574 564 563 566 564 563 563 560 560 558 554 544 534 543 571 592 594 590 590 592 596 600 604 610 618 619 605 585 574 571 570 569 565 565 570 580 601 638 682 712 733 759 774 762 725 706 709 714 732 775 828 877 926 971 993 971 888 761 655 617 633 687 749 772 750 712 680 663 658 667 679 681 680 689 718 800 942 1061 1054 984 989 1092 1156 1106 998 926 931 1007 1123 1230 1294
570 559 561 567 566 561 557 560 560 560 558 551 541 529 537 573 602 608 599 584 572 572 578 587 596 607 614 612 599 589 591 595 600 596 589 591 600 621 657 684 702 713 728 744 749 748 748 756 750 729 734 772 821 868 905 925 894 802 703 648 631 631 667 733 789 803 783 748 710 678 666 672 680 686 691 707 762 886 1027 1111 1132 1142 1201 1250 1208 1118 1076 1109 1175 1248 1313 1341
553 555 563 567 563 558 556 557 563 560 555 550 541 530 539 576 610 620 611 597 584 578 581 584 593 605 615 619 614 603 597 601 609 612 610 614 624 639 656 669 687 711 729 740 749 761 773 784 776 732 693 707 753 799 836 861 846 785 721 697 676 638 631 662 712 766 804 818 789 730 689 681 689 704 720 724 734 782 863 966 1069 1131 1192 1254 1240 1179 1152 1191 1237 1256 1278 1305
552 558 560 558 554 552 553 556 559 557 552 547 543 538 553 589 618 623 617 617 622 627 616 601 599 608 621 628 629 617 602 597 607 624 628 624 626 636 644 650 668 695 719 730 742 757 762 759 740 695 647 641 677 724 773 814 831 820 797 769 720 650 618 627 659 719 788 856 883 839 772 737 734 750 774 775 771 789 799 827 908 1001 1114 1216 1221 1156 1113 1126 1165 1187 1215 1246
555 557 551 547 548 549 552 553 554 552 549 547 543 546 566 599 621 625 620 625 644 657 644 618 605 611 621 631 632 618 597 591 609 638 648 638 627 632 636 641 644 656 668 677 690 708 707 693 675 653 630 612 615 647 697 751 798 839 862 839 764 672 629 623 640 675 734 818 896 905 852 807 806 838 869 857 864 914 881 805 827 954 1126 1228 1214 1143 1090 1069 1078 1117 1166 1177
549 548 543 544 545 549 552 553 551 549 546 546 544 547 568 595 612 614 614 617 630 644 645 632 616 615 622 626 624 609 588 585 602 629 645 639 633 635 638 638 633 633 633 632 640 657 665 661 656 655 650 626 598 598 630 685 746 812 872 892 840 747 670 637 636 646 673 729 798 834 823 818 862 943 998 990 999 1053 996 872 864 1001 1175 1250 1240 1200 1151 1097 1052 1045 1064 1054
537 537 539 544 548 552 555 550 548 546 546 546 543 545 558 580 595 598 597 602 616 632 645 645 631 622 618 618 614 600 582 581 595 616 630 635 635 635 632 630 632 638 644 637 630 646 671 680 678 678 675 658 630 610 616 651 712 787 868 930 913 818 712 655 649 656 665 687 728 781 834 884 958 1058 1132 1136 1133 1151 1111 1036 1022 1088 1162 1178 1183 1198 1190 1137 1050 978 952 940
524 528 536 543 548 551 549 544 540 540 546 548 543 541 550 571 589 595 592 597 613 629 640 643 635 626 621 616 609 592 577 575 591 610 622 624 621 618 620 626 637 652 661 649 634 645 675 692 689 686 690 699 699 692 690 709 760 834 911 957 925 811 706 675 691 701 701 704 726 793 900 1002 1082 1157 1211 1222 1207 1192 1187 1187 1189 1181 1131 1057 1040 1079 1097 1066 1004 956 945 949
513 521 532 537 539 539 537 538 533 536 543 548 543 538 543 559 578 586 589 594 604 612 615 615 616 624 637 629 602 576 566 566 583 603 613 613 610 615 623 634 646 657 661 649 636 647 679 702 702 702 718 751 785 807 824 838 869 912 954 973 921 794 702 711 765 789 780 765 759 788 877 1006 1117 1182 1216 1225 1204 1172 1170 1199 1222 1208 1129 1024 966 958 954 928 927 953 986 1021
504 515 523 525 529 530 531 531 530 531 540 545 542 537 537 548 565 570 567 568 573 584 590 593 598 612 631 616 581 560 557 562 574 594 611 622 627 632 640 646 649 652 654 645 638 657 699 724 728 733 762 804 845 877 897 902 909 919 928 939 915 821 743 761 847 911 918 910 898 881 911 1015 1117 1169 1189 1192 1169 1131 1121 1152 1190 1201 1165 1113 1052 987 913 844 831 882 934 981
495 503 511 515 519 526 526 524 524 530 536 539 536 534 532 543 564 575 567 548 538 546 560 572 578 584 583 568 550 551 560 564 567 581 609 631 642 642 641 644 646 649 651 646 645 672 718 742 746 758 790 826 856 883 887 873 860 853 858 886 915 893 849 863 940 1012 1044 1062 1068 1046 1032 1055 1093 1123 1146 1151 1126 1090 1088 1128 1179 1208 1210 1201 1175 1119 1020 885 784 782 844 908
491 492 499 503 512 519 520 518 519 523 530 533 531 530 526 533 556 584 592 574 550 534 528 534 540 541 534 525 530 549 564 567 561 565 590 618 636 639 638 638 643 645 645 642 646 677 720 743 750 764 784 802 831 859 849 806 777 776 805 864 934 970 972 981 1012 1042 1068 1098 1120 1118 1089 1056 1037 1051 1090 1106 1083 1064 1087 1142 1185 1200 1205 1206 1200 1182 1127 997 837 770 823 888
491 484 488 494 500 506 510 508 512 516 523 526 527 525 522 523 540 568 596 606 591 564 540 525 520 517 520 528 540 559 574 575 565 559 572 595 618 631 636 638 640 642 642 639 639 659 693 718 738 755 759 766 792 810 778 715 688 720 783 865 941 988 1010 1016 1017 1017 1032 1065 1095 1108 1102 1070 1021 1003 1031 1056 1054 1069 1114 1158 1175 1171 1170 1167 1160 1156 1145 1072 920 800 797 830
487 477 480 485 488 492 497 501 505 509 513 517 520 521 519 520 526 541 569 599 611 602 578 555 538 532 541 558 571 577 583 584 575 566 567 583 605 625 636 642 646 649 648 645 638 643 661 686 709 724 730 740 750 733 688 649 650 701 784 873 944 981 995 996 982 973 988 1021 1046 1071 1095 1091 1051 1008 998 1017 1044 1080 1121 1149 1156 1152 1148 1136 1109 1085 1080 1030 903 789 766 792
472 466 470 474 477 480 488 492 496 500 504 507 513 517 517 516 516 521 536 564 592 603 596 579 568 562 570 586 594 593 592 591 586 575 571 581 602 620 634 642 648 653 652 647 642 641 647 655 663 674 685 702 701 679 682 706 734 773 838 909 959 974 972 958 936 925 940 959 981 1022 1070 1092 1072 1023 987 997 1039 1069 1085 1108 1124 1131 1137 1125 1077 1012 966 899 810 769 783 827
452 452 457 461 467 473 479 483 486 490 494 498 504 508 511 507 504 505 508 522 548 575 588 587 587 590 595 601 603 605 604 603 599 590 581 583 596 608 620 626 633 637 639 636 637 639 640 637 632 631 641 658 674 702 765 826 861 885 919 952 968 964 939 901 862 853 861 869 901 972 1042 1076 1064 1014 968 971 1000 1009 1013 1038 1073 1093 1102 1091 1024 923 849 792 774 802 860 943
436 439 445 451 457 464 470 472 477 481 485 489 493 499 499 497 495 494 495 500 518 546 565 575 592 609 615 612 614 617 622 624 620 608 597 592 590 588 591 593 596 599 604 607 611 619 629 635 636 631 631 643 678 740 812 867 903 927 943 954 957 940 898 842 802 785 782 799 861 950 1021 1053 1044 999 946 929 931 930 945 985 1035 1057 1035 985 915 837 796 798 837 907 998 1100
430 428 431 439 446 454 458 464 467 472 476 479 483 487 488 488 489 490 492 496 514 544 564 568 579 602 617 623 626 629 633 633 628 618 607 596 585 573 568 567 569 572 577 580 583 591 614 644 674 687 685 685 702 737 784 833 877 904 920 926 923 894 845 811 810 809 808 845 916 978 1014 1023 1015 989 946 910 884 876 914 975 1030 1048 980 874 838 850 866 900 970 1057 1137 1197
434 423 420 425 430 439 445 451 457 461 467 471 474 477 479 482 486 490 491 496 513 549 580 582 578 585 599 611 620 625 625 622 613 605 594 580 568 563 563 568 573 577 580 580 582 585 599 637 690 733 749 754 747 736 746 789 839 872 883 881 865 829 798 807 852 887 914 948 980 997 995 993 994 991 976 949 908 874 905 976 1042 1066 985 862 845 906 957 1010 1086 1156 1186 1198
450 434 424 418 417 423 430 436 442 450 456 462 467 470 472 478 482 486 488 492 509 542 577 593 593 590 591 594 597 597 594 588 581 573 567 562 562 568 576 583 590 596 601 609 612 609 601 609 642 683 720 748 758 752 750 779 821 849 851 835 818 809 816 848 892 933 968 983 980 970 968 976 991 1004 1012 1010 978 920 915 977 1049 1078 1018 907 865 915 988 1065 1129 1163 1167 1159
467 459 454 437 420 413 414 422 429 436 445 451 456 462 467 474 475 479 481 485 498 525 558 581 593 599 599 597 595 589 583 577 574 573 576 581 590 599 610 617 624 630 638 644 647 640 626 607 601 611 642 683 722 747 765 789 814 825 816 809 820 846 869 890 908 924 935 929 901 878 883 910 941 972 1003 1026 1014 960 935 981 1042 1056 991 877 827 884 987 1083 1138 1150 1144 1119
491 503 519 495 457 424 409 408 414 423 432 438 442 448 458 465 471 475 477 478 485 504 528 549 566 578 590 600 611 617 620 622 622 622 625 631 639 645 650 654 659 662 664 664 659 654 647 634 615 606 607 623 659 706 748 779 797 788 764 762 800 838 852 857 859 854 836 804 766 741 739 760 792 839 909 969 978 937 915 947 979 960 884 810 808 888 996 1086 1134 1139 1124 1092
544 553 581 573 521 458 417 406 404 410 418 424 429 434 442 448 457 461 465 469 473 482 494 506 516 525 540 558 582 607 628 642 651 657 660 665 668 671 674 676 677 679 676 673 666 660 654 643 628 619 608 599 618 657 706 755 781 776 741 719 734 759 777 793 813 819 790 750 731 723 703 687 681 697 751 816 838 814 805 829 840 822 812 838 893 968 1040 1087 1099 1085 1064 1042
601 595 611 616 578 508 452 427 412 404 404 412 420 425 426 429 435 441 448 454 460 464 468 471 475 481 490 504 522 543 567 590 610 624 639 650 660 668 677 682 686 688 688 685 680 672 662 647 629 620 618 625 646 664 693 743 783 794 780 753 731 724 736 775 821 849 846 835 845 850 834 801 754 705 678 681 689 691 708 743 769 797 859 932 988 1029 1052 1048 1017 979 952 936
615 618 624 627 611 567 522 479 438 409 396 401 413 422 423 421 423 427 433 437 441 447 450 454 457 463 466 472 478 487 499 516 531 548 566 586 604 621 638 653 667 679 688 691 691 689 683 673 662 656 670 706 736 741 735 755 788 810 820 822 807 786 778 799 841 870 886 900 917 931 936 925 893 834 768 724 701 694 712 765 819 867 926 969 988 994 980 943 891 842 810 786
594 611 618 619 620 615 595 548 479 426 399 394 404 419 428 429 429 429 427 428 429 430 433 436 442 448 452 455 461 464 467 475 481 490 501 513 530 545 562 582 603 626 647 664 676 688 699 709 721 732 754 784 802 797 773 759 767 786 804 819 824 818 804 806 830 857 877 894 904 918 932 943 940 924 897 871 834 791 779 825 879 900 914 913 899 874 833 784 743 705 681 666
561 571 578 580 592 604 610 590 537 473 427 403 400 410 425 437 444 447 446 439 432 429 427 427 431 434 437 441 444 447 453 458 464 469 475 481 489 497 506 520 535 552 572 591 614 638 662 689 721 753 778 790 786 765 735 708 696 702 717 727 735 738 738 744 765 789 819 847 868 888 905 919 922 920 921 924 913 889 881 906 911 874 828 791 753 716 682 656 639 631 628 626
532 529 530 534 545 563 581 597 585 544 487 439 409 397 404 422 443 456 459 458 454 448 441 436 434 432 432 433 435 436 441 444 449 452 458 464 469 477 483 492 501 509 518 529 544 562 582 606 638 676 703 709 696 673 646 624 612 612 618 625 632 641 647 657 673 694 726 770 815 851 875 886 882 880 881 894 906 920 932 925 870 779 708 669 642 624 618 616 619 622 628 635
510 511 515 522 532 545 562 589 607 599 557 492 433 397 388 395 415 431 440 455 473 482 478 471 464 458 453 448 443 440 439 439 441 443 446 449 454 460 466 474 481 489 495 501 509 516 526 536 551 572 591 596 590 583 575 569 566 569 572 575 581 587 593 602 611 621 639 675 724 771 804 819 824 837 857 871 879 875 861 825 749 671 628 612 609 617 637 652 659 662 668 677
495 502 511 526 539 544 549 570 599 615 602 550 476 424 399 391 391 398 410 433 469 499 511 510 505 500 496 491 480 469 459 452 448 447 447 447 447 449 454 458 463 469 475 481 489 495 501 507 512 517 524 530 535 538 541 544 548 551 553 554 556 559 563 569 577 581 590 602 623 653 677 695 716 744 770 782 775 751 718 681 640 610 601 608 628 664 714 754 763 751 745 745
491 497 506 516 526 523 525 544 577 604 610 589 539 487 455 424 397 388 393 410 440 479 507 519 524 526 526 527 523 512 500 489 479 470 467 469 466 459 456 456 458 461 466 469 475 481 484 490 495 499 504 508 514 517 521 526 530 533 536 538 538 538 541 547 553 559 563 566 571 575 583 593 607 625 637 643 637 625 610 598 594 595 606 633 677 733 798 847 858 844 836 838
490 496 499 503 507 507 518 542 568 582 589 591 581 558 525 480 428 394 385 393 410 439 472 500 518 523 523 525 526 527 525 516 503 492 490 496 499 491 483 477 473 470 470 472 475 480 484 487 490 493 496 499 502 505 508 514 520 524 530 541 550 556 556 553 548 548 551 554 559 563 566 569 571 574 577 580 580 582 585 591 603 620 643 676 724 781 832 861 884 918 947 968
486 488 489 490 494 504 524 548 561 560 559 571 586 588 562 513 458 418 399 394 400 411 436 470 499 512 512 508 507 508 511 505 495 488 490 503 515 520 515 508 502 501 502 499 496 496 496 496 497 498 499 499 502 505 514 520 529 533 542 581 632 662 665 647 614 596 593 599 607 616 625 627 619 613 613 606 598 601 615 637 663 702 742 765 783 824 870 898 931 987 1048 1097
477 474 476 479 488 499 513 529 537 538 542 557 581 595 578 540 503 470 442 417 405 407 418 443 475 497 506 503 501 500 497 495 495 496 496 506 519 527 529 528 530 537 541 533 523 514 511 508 506 504 506 508 516 526 538 545 548 542 547 592 675 739 758 745 715 698 704 717 726 728 730 729 723 720 728 722 698 687 698 725 755 809 867 887 877 890 934 967 993 1044 1103 1158
466 462 465 470 479 483 485 494 505 519 536 558 583 601 600 582 564 536 494 447 420 415 420 430 451 476 495 503 502 500 503 520 541 540 526 520 521 523 527 532 539 545 543 535 522 514 512 509 507 507 510 519 532 546 555 559 553 542 536 557 609 658 680 686 698 730 765 795 807 796 782 779 782 794 821 836 820 798 795 806 823 858 903 926 923 936 968 991 1020 1064 1115 1163
451 453 456 461 464 465 466 477 495 517 539 559 584 598 604 603 597 579 539 490 457 443 434 427 436 456 479 494 499 496 508 542 572 569 542 525 522 526 531 535 531 522 510 501 499 499 501 501 504 508 515 524 531 541 547 550 547 538 535 535 547 563 571 577 604 658 710 751 776 783 780 786 800 817 841 862 866 863 863 862 857 856 867 878 890 915 938 957 999 1059 1112 1148
440 440 442 444 447 448 454 470 492 515 534 552 569 578 584 587 590 589 576 550 519 487 457 433 430 444 462 480 487 488 500 525 546 544 532 526 532 538 536 523 510 495 482 480 482 488 495 499 505 509 512 515 518 526 535 544 548 547 542 539 541 550 556 556 564 588 613 638 670 700 724 760 802 830 840 837 839 852 863 863 847 834 830 832 839 859 879 912 972 1047 1100 1128
432 429 427 427 430 433 439 451 467 490 507 519 529 536 532 532 540 553 572 584 571 531 482 439 427 437 449 465 479 491 501 511 516 517 520 526 534 532 515 496 483 480 487 498 496 491 493 499 500 504 509 515 516 520 532 545 557 563 560 557 561 573 586 589 583 579 576 573 584 602 633 691 751 786 791 778 776 788 810 826 833 838 841 837 838 854 890 941 1005 1057 1086 1093
424 420 419 421 421 424 430 434 443 458 474 483 490 486 473 464 467 488 528 567 581 549 488 434 416 427 439 457 481 505 521 525 522 519 516 513 507 493 476 465 464 477 511 538 529 514 515 514 502 505 526 550 546 529 529 544 560 572 576 579 589 604 626 638 636 628 617 594 574 576 615 685 737 759 765 764 770 787 806 830 858 882 894 897 900 917 962 1025 1071 1085 1066 1022
414 417 424 427 427 430 438 441 443 446 457 468 468 458 442 432 431 452 492 536 558 537 480 425 408 420 435 455 487 520 540 545 542 532 515 495 474 459 453 452 458 475 510 536 531 532 552 548 527 529 571 611 600 559 539 542 557 572 584 595 608 626 646 662 669 671 665 632 590 585 646 739 799 814 817 819 823 830 842 865 898 930 956 977 992 1007 1038 1078 1098 1068 997 888
423 425 435 441 446 457 465 463 456 451 459 470 467 453 442 433 434 453 485 518 534 523 479 430 410 420 436 453 482 516 539 552 553 538 515 489 476 473 478 484 492 510 531 532 521 528 552 562 562 583 635 683 678 634 582 551 550 560 576 592 611 630 649 664 671 675 676 655 605 585 630 714 788 838 860 862 857 858 870 897 932 967 1002 1033 1056 1066 1077 1086 1066 989 861 746
