data_analyses/maxent/chelseacur_asc/bio_12.asc
ncols         195
nrows         278
xllcorner     -122.86680578405
yllcorner     43.49152724385
cellsize      0.0083333333
NODATA_value  -9999
[rows 114 to 151 of 278, columns 0 to 86 of 195]
1243 1242 1240 1233 1234 1256 1302 1349 1374 1390 1405 1423 1442 1464 1486 1523 1576 1639 1689 1696 1691 1705 1728 1761 1785 1738 1661 1631 1617 1628 1675 1766 1868 1932 1957 1979 2000 2008 1996 1967 1948 1989 2083 2147 2115 2046 2074 2217 2331 2339 2293 2264 2296 2364 2415 2382 2283 2187 2141 2154 2231 2308 2290 2213 2209 2272 2234 2002 1727 1590 1559 1581 1650 1698 1679 1660 1726 1868 1956 1953 1938 1925 1857 1757 1773 2017 2334
1224 1243 1251 1250 1248 1265 1295 1326 1345 1361 1378 1402 1427 1457 1483 1519 1562 1622 1679 1719 1743 1756 1774 1810 1855 1844 1808 1796 1794 1791 1801 1832 1890 1949 2005 2055 2083 2108 2125 2120 2119 2150 2222 2294 2317 2297 2296 2333 2355 2329 2272 2221 2223 2270 2310 2289 2208 2111 2027 1955 1929 1944 1910 1816 1760 1790 1785 1653 1535 1554 1583 1602 1724 1871 1858 1712 1599 1567 1558 1587 1767 2016 2088 1923 1757 1908 2268
1219 1243 1262 1276 1290 1312 1335 1355 1371 1381 1390 1402 1422 1457 1504 1545 1582 1614 1639 1669 1705 1736 1768 1820 1875 1903 1914 1926 1947 1974 1992 2006 2015 2034 2065 2097 2127 2169 2209 2234 2246 2265 2294 2323 2339 2337 2323 2313 2292 2259 2216 2170 2153 2174 2210 2198 2107 1976 1846 1708 1618 1608 1621 1609 1586 1576 1556 1540 1609 1762 1799 1697 1686 1790 1886 1933 1900 1767 1617 1573 1767 2155 2384 2232 1910 1931 2279
1221 1232 1242 1259 1277 1302 1333 1364 1391 1403 1400 1396 1408 1446 1500 1548 1587 1620 1651 1677 1711 1748 1791 1837 1880 1921 1959 1988 2013 2032 2045 2050 2063 2076 2086 2098 2127 2176 2223 2253 2263 2263 2270 2279 2268 2255 2253 2260 2254 2219 2170 2119 2075 2063 2071 2027 1887 1726 1636 1604 1630 1730 1852 1941 1974 1960 1903 1811 1812 1975 2035 1902 1785 1709 1731 1955 2163 2066 1784 1606 1713 2063 2358 2381 2156 2078 2314
1227 1234 1242 1247 1257 1269 1299 1330 1355 1359 1359 1367 1398 1441 1490 1541 1594 1649 1702 1744 1769 1786 1803 1833 1865 1901 1940 1976 1995 2000 1994 1994 2012 2033 2049 2066 2103 2148 2185 2201 2189 2175 2183 2199 2185 2166 2177 2213 2226 2194 2125 2036 1946 1872 1805 1713 1587 1495 1524 1650 1806 1962 2108 2212 2261 2265 2223 2111 2076 2226 2329 2270 2125 1884 1717 1890 2237 2255 1901 1638 1715 1979 2193 2343 2366 2318 2357
1235 1244 1251 1255 1259 1267 1283 1297 1310 1315 1319 1345 1395 1447 1485 1526 1585 1632 1663 1695 1727 1743 1745 1762 1795 1831 1856 1879 1898 1907 1912 1929 1958 1985 2003 2028 2053 2066 2071 2067 2044 2023 2040 2069 2061 2017 2003 2044 2084 2057 1949 1806 1686 1586 1512 1468 1455 1476 1551 1699 1859 1952 1992 2006 2015 2039 2051 2040 2089 2238 2385 2474 2415 2133 1835 1906 2268 2339 1981 1708 1811 2057 2213 2338 2477 2503 2402
1251 1260 1265 1270 1275 1278 1283 1287 1292 1295 1303 1319 1346 1372 1384 1402 1438 1459 1460 1494 1567 1641 1696 1734 1760 1762 1733 1701 1704 1728 1752 1788 1825 1853 1868 1876 1868 1835 1794 1763 1730 1711 1732 1765 1756 1701 1670 1708 1763 1739 1633 1515 1437 1404 1415 1482 1582 1656 1719 1839 2006 2109 2092 1992 1906 1939 2020 2042 2037 2057 2118 2248 2364 2275 2007 2002 2294 2322 2013 1851 2018 2293 2457 2540 2602 2575 2416
1263 1272 1276 1282 1282 1281 1277 1271 1270 1266 1263 1265 1265 1261 1254 1252 1257 1254 1248 1276 1360 1478 1597 1678 1700 1652 1552 1466 1441 1460 1493 1536 1576 1595 1598 1608 1633 1634 1594 1542 1502 1496 1518 1528 1493 1457 1470 1541 1599 1593 1543 1490 1482 1515 1591 1733 1895 1999 2048 2135 2300 2441 2463 2361 2246 2271 2375 2407 2364 2271 2174 2173 2312 2393 2237 2152 2292 2330 2213 2199 2356 2557 2648 2670 2680 2642 2515
1274 1273 1272 1270 1269 1263 1253 1243 1241 1243 1246 1249 1256 1260 1258 1257 1256 1233 1199 1184 1211 1277 1363 1432 1452 1410 1334 1274 1254 1260 1282 1328 1385 1410 1414 1473 1611 1738 1776 1750 1727 1737 1764 1755 1676 1615 1661 1768 1843 1869 1848 1810 1815 1870 1951 2072 2199 2287 2339 2401 2489 2560 2573 2554 2522 2509 2530 2566 2603 2589 2515 2442 2468 2527 2480 2372 2313 2335 2418 2502 2593 2648 2609 2558 2598 2657 2621
1268 1259 1251 1249 1242 1243 1240 1239 1249 1266 1281 1289 1304 1323 1335 1354 1383 1384 1334 1262 1210 1201 1220 1260 1292 1293 1273 1254 1237 1218 1219 1251 1305 1341 1360 1438 1596 1765 1861 1903 1953 2008 2041 2029 1965 1916 1951 2028 2088 2121 2114 2074 2063 2108 2165 2210 2234 2273 2346 2422 2464 2451 2421 2438 2468 2445 2406 2431 2503 2584 2606 2546 2474 2470 2523 2501 2303 2146 2178 2275 2364 2395 2345 2320 2439 2590 2627
1249 1243 1241 1235 1231 1240 1251 1265 1272 1281 1290 1307 1333 1357 1384 1426 1489 1546 1557 1502 1423 1362 1344 1379 1450 1488 1476 1434 1372 1301 1250 1231 1241 1258 1275 1316 1401 1502 1577 1635 1731 1833 1886 1899 1904 1927 1968 1995 2017 2033 2020 1983 1967 1993 2033 2051 2039 2052 2117 2195 2219 2174 2112 2129 2174 2162 2147 2187 2282 2408 2462 2377 2290 2342 2492 2532 2294 1995 1887 1889 1910 1925 1913 1964 2186 2438 2549
1232 1237 1240 1244 1252 1264 1275 1272 1257 1252 1261 1289 1326 1370 1420 1481 1555 1628 1685 1696 1676 1628 1560 1550 1632 1710 1731 1696 1606 1486 1374 1302 1262 1246 1241 1246 1268 1299 1325 1355 1411 1478 1523 1555 1598 1658 1717 1740 1750 1754 1736 1706 1695 1705 1730 1739 1736 1739 1767 1796 1799 1764 1718 1720 1752 1762 1782 1826 1909 2049 2136 2091 2115 2327 2553 2596 2390 2153 2066 2017 1919 1827 1770 1768 1924 2206 2367
1240 1251 1265 1290 1310 1321 1315 1297 1278 1276 1289 1312 1351 1412 1487 1564 1614 1628 1623 1636 1678 1679 1603 1541 1605 1731 1812 1834 1788 1685 1575 1481 1411 1357 1310 1280 1272 1276 1282 1290 1299 1307 1318 1333 1359 1396 1433 1456 1465 1471 1472 1466 1457 1457 1468 1480 1483 1493 1506 1504 1492 1491 1490 1490 1505 1532 1553 1565 1585 1647 1714 1793 2023 2359 2605 2669 2545 2403 2389 2399 2326 2215 2115 1985 1897 1977 2081
1265 1291 1325 1350 1365 1373 1382 1388 1394 1404 1416 1438 1475 1526 1587 1641 1644 1571 1472 1430 1457 1472 1426 1406 1493 1634 1746 1826 1855 1841 1803 1753 1694 1612 1505 1425 1379 1349 1331 1322 1323 1323 1326 1322 1312 1311 1320 1333 1347 1358 1366 1373 1375 1380 1394 1412 1426 1452 1483 1491 1487 1503 1524 1525 1522 1541 1584 1622 1622 1568 1506 1627 2000 2384 2607 2700 2644 2482 2380 2406 2447 2409 2306 2139 1918 1801 1836
1301 1338 1370 1391 1407 1436 1473 1507 1529 1546 1564 1589 1609 1618 1628 1643 1631 1552 1416 1308 1271 1272 1273 1282 1342 1430 1537 1671 1791 1874 1931 1959 1945 1883 1776 1671 1577 1488 1423 1395 1386 1390 1390 1374 1353 1348 1356 1368 1379 1381 1380 1388 1404 1418 1437 1458 1473 1499 1535 1566 1595 1632 1670 1660 1612 1604 1672 1806 1878 1747 1536 1529 1814 2179 2461 2638 2678 2540 2291 2159 2181 2165 2064 1906 1724 1623 1697
1344 1375 1392 1406 1436 1480 1519 1549 1578 1602 1626 1635 1612 1551 1484 1466 1485 1477 1402 1305 1262 1270 1286 1281 1266 1267 1312 1417 1558 1704 1827 1909 1939 1928 1880 1806 1715 1643 1605 1586 1566 1530 1494 1463 1445 1446 1454 1449 1432 1407 1395 1419 1471 1519 1542 1533 1520 1540 1581 1622 1676 1758 1846 1858 1771 1696 1736 1905 1998 1830 1569 1460 1546 1762 2077 2405 2622 2622 2368 2068 1899 1788 1683 1578 1490 1462 1543
1337 1354 1350 1345 1367 1403 1428 1450 1481 1510 1519 1505 1445 1349 1264 1237 1263 1293 1293 1296 1319 1348 1363 1359 1332 1301 1278 1283 1336 1431 1549 1651 1706 1720 1708 1680 1679 1742 1814 1853 1846 1795 1746 1724 1716 1691 1631 1552 1491 1450 1433 1449 1513 1607 1665 1639 1588 1594 1640 1687 1729 1813 1962 2078 2036 1899 1822 1843 1841 1719 1588 1533 1512 1510 1673 2049 2433 2588 2424 2070 1741 1540 1459 1423 1406 1423 1477
1240 1242 1231 1219 1228 1251 1275 1294 1315 1323 1314 1292 1261 1224 1197 1188 1190 1190 1198 1239 1290 1327 1354 1369 1384 1398 1382 1336 1295 1292 1335 1383 1412 1420 1429 1450 1523 1665 1819 1925 1960 1958 1977 2028 2069 2047 1926 1741 1614 1577 1556 1517 1510 1569 1664 1691 1661 1669 1729 1793 1831 1878 2029 2248 2341 2212 1975 1808 1758 1773 1785 1749 1637 1493 1478 1704 2105 2376 2282 1931 1592 1428 1398 1409 1436 1498 1584
1153 1164 1186 1207 1195 1183 1191 1211 1235 1245 1241 1233 1264 1306 1327 1319 1284 1236 1198 1189 1214 1255 1298 1337 1387 1441 1461 1423 1363 1338 1338 1333 1317 1300 1289 1308 1357 1458 1594 1703 1756 1801 1906 2045 2155 2215 2178 2044 1930 1896 1846 1723 1591 1532 1568 1634 1666 1700 1777 1884 1962 2003 2102 2329 2523 2457 2182 1996 2035 2145 2158 2018 1762 1524 1420 1478 1702 1925 1879 1643 1460 1432 1497 1561 1606 1694 1807
1137 1179 1270 1355 1352 1287 1235 1241 1315 1386 1400 1391 1422 1486 1528 1515 1444 1348 1264 1206 1189 1215 1264 1322 1386 1425 1440 1420 1398 1405 1416 1408 1385 1367 1344 1329 1328 1338 1381 1430 1465 1514 1625 1772 1901 2020 2114 2163 2180 2203 2197 2080 1871 1683 1613 1628 1644 1659 1727 1872 2044 2157 2212 2361 2568 2606 2456 2350 2391 2426 2331 2089 1760 1516 1438 1437 1471 1523 1499 1429 1427 1549 1747 1896 1965 2046 2128
1206 1259 1361 1481 1520 1463 1370 1336 1442 1579 1626 1616 1620 1654 1688 1688 1623 1512 1400 1291 1219 1213 1258 1324 1417 1480 1479 1440 1411 1423 1452 1455 1450 1447 1429 1403 1376 1353 1337 1333 1335 1354 1397 1465 1547 1648 1760 1870 1996 2151 2293 2339 2233 2058 1952 1899 1821 1749 1747 1866 2113 2354 2448 2505 2626 2692 2632 2501 2362 2220 2039 1809 1607 1565 1609 1581 1516 1478 1446 1412 1439 1581 1824 2055 2198 2279 2298
1370 1385 1407 1448 1490 1491 1425 1375 1460 1614 1699 1732 1748 1769 1789 1796 1766 1686 1565 1409 1281 1252 1292 1344 1438 1552 1594 1548 1478 1456 1481 1506 1506 1496 1476 1449 1419 1394 1379 1369 1359 1360 1358 1358 1380 1420 1457 1515 1633 1845 2086 2264 2331 2322 2319 2308 2229 2125 2063 2091 2248 2484 2624 2660 2694 2699 2616 2423 2158 1901 1698 1567 1580 1771 1922 1839 1698 1645 1589 1490 1432 1479 1608 1785 1945 2045 2073
1472 1446 1385 1341 1344 1360 1337 1310 1358 1468 1571 1651 1716 1769 1809 1823 1799 1727 1636 1523 1406 1364 1382 1396 1440 1535 1606 1619 1574 1534 1546 1590 1601 1564 1515 1476 1450 1439 1438 1430 1419 1410 1404 1403 1417 1427 1420 1414 1452 1570 1752 1925 2045 2141 2265 2394 2443 2424 2406 2420 2473 2570 2646 2675 2684 2669 2607 2482 2282 2030 1811 1683 1703 1938 2168 2142 1995 1890 1737 1561 1497 1513 1512 1531 1577 1616 1653
1409 1381 1321 1266 1250 1251 1246 1242 1256 1301 1363 1439 1528 1622 1693 1720 1692 1642 1638 1650 1614 1580 1569 1548 1535 1564 1623 1680 1709 1688 1681 1733 1773 1726 1628 1545 1510 1512 1518 1501 1477 1463 1467 1475 1481 1476 1463 1451 1463 1490 1531 1592 1664 1761 1894 2053 2156 2197 2282 2431 2540 2582 2605 2602 2586 2568 2546 2516 2472 2373 2213 2011 1881 2024 2313 2422 2294 2036 1748 1585 1656 1744 1697 1642 1585 1499 1440
1287 1273 1250 1229 1222 1221 1221 1224 1225 1229 1242 1269 1323 1403 1472 1504 1509 1553 1666 1755 1775 1775 1773 1756 1735 1736 1771 1830 1894 1910 1891 1911 1967 1963 1856 1716 1649 1657 1655 1625 1600 1579 1562 1544 1525 1511 1510 1528 1560 1570 1548 1532 1549 1578 1628 1729 1822 1868 1975 2156 2307 2388 2459 2483 2438 2387 2324 2275 2318 2428 2478 2355 2203 2289 2505 2549 2305 1937 1655 1593 1783 1953 1985 1963 1828 1628 1470
1204 1204 1207 1214 1222 1228 1235 1243 1247 1242 1234 1231 1240 1268 1303 1333 1382 1504 1657 1750 1785 1822 1849 1861 1868 1877 1906 1958 2017 2059 2067 2063 2080 2108 2078 1975 1914 1924 1908 1878 1865 1831 1749 1654 1606 1607 1650 1709 1766 1760 1687 1648 1661 1681 1727 1834 1948 2022 2076 2158 2239 2300 2371 2393 2304 2154 2032 2010 2128 2342 2510 2511 2466 2526 2603 2519 2202 1837 1630 1624 1820 2037 2214 2243 1994 1686 1492
1190 1186 1198 1217 1233 1248 1265 1277 1281 1275 1267 1253 1236 1239 1257 1291 1356 1462 1569 1637 1698 1774 1829 1857 1875 1888 1928 1993 2059 2115 2159 2182 2182 2187 2218 2217 2193 2180 2153 2127 2115 2066 1952 1827 1779 1822 1917 2014 2092 2086 1972 1887 1904 1967 2048 2148 2242 2328 2399 2448 2459 2404 2344 2302 2170 1967 1896 2029 2210 2356 2411 2346 2303 2363 2433 2423 2232 1915 1697 1708 1947 2216 2402 2357 2001 1656 1481
1200 1190 1197 1220 1242 1262 1290 1312 1317 1305 1290 1276 1259 1244 1249 1293 1357 1414 1461 1521 1619 1735 1815 1858 1886 1905 1941 2009 2091 2156 2211 2251 2273 2288 2317 2334 2300 2246 2201 2162 2128 2078 2010 1941 1912 1942 2009 2088 2199 2314 2311 2221 2190 2231 2270 2278 2278 2318 2405 2494 2504 2383 2219 2112 1963 1804 1847 2045 2169 2172 2082 1958 1931 2037 2206 2355 2320 2064 1839 1862 2172 2497 2580 2344 1914 1621 1508
1203 1190 1196 1222 1244 1257 1283 1319 1341 1335 1314 1297 1278 1256 1253 1289 1362 1432 1481 1534 1618 1722 1803 1857 1913 1960 1998 2050 2114 2167 2207 2242 2278 2314 2337 2338 2290 2220 2148 2074 2007 1963 1948 1941 1933 1921 1897 1896 2003 2242 2439 2441 2347 2289 2253 2206 2139 2099 2182 2351 2433 2319 2086 1893 1738 1667 1756 1866 1896 1868 1828 1808 1837 1957 2186 2433 2494 2334 2151 2151 2402 2646 2630 2305 1876 1640 1567
1202 1192 1191 1210 1219 1221 1240 1278 1328 1359 1363 1352 1332 1304 1282 1289 1361 1487 1594 1637 1658 1693 1745 1801 1872 1944 2011 2059 2089 2108 2125 2164 2215 2261 2286 2269 2205 2130 2032 1917 1830 1835 1923 2005 2032 2030 2003 1966 1978 2163 2411 2469 2381 2286 2226 2133 1990 1931 2071 2280 2378 2274 1991 1732 1673 1796 1953 1993 1992 2024 2080 2130 2159 2221 2379 2576 2658 2604 2510 2494 2578 2646 2601 2373 2047 1822 1715
1198 1198 1197 1190 1178 1172 1188 1228 1294 1358 1400 1418 1420 1410 1385 1364 1386 1479 1576 1607 1589 1586 1609 1647 1697 1781 1879 1946 1957 1943 1949 1998 2076 2151 2182 2136 2017 1885 1787 1721 1698 1787 1983 2147 2208 2225 2264 2276 2254 2311 2411 2402 2306 2214 2137 1994 1837 1876 2077 2211 2239 2141 1864 1632 1720 2016 2243 2319 2358 2406 2455 2511 2534 2519 2528 2598 2630 2602 2568 2543 2516 2493 2500 2486 2385 2235 2119
1195 1204 1203 1186 1159 1147 1157 1189 1247 1319 1388 1444 1479 1503 1503 1490 1473 1479 1498 1492 1475 1482 1503 1501 1484 1510 1581 1650 1670 1670 1686 1730 1817 1926 1989 1932 1772 1621 1596 1660 1736 1854 2043 2207 2273 2316 2408 2475 2460 2415 2377 2320 2241 2143 2001 1794 1658 1734 1851 1866 1849 1797 1653 1593 1801 2092 2263 2367 2443 2457 2484 2573 2601 2500 2378 2340 2320 2281 2255 2218 2165 2147 2252 2417 2524 2547 2520
1181 1186 1190 1175 1156 1151 1158 1166 1198 1256 1332 1411 1471 1513 1539 1544 1527 1501 1477 1456 1456 1491 1534 1530 1478 1411 1382 1379 1384 1406 1433 1458 1502 1594 1671 1649 1542 1490 1584 1748 1886 2002 2139 2261 2320 2360 2426 2451 2379 2260 2185 2166 2176 2146 1974 1708 1587 1632 1630 1559 1528 1525 1516 1582 1804 2019 2106 2178 2225 2184 2222 2364 2363 2180 1987 1901 1878 1857 1833 1798 1769 1799 1934 2116 2277 2412 2520
1158 1154 1149 1142 1150 1168 1183 1182 1189 1212 1258 1317 1376 1417 1446 1455 1450 1442 1433 1431 1458 1512 1567 1602 1611 1571 1488 1390 1323 1318 1336 1342 1344 1364 1410 1429 1418 1461 1588 1768 1953 2116 2258 2375 2440 2466 2458 2376 2219 2057 1965 1957 1996 2014 1885 1679 1656 1741 1722 1644 1606 1603 1610 1603 1655 1764 1825 1863 1878 1822 1843 1955 1939 1833 1764 1760 1777 1760 1725 1704 1706 1752 1852 1924 1968 2084 2271
1146 1139 1129 1122 1135 1163 1201 1232 1246 1234 1223 1236 1260 1286 1307 1315 1325 1351 1367 1385 1441 1506 1557 1633 1721 1776 1740 1603 1440 1356 1349 1359 1355 1354 1372 1397 1414 1457 1536 1653 1824 2035 2238 2384 2475 2518 2495 2383 2221 2075 1989 1943 1874 1768 1662 1620 1698 1796 1827 1834 1851 1881 1873 1750 1615 1621 1698 1758 1779 1723 1665 1674 1708 1792 1938 2038 2023 1959 1928 1900 1874 1936 2062 2066 1949 1952 2120
1165 1187 1183 1151 1129 1136 1173 1244 1304 1305 1279 1268 1260 1262 1283 1308 1336 1374 1403 1424 1460 1519 1596 1695 1788 1875 1907 1801 1577 1415 1376 1388 1392 1403 1430 1456 1469 1491 1533 1605 1728 1913 2122 2298 2415 2482 2493 2440 2354 2269 2197 2084 1864 1633 1590 1712 1839 1919 2012 2114 2204 2286 2262 2030 1761 1702 1819 1958 2002 1893 1766 1756 1811 1934 2187 2382 2356 2271 2253 2194 2105 2158 2306 2328 2210 2172 2282
1227 1319 1346 1281 1189 1137 1139 1186 1255 1294 1307 1310 1301 1309 1357 1409 1464 1525 1574 1578 1555 1574 1629 1680 1710 1758 1814 1772 1608 1455 1405 1416 1429 1456 1493 1526 1553 1605 1693 1793 1891 1978 2066 2185 2313 2396 2430 2425 2396 2351 2273 2076 1779 1617 1742 1992 2178 2281 2367 2439 2505 2580 2556 2333 2052 1946 2042 2226 2304 2166 2038 2077 2124 2149 2343 2583 2622 2573 2572 2523 2415 2397 2478 2538 2524 2513 2550
1285 1431 1508 1463 1351 1251 1202 1194 1219 1267 1302 1311 1310 1336 1407 1478 1544 1625 1680 1663 1614 1599 1619 1608 1585 1596 1638 1639 1578 1497 1448 1452 1486 1525 1568 1620 1688 1803 1957 2068 2109 2105 2079 2101 2186 2294 2341 2326 2281 2224 2119 1892 1683 1723 1988 2287 2484 2550 2523 2465 2444 2475 2490 2448 2372 2339 2391 2507 2576 2493 2407 2460 2511 2482 2528 2642 2662 2622 2639 2655 2584 2499 2492 2547 2595 2615 2608
