data_analyses/maxent/chelseacur_asc/elev.asc
ncols         195
nrows         278
xllcorner     -122.86680578405
yllcorner     43.49152724385
cellsize      0.0083333333
NODATA_value  -9999
[rows 160 to 199 of 278, columns 0 to 89 of 195]
229 200 172 200 190 167 150 143 137 138 135 178 227 173 166 194 233 247 257 303 354 384 381 364 401 462 531 638 674 721 749 760 798 839 861 818 776 660 455 470 460 342 291 298 309 308 305 351 393 411 337 365 419 426 459 545 538 598 672 790 1026 1104 959 857 811 1045 1235 1213 1103 935 1069 1240 1208 1078 1123 1182 1098 1143 1259 1215 1144 1108 1060 996 933 784 794 890 946 987
197 221 259 316 292 235 171 147 146 146 136 142 177 196 191 189 184 187 216 289 247 292 325 399 420 458 531 584 623 608 635 621 622 664 722 714 655 613 501 384 343 299 342 423 466 388 373 425 460 430 393 512 627 584 631 739 659 707 667 852 942 830 728 714 850 985 1041 1151 1141 1007 1161 1241 1188 1153 1145 1059 1046 1123 1204 1335 1230 1121 1053 1075 961 845 849 998 1110 1148
273 270 350 359 334 274 190 155 149 144 137 163 294 308 286 255 249 251 222 213 244 288 374 425 478 491 507 526 524 513 531 548 529 582 623 604 541 443 335 346 337 415 430 485 572 470 548 460 496 519 512 611 734 712 815 850 800 822 874 900 796 636 697 731 813 875 1045 1198 1201 1169 1193 1102 948 957 1004 944 1055 1188 1277 1377 1255 1149 1225 1162 1061 935 870 994 1034 1160
363 346 334 284 316 310 211 169 157 153 139 175 276 335 358 346 312 305 278 268 280 329 393 502 551 503 444 457 422 416 463 487 438 424 427 435 333 301 393 536 528 509 622 633 676 644 641 551 580 698 754 702 808 838 900 804 671 679 772 744 621 678 841 827 941 1048 1136 1255 1185 1108 1067 1076 889 783 848 947 1076 1205 1296 1364 1402 1333 1310 1198 1059 909 929 946 963 1049
443 406 326 266 214 191 178 160 164 156 144 145 246 315 328 377 393 402 402 378 357 314 395 490 448 435 395 389 350 333 392 369 306 269 305 353 434 513 544 652 649 692 720 736 739 737 695 698 798 856 887 869 856 720 762 752 604 541 564 563 672 793 992 1053 1054 1177 1232 1249 1147 1037 910 789 747 696 803 939 1047 1159 1230 1291 1329 1329 1327 1256 1110 956 1078 1087 1064 1024
407 356 309 247 188 168 177 170 178 164 150 146 183 211 231 283 334 348 333 327 352 378 391 392 365 331 339 307 241 238 234 236 319 387 502 558 564 600 587 561 507 621 626 632 653 735 839 859 957 877 761 717 711 582 533 644 581 500 526 719 856 988 1058 1012 977 942 1058 1151 957 1038 1068 945 665 689 784 886 1001 1081 1164 1225 1218 1201 1174 1197 1105 1010 1095 1212 1184 1123
436 390 326 280 206 190 196 204 215 184 168 154 151 162 171 238 234 213 190 190 231 261 266 241 260 232 235 226 195 223 268 322 425 466 486 474 434 475 432 488 428 467 490 568 605 634 750 776 857 826 613 514 538 444 442 473 474 542 676 785 823 982 1009 897 816 762 897 1006 754 719 831 769 568 640 767 947 1065 1010 996 997 999 1056 1093 1174 1151 1081 1186 1265 1396 1223
459 405 325 275 256 258 233 275 278 253 225 206 166 185 205 209 181 161 161 170 170 175 179 182 189 193 190 202 236 235 256 265 327 340 322 266 312 370 371 427 354 411 502 575 513 508 543 593 681 663 562 440 398 478 596 672 646 638 620 633 660 813 779 710 650 707 722 759 707 570 612 547 616 777 921 974 902 819 799 846 942 1108 1267 1317 1223 1188 1241 1423 1557 1354
528 467 373 324 336 350 342 384 369 321 277 246 211 194 175 175 161 164 168 180 185 190 198 201 204 262 286 286 286 291 287 269 256 227 237 244 254 273 277 391 336 375 413 418 403 373 363 450 485 453 409 342 387 452 499 547 560 449 439 448 479 538 516 496 506 498 498 471 495 526 497 538 699 794 858 830 713 699 792 891 1013 1257 1367 1321 1252 1375 1442 1415 1445 1473
552 494 417 373 366 351 404 424 362 317 296 270 252 221 198 171 169 173 184 189 192 202 235 255 216 219 277 351 367 353 368 330 291 291 311 341 373 411 351 328 286 297 297 300 304 273 290 307 313 329 300 446 484 477 404 413 441 521 539 568 553 508 500 517 539 587 587 608 633 722 716 644 591 589 618 628 726 849 928 1068 1203 1278 1202 1177 1221 1327 1348 1325 1311 1272
389 449 390 315 297 262 301 388 369 336 293 294 263 257 247 222 213 196 204 244 270 297 335 324 322 255 217 249 364 482 438 386 371 375 398 406 489 520 480 440 369 312 302 290 331 361 384 393 409 515 520 423 415 503 543 628 702 660 633 682 769 855 865 852 762 819 830 805 842 834 1031 1025 851 791 641 589 668 816 949 1025 1027 1053 1045 1026 1089 1130 1262 1508 1527 1442
284 396 405 280 238 245 225 322 355 342 298 243 251 285 265 283 266 257 254 230 249 270 285 313 339 293 234 239 258 396 499 453 433 403 414 439 494 606 520 458 390 379 449 509 499 589 535 498 504 625 649 533 496 410 447 430 469 520 665 749 891 1054 1124 1146 1144 1178 1149 1132 1228 1046 1205 1214 1152 1088 813 687 607 706 796 817 791 837 874 916 971 1053 1154 1286 1370 1480
246 265 293 236 222 184 182 278 281 298 260 243 289 231 255 307 291 304 299 293 259 270 294 315 319 314 293 281 323 301 292 332 351 334 364 407 420 447 417 426 473 577 601 684 702 651 692 617 557 613 682 651 726 558 615 637 523 463 656 789 914 1015 1174 1187 1230 1277 1263 1277 1302 1205 1338 1308 1262 1094 895 773 752 669 693 778 893 1046 1118 1112 1021 1012 1127 1178 1218 1267
151 160 154 160 159 158 160 185 198 229 207 208 214 218 238 252 261 291 365 338 327 291 312 328 351 366 335 337 328 349 288 311 362 361 365 371 406 472 577 600 569 562 639 738 769 754 767 701 702 665 747 774 809 782 719 750 655 505 558 721 853 992 1116 1165 1215 1288 1314 1312 1311 1386 1380 1268 1194 1112 992 956 897 762 715 836 954 1159 1256 1277 1224 1098 1211 1220 1194 1175
141 143 148 153 158 159 164 165 180 187 189 201 200 210 233 234 266 324 425 451 392 359 371 402 477 478 396 388 400 398 332 300 336 408 452 600 714 751 813 791 681 646 550 591 620 748 804 835 866 769 792 875 910 908 859 843 839 699 550 605 786 1046 1164 1181 1139 1171 1226 1283 1349 1433 1493 1382 1306 1163 1080 1093 1075 1056 904 929 1099 1236 1335 1290 1227 1190 1248 1287 1312 1304
246 186 154 151 201 203 227 233 225 203 177 175 184 214 235 259 316 425 536 546 496 472 511 519 542 489 454 457 478 478 462 440 357 323 342 432 645 770 808 824 818 796 731 829 669 659 724 767 881 949 882 935 994 1023 1027 884 807 708 600 521 667 953 1067 1039 975 981 1079 1117 1164 1170 1202 1316 1433 1265 1159 1198 1234 1142 1062 1025 1117 1191 1272 1337 1309 1268 1294 1312 1349 1445
342 240 171 157 161 262 327 281 239 241 224 216 188 189 219 264 316 427 525 596 624 603 576 575 569 527 526 548 554 535 528 484 464 479 485 487 454 531 661 805 928 908 856 888 852 839 832 834 861 973 1015 969 1041 1112 1063 947 893 803 682 562 543 673 851 876 853 863 904 1000 1040 1155 1134 1201 1362 1462 1465 1401 1282 1253 1079 1148 1226 1262 1312 1355 1475 1425 1324 1245 1227 1284
297 226 185 179 164 240 367 339 286 304 312 287 247 219 198 244 288 368 508 608 603 628 651 654 598 596 601 615 601 593 565 618 766 738 690 750 606 499 519 656 682 709 815 919 959 977 924 984 995 988 1087 1108 1114 1080 984 892 819 799 717 595 571 603 640 702 767 918 1058 1224 1283 1384 1215 1187 1273 1474 1389 1282 1231 1179 1187 1225 1333 1337 1403 1411 1316 1276 1323 1241 1133 1199
361 269 230 205 209 201 295 366 367 407 423 356 308 302 248 231 234 275 354 470 480 595 678 672 659 708 676 660 653 672 797 786 871 938 900 929 783 638 653 578 533 590 725 777 955 1057 1037 1065 1135 1121 1193 1246 1176 1080 972 900 802 741 672 604 649 835 808 651 812 1019 1057 1098 1168 1289 1359 1390 1398 1283 1304 1219 1099 1118 1256 1278 1275 1226 1221 1265 1140 1133 1245 1227 1105 1103
380 337 329 247 304 235 315 373 354 397 467 400 396 379 335 322 281 243 234 255 311 371 441 533 589 705 726 696 734 907 907 849 922 1025 1033 970 767 827 894 742 720 617 597 614 766 813 809 918 1065 1155 1222 1257 1240 1128 1018 947 883 801 701 632 769 949 951 767 808 946 888 999 1146 1243 1336 1332 1328 1190 1127 1043 920 1028 1163 1140 1184 1124 1028 1019 992 1088 1235 1216 1101 1034
566 452 381 289 342 274 281 293 333 354 412 464 494 464 424 408 400 370 327 283 247 259 283 308 404 599 581 584 640 809 668 664 885 898 971 1040 988 985 1006 908 786 740 812 738 627 635 782 921 963 955 1089 1101 1084 1167 1039 942 896 833 763 679 870 1021 964 826 765 773 829 954 1103 1254 1255 1203 1152 1151 1135 992 872 865 905 1051 1107 1037 962 889 957 1144 1070 1070 1067 1003
555 478 385 339 367 287 319 375 382 400 419 561 648 594 551 551 575 506 459 404 360 338 311 297 278 308 352 352 450 537 466 514 667 813 996 1050 1041 1145 1146 1060 956 922 986 910 778 825 683 701 738 758 835 868 964 1187 1152 1044 1021 923 833 723 850 1110 1113 1029 980 929 1045 1015 1086 1148 1114 1069 904 1096 1184 977 845 816 939 969 969 966 849 825 901 975 1064 1125 1134 1061
586 529 513 433 378 313 344 464 598 587 578 666 675 704 714 690 747 715 634 628 617 479 425 406 409 427 467 429 344 343 368 479 636 805 852 796 851 1061 911 933 1103 1128 1131 1068 995 984 840 753 811 786 866 912 980 1123 1209 1147 1046 965 879 847 916 1152 1310 1230 1036 1097 1224 1111 1177 1223 1009 850 872 1105 1092 971 880 752 801 857 882 776 785 896 1033 1157 1355 1391 1228 1116
557 514 495 441 417 366 400 423 495 555 604 538 506 562 564 566 644 715 725 739 767 663 569 569 631 627 639 582 514 443 419 379 381 495 568 601 830 773 727 868 995 894 911 871 991 1037 915 853 931 1025 1017 1107 1144 1118 1137 1088 1049 1052 1105 1056 966 1013 1103 1250 1145 1137 1288 1290 1332 1337 1172 1018 788 809 858 850 951 817 736 893 796 719 859 1065 1249 1358 1473 1387 1202 1126
489 427 427 421 386 375 328 308 330 393 470 406 400 417 391 414 454 520 542 637 734 768 764 756 784 805 786 684 601 550 580 551 424 409 376 446 577 536 651 665 824 849 703 672 790 779 825 1044 1103 1198 1238 1153 1022 1003 964 983 945 1072 1211 1168 1211 1194 1285 1333 1339 1363 1363 1422 1348 1280 1299 1150 1012 785 706 737 922 825 661 699 706 786 949 1091 1150 1242 1238 1344 1372 1132
400 354 439 400 383 428 363 298 291 317 330 316 311 309 300 310 322 365 413 485 602 687 686 664 685 749 856 767 750 735 675 566 634 615 505 448 439 437 465 469 552 633 589 655 705 656 754 829 1009 1171 1163 1094 885 840 832 810 898 1106 1142 1072 1128 1037 1183 1114 1201 1365 1224 1190 1235 1019 957 1038 1174 1043 857 655 796 710 633 732 860 936 929 940 980 1070 1258 1493 1335 1123
308 377 404 345 346 365 345 310 251 288 270 258 258 282 331 346 352 341 345 400 485 527 549 568 645 762 942 939 895 850 774 774 858 832 726 640 555 682 669 550 485 469 477 560 581 628 690 857 1016 1027 898 1013 861 767 732 804 975 1051 1087 971 992 915 944 987 1203 1172 970 1069 1076 1132 897 902 1104 1070 856 653 632 644 705 802 839 838 823 882 980 1124 1276 1370 1340 1373
289 302 342 395 297 268 267 277 261 233 259 273 325 359 449 508 496 490 475 406 378 418 452 548 746 856 972 964 925 891 911 964 1049 1028 958 887 688 818 911 708 705 711 583 502 495 564 740 752 817 786 730 807 758 725 659 762 819 862 1004 966 816 817 983 1166 1265 1065 924 826 867 1023 838 834 1131 996 805 619 669 771 831 814 712 738 870 1033 1084 1050 1056 1183 1421 1363
321 279 321 375 314 252 220 231 225 254 305 352 418 523 573 635 670 748 652 578 438 386 446 578 616 695 753 762 758 769 786 934 977 1059 1081 984 838 931 1023 936 875 917 822 675 565 581 517 539 560 599 630 650 594 604 613 656 637 684 705 748 773 856 1055 1196 1381 1237 1032 1023 848 729 693 752 940 736 579 624 722 731 690 650 667 725 856 928 891 884 926 1044 1228 1292
359 301 264 365 340 262 213 252 297 292 354 454 493 553 649 722 758 842 772 642 528 528 510 486 477 516 543 586 618 645 705 809 877 993 1098 1052 978 1000 928 954 1018 998 968 757 646 767 709 799 772 688 591 681 735 656 733 722 740 798 813 930 930 1053 1177 1301 1328 1228 1246 1297 1113 925 714 604 708 551 635 676 586 595 632 680 705 712 716 743 781 891 973 1020 1019 1086
347 322 270 282 273 208 265 398 407 384 428 478 477 522 621 615 660 802 718 628 593 596 551 468 549 673 679 742 759 770 882 871 976 1072 1052 975 915 780 721 883 977 831 771 805 813 893 953 923 954 945 823 874 858 814 930 915 919 1014 950 1147 1154 1226 1295 1294 1158 1024 946 977 1012 954 778 604 519 606 557 573 703 766 858 927 966 1030 933 855 918 1120 1310 1365 1344 1148
344 290 260 229 193 210 274 352 414 398 337 347 389 467 536 514 536 651 801 761 690 640 646 548 553 639 675 775 871 915 998 1032 1068 1066 968 888 820 799 620 822 960 937 763 625 695 722 912 842 715 829 865 751 790 870 930 1000 1048 1220 1204 1261 1336 1171 1014 981 1103 1082 883 746 888 738 680 603 496 519 626 757 905 943 986 1188 1287 1302 1186 1145 1001 1067 1221 1377 1481 1275
358 310 250 194 189 221 249 290 301 290 293 359 391 415 505 454 418 531 600 608 553 610 626 671 658 720 755 791 855 898 975 1039 1085 1039 905 798 686 646 566 709 878 860 812 614 555 678 696 694 615 697 683 717 800 710 760 702 831 1011 1175 1205 1291 1210 986 809 770 865 900 682 727 836 786 657 454 609 765 895 888 838 890 1066 1156 1101 1194 1275 1237 1174 1243 1315 1422 1323
318 224 192 180 219 254 286 281 240 246 285 285 297 322 365 360 378 457 434 419 422 462 487 532 597 674 823 938 979 987 914 861 898 971 920 813 726 620 514 596 825 766 646 680 512 527 559 570 594 690 781 800 695 588 642 771 899 1048 1109 917 984 951 1003 821 633 756 768 597 727 634 776 666 448 576 785 762 687 668 704 873 818 770 848 1030 1031 905 885 963 1060 924
268 210 173 183 196 196 198 217 231 271 295 296 286 287 299 289 326 355 361 350 420 443 450 493 536 613 731 791 834 861 791 741 690 866 926 832 819 675 533 481 680 649 599 479 480 606 640 671 742 778 731 606 531 641 799 953 1014 1154 1087 951 784 659 769 654 586 629 553 655 657 522 582 466 500 589 675 589 537 518 501 526 555 562 628 709 680 602 586 606 643 586
218 167 193 237 247 274 268 301 286 314 396 418 378 368 375 350 333 385 372 437 468 511 555 561 596 623 717 709 650 671 640 556 574 748 798 721 688 638 588 453 485 499 440 510 553 548 627 652 619 608 527 597 685 660 757 875 813 1019 894 753 869 719 607 663 475 575 621 480 442 454 436 537 672 669 595 465 408 391 399 407 425 443 471 472 454 449 455 457 469 470
166 168 188 214 242 263 281 305 332 379 517 558 548 530 492 446 447 533 522 509 582 659 673 705 687 721 741 667 549 536 574 511 445 558 687 746 642 525 492 518 413 424 552 545 435 524 500 466 491 575 577 582 577 663 740 799 701 849 692 626 690 759 581 498 433 483 468 524 562 449 419 433 464 463 441 382 385 398 419 412 408 420 431 428 432 447 514 580 635 634
184 244 258 273 281 310 331 355 340 352 433 512 610 670 620 581 608 676 698 754 721 706 761 757 766 807 736 646 517 445 462 488 420 423 531 612 574 545 421 351 392 463 419 409 515 475 522 584 699 726 759 722 661 632 706 770 675 595 563 561 503 558 497 425 491 618 534 481 442 366 363 374 376 375 379 396 444 501 592 610 526 456 448 450 457 494 519 533 554 575
300 373 417 382 353 397 552 582 544 515 480 539 631 682 719 679 700 805 884 846 757 657 688 714 691 722 742 654 553 452 397 373 430 347 375 406 382 391 395 331 351 409 497 593 669 670 698 730 652 728 890 913 886 700 707 808 899 709 566 446 363 339 338 349 403 376 350 347 360 376 391 432 402 383 421 528 553 678 879 809 652 562 547 581 620 596 566 572 564 548
360 414 452 437 463 495 647 705 705 695 667 691 719 734 763 799 794 775 703 630 559 535 593 644 588 616 674 639 569 459 339 302 276 274 256 260 283 314 332 325 430 595 684 685 638 526 618 584 516 591 654 764 895 825 906 848 748 629 524 383 320 391 396 352 352 359 397 437 538 556 592 538 489 399 431 601 606 727 867 840 865 929 813 814 786 811 915 882 918 811
