data_analyses/maxent/chelseacur_asc/elev.asc
ncols         195
nrows         278
xllcorner     -122.86680578405
yllcorner     43.49152724385
cellsize      0.0083333333
NODATA_value  -9999
[rows 160 to 199 of 278, columns 90 to 179 of 195]
1073 1257 1406 1409 1349 1311 1227 1253 1356 1309 1202 1173 1129 1143 1151 1173 1173 1196 1239 1312 1366 1424 1478 1540 1620 1672 1676 1649 1655 1701 1761 1879 2019 1879 1741 1737 1683 1567 1464 1411 1375 1326 1261 1165 1092 1053 1020 1004 992 999 956 931 926 923 913 912 909 923 939 977 1124 1421 1417 1379 1328 1260 1209 1166 1164 1151 1146 1129 1100 1114 1169 1256 1314 1287 1213 1093 988 930 905 891 882 877 865 855 854 855
1211 1281 1427 1600 1544 1457 1415 1382 1340 1282 1183 1163 1120 1138 1116 1144 1150 1164 1220 1285 1365 1434 1494 1568 1660 1765 1733 1673 1634 1677 1741 1822 1836 1748 1656 1604 1561 1510 1464 1426 1381 1342 1267 1197 1152 1114 1046 997 989 970 951 941 936 926 920 918 912 933 964 999 1133 1404 1394 1352 1324 1265 1247 1213 1198 1190 1186 1184 1140 1084 1088 1121 1168 1169 1089 1012 950 904 889 884 882 872 863 858 862 855
1266 1335 1541 1470 1359 1264 1270 1272 1279 1241 1156 1089 1081 1117 1105 1107 1129 1151 1204 1264 1344 1418 1479 1553 1602 1624 1624 1608 1620 1599 1690 1721 1744 1637 1564 1519 1426 1397 1358 1300 1242 1193 1183 1184 1159 1111 1067 1020 991 971 959 946 936 932 926 921 910 929 974 1065 1138 1373 1361 1306 1309 1291 1270 1254 1241 1243 1241 1247 1199 1107 1050 1027 1027 1020 993 956 920 889 883 888 888 874 835 809 802 808
1184 1357 1575 1571 1453 1292 1229 1172 1131 1144 1166 1102 1063 1069 1064 1064 1104 1147 1180 1241 1292 1356 1416 1467 1479 1530 1499 1535 1587 1537 1583 1632 1721 1675 1592 1531 1473 1455 1385 1325 1307 1295 1284 1266 1189 1078 1014 992 983 970 959 948 938 937 926 918 922 925 962 1104 1155 1288 1300 1256 1260 1241 1234 1263 1310 1335 1315 1303 1244 1159 1081 1020 982 965 943 923 901 890 892 891 888 851 815 813 806 818
1089 1230 1339 1441 1501 1425 1321 1215 1171 1122 1113 1115 1056 1029 1038 1059 1101 1140 1168 1184 1173 1193 1247 1343 1304 1299 1373 1452 1466 1466 1527 1600 1625 1638 1546 1476 1450 1424 1386 1375 1374 1366 1343 1245 1140 1066 1042 1020 997 977 963 949 942 938 927 926 929 927 955 1101 1151 1233 1236 1182 1196 1186 1196 1245 1309 1347 1342 1326 1270 1177 1082 1025 979 950 932 911 901 899 901 896 870 836 830 837 843 813
1150 1253 1298 1285 1285 1249 1218 1209 1199 1185 1136 1074 1042 1027 1052 1071 1104 1130 1157 1178 1178 1186 1222 1312 1296 1279 1287 1297 1336 1429 1496 1527 1520 1544 1551 1470 1471 1438 1438 1457 1447 1395 1310 1223 1191 1148 1096 1067 1034 994 974 967 952 944 942 938 952 979 1002 1059 1143 1188 1205 1157 1148 1154 1157 1189 1242 1276 1282 1265 1213 1117 1051 1003 970 952 931 919 910 893 875 871 863 844 832 799 770 774
1274 1570 1565 1534 1516 1392 1253 1172 1152 1143 1162 1116 1070 1046 1039 1058 1092 1137 1178 1249 1315 1264 1292 1335 1391 1473 1488 1425 1387 1473 1462 1472 1479 1463 1438 1410 1368 1349 1318 1311 1326 1315 1236 1130 1075 1069 1090 1121 1055 1016 997 984 975 980 1006 1063 1128 1120 1115 1126 1151 1155 1180 1150 1116 1129 1117 1130 1156 1176 1179 1154 1115 1064 1024 985 960 945 930 907 893 879 853 855 851 832 828 789 837 843
1510 1635 1487 1380 1297 1182 1086 1037 1025 1023 1048 1082 1074 1038 1027 1055 1093 1143 1190 1248 1291 1322 1351 1344 1378 1442 1479 1498 1494 1444 1457 1475 1488 1466 1433 1420 1388 1332 1271 1203 1136 1091 1094 1123 1129 1141 1153 1130 1057 1033 1020 1008 999 1031 1149 1282 1377 1363 1334 1260 1216 1157 1114 1129 1109 1100 1108 1099 1104 1119 1098 1087 1063 1025 997 988 966 941 929 907 912 901 886 881 882 862 814 840 859 840
1560 1473 1302 1146 1077 1065 1056 1072 1137 1118 1014 1018 1010 994 1009 1043 1082 1124 1182 1252 1336 1396 1445 1423 1410 1449 1521 1578 1584 1513 1465 1475 1471 1449 1437 1413 1374 1332 1277 1239 1182 1187 1202 1187 1181 1184 1168 1101 1057 1037 1037 1036 1021 1051 1217 1420 1624 1731 1625 1463 1302 1191 1116 1088 1088 1080 1108 1111 1097 1091 1075 1054 1038 1020 1008 999 979 954 919 918 928 908 897 882 845 816 841 883 883 860
1269 1178 1110 1143 1285 1427 1288 1243 1221 1195 1065 1025 1006 979 996 1054 1070 1107 1188 1274 1348 1405 1463 1440 1437 1449 1498 1562 1517 1599 1487 1451 1449 1447 1429 1401 1377 1353 1320 1277 1274 1291 1265 1251 1227 1177 1115 1070 1049 1037 1028 1023 1022 1028 1137 1355 1542 1748 1760 1542 1319 1186 1110 1063 1063 1070 1093 1119 1118 1103 1078 1057 1043 1029 1009 989 965 928 933 940 938 891 844 828 831 836 875 908 899 894
1372 1202 1371 1462 1541 1578 1341 1246 1171 1161 1087 1054 1024 990 986 1024 1069 1131 1223 1307 1389 1479 1590 1437 1406 1409 1439 1469 1456 1444 1437 1437 1444 1436 1411 1386 1372 1355 1328 1315 1454 1487 1360 1268 1180 1128 1092 1078 1060 1044 1035 1029 1025 1025 1050 1152 1239 1392 1439 1359 1220 1138 1090 1059 1049 1070 1088 1091 1104 1108 1080 1049 1041 1029 1010 983 949 931 935 934 901 846 853 885 874 865 924 924 910 888
1507 1307 1500 1615 1573 1408 1323 1304 1191 1117 1090 1064 1024 988 967 1006 1067 1138 1232 1327 1404 1448 1515 1432 1398 1397 1419 1433 1431 1426 1428 1441 1461 1446 1416 1408 1431 1422 1452 1493 1589 1467 1334 1232 1173 1133 1125 1118 1092 1064 1052 1040 1032 1031 1024 1036 1056 1101 1135 1126 1076 1041 1045 1027 1021 1018 1037 1047 1062 1073 1065 1052 1031 1018 986 976 970 952 944 928 878 885 945 934 850 903 936 895 860 851
1360 1465 1592 1569 1433 1306 1235 1201 1142 1088 1080 1057 1044 1026 951 981 1044 1119 1212 1300 1354 1398 1414 1402 1391 1405 1421 1445 1437 1422 1446 1473 1491 1492 1484 1480 1474 1486 1536 1534 1523 1407 1317 1236 1195 1166 1145 1133 1111 1091 1075 1057 1042 1032 1020 1018 1026 1024 1023 1029 999 991 997 1004 999 989 1007 1024 1027 1034 1029 1033 1024 999 995 986 978 962 923 903 884 923 944 868 871 948 934 886 895 903
1153 1270 1384 1432 1392 1403 1323 1214 1103 1074 1094 1087 1058 1064 982 976 1045 1106 1174 1231 1290 1381 1376 1396 1456 1477 1496 1461 1430 1457 1498 1537 1558 1576 1570 1551 1518 1477 1426 1416 1405 1360 1294 1255 1255 1219 1174 1162 1146 1136 1126 1091 1063 1052 1042 1028 1024 1020 1020 1024 1004 992 987 984 982 982 987 1005 1004 1011 1005 996 997 990 1006 998 964 940 913 897 935 940 897 898 934 954 913 911 927 885
1177 1120 1085 1106 1116 1155 1115 1070 1064 1130 1134 1106 1083 1106 966 994 1060 1109 1156 1205 1252 1290 1325 1370 1394 1382 1390 1380 1431 1498 1566 1631 1677 1660 1650 1613 1554 1489 1458 1405 1352 1329 1313 1304 1283 1245 1216 1223 1220 1210 1188 1146 1090 1060 1042 1030 1022 1017 1010 1011 1006 995 989 987 987 988 981 983 995 1004 991 982 989 1005 984 955 932 916 924 942 941 891 928 960 958 935 903 942 942 849
1317 1202 1204 1093 1023 1003 946 946 1068 1134 1138 1155 1147 972 897 1000 1052 1079 1109 1148 1190 1210 1256 1297 1297 1306 1350 1409 1478 1558 1614 1691 1812 1766 1724 1642 1605 1555 1500 1467 1428 1381 1327 1272 1252 1249 1243 1264 1288 1248 1190 1139 1106 1077 1060 1042 1026 1015 1009 1005 1007 1005 992 989 991 983 979 976 974 987 979 988 998 1002 969 955 942 952 953 941 904 930 957 961 946 943 934 945 901 878
1446 1439 1271 1334 1253 1304 1124 946 965 1141 1134 1160 1019 834 869 1014 1027 1041 1071 1112 1135 1167 1215 1252 1281 1322 1373 1427 1493 1610 1712 1757 1861 1999 1816 1838 1770 1607 1495 1449 1413 1368 1328 1287 1276 1299 1290 1301 1318 1243 1181 1162 1130 1094 1065 1047 1034 1033 1018 1003 999 996 993 987 984 981 983 975 972 973 984 984 986 977 973 987 968 937 922 932 943 953 956 949 944 944 915 898 875 928
1280 1352 1404 1385 1351 1318 1241 1017 889 1100 1101 1041 839 820 883 955 995 1034 1064 1089 1114 1142 1212 1285 1330 1370 1401 1438 1500 1605 1716 1828 1941 2070 1868 1773 1694 1600 1508 1467 1448 1416 1388 1351 1342 1354 1309 1277 1256 1222 1203 1234 1156 1111 1075 1071 1077 1059 1029 1012 1004 998 993 988 982 976 983 973 970 968 969 945 959 943 938 939 927 957 958 958 963 950 942 942 945 922 934 942 918 864
1216 1405 1486 1321 1238 1160 1125 1073 859 1048 1025 886 820 877 954 979 1015 1052 1083 1129 1149 1174 1210 1263 1314 1370 1402 1442 1502 1574 1654 1752 1863 1927 1820 1746 1656 1587 1548 1515 1489 1463 1450 1420 1380 1411 1349 1305 1265 1236 1199 1172 1154 1116 1110 1101 1079 1051 1034 1017 1008 1001 995 991 985 978 974 970 966 965 973 947 920 936 951 953 939 955 939 936 939 929 929 937 931 940 941 929 852 844
1136 1284 1423 1378 1385 1259 1037 1011 838 944 788 812 855 957 1034 1060 1073 1096 1131 1147 1171 1205 1236 1296 1332 1381 1411 1446 1492 1546 1620 1669 1713 1736 1734 1672 1610 1579 1566 1549 1532 1507 1451 1409 1359 1344 1316 1285 1249 1239 1197 1160 1163 1109 1092 1079 1066 1057 1043 1029 1019 1010 1002 993 988 981 975 971 966 964 978 961 936 952 957 958 941 940 954 937 947 943 934 932 935 941 922 861 861 890
1002 1059 1179 1318 1260 1278 1120 920 841 908 769 826 918 984 1015 1051 1093 1120 1158 1196 1205 1231 1278 1339 1392 1421 1417 1463 1520 1575 1639 1687 1715 1719 1692 1646 1602 1576 1560 1558 1559 1486 1440 1401 1368 1348 1351 1325 1288 1240 1188 1151 1127 1111 1089 1079 1073 1060 1044 1032 1021 1011 1002 992 988 982 977 971 967 961 969 979 956 950 951 958 955 942 951 936 945 937 932 931 934 938 877 888 908 934
948 957 1065 1235 1182 1177 1049 940 837 872 720 838 967 1032 1068 1075 1122 1165 1176 1197 1260 1282 1309 1339 1370 1390 1425 1473 1541 1610 1678 1763 1830 1834 1793 1726 1658 1602 1562 1535 1508 1477 1452 1439 1445 1480 1491 1424 1338 1259 1208 1166 1140 1130 1106 1095 1085 1064 1050 1035 1024 1010 1002 996 990 981 976 972 969 963 961 1001 960 951 958 958 955 946 943 938 936 934 933 930 938 897 886 913 927 924
1008 876 938 1101 1077 1055 996 838 781 716 732 838 971 1040 1078 1114 1205 1256 1270 1230 1269 1310 1343 1384 1393 1414 1444 1496 1555 1622 1707 1818 1960 1934 1854 1816 1728 1647 1585 1537 1492 1491 1535 1609 1628 1607 1571 1510 1377 1290 1234 1187 1179 1159 1129 1115 1098 1081 1058 1038 1028 1015 1017 1007 995 980 978 977 974 971 963 959 952 959 962 966 953 947 943 941 935 934 942 936 916 906 933 948 940 928
1031 922 811 885 984 942 952 784 678 709 732 766 826 896 1019 1110 1227 1298 1352 1328 1295 1344 1385 1425 1448 1460 1474 1508 1554 1620 1704 1816 1906 1864 1830 1795 1716 1652 1593 1547 1522 1541 1691 1800 1834 1764 1665 1544 1423 1321 1254 1216 1203 1186 1160 1136 1114 1089 1072 1047 1040 1027 1025 1007 993 991 990 985 983 981 974 968 965 964 962 977 958 951 944 940 935 934 943 917 900 936 948 960 955 938
982 919 898 912 824 819 887 727 664 693 727 799 805 843 893 963 1090 1169 1201 1246 1317 1372 1415 1456 1500 1498 1484 1508 1546 1594 1649 1718 1766 1753 1730 1705 1666 1613 1588 1577 1567 1630 1781 1973 1995 1907 1747 1648 1565 1438 1320 1257 1248 1223 1208 1190 1185 1169 1096 1061 1065 1065 1053 1032 1010 1005 1002 997 995 993 988 982 976 972 966 970 958 953 948 939 938 927 909 899 910 933 951 961 967 963
1196 1267 1197 1126 1006 805 783 711 647 672 763 882 872 899 946 984 1050 1120 1191 1301 1368 1413 1452 1479 1528 1540 1498 1487 1517 1546 1586 1637 1664 1658 1654 1646 1619 1606 1607 1607 1633 1709 1840 1986 2063 1935 1685 1646 1571 1465 1341 1321 1314 1330 1336 1320 1284 1236 1136 1080 1100 1122 1096 1057 1029 1017 1011 1014 1012 1008 1002 993 984 981 973 970 958 951 946 963 952 925 918 909 917 937 955 961 970 967
1338 1234 1032 943 889 854 711 738 671 647 857 953 946 948 988 1018 1068 1129 1207 1310 1413 1494 1567 1591 1582 1589 1552 1533 1505 1520 1548 1570 1589 1595 1599 1598 1593 1606 1639 1654 1700 1777 1791 1812 1863 1808 1738 1599 1505 1426 1362 1355 1400 1448 1445 1385 1309 1250 1173 1108 1122 1130 1100 1056 1044 1037 1029 1028 1030 1022 1023 1008 991 985 981 977 969 960 957 959 947 933 931 928 934 965 970 966 965 961
1233 1254 1191 1211 1021 857 676 722 646 693 898 981 981 1010 1037 1064 1108 1172 1246 1347 1438 1540 1644 1736 1708 1666 1611 1543 1496 1503 1519 1540 1552 1588 1595 1605 1616 1640 1682 1709 1712 1822 1768 1752 1800 1683 1609 1513 1462 1433 1383 1429 1535 1617 1596 1474 1367 1278 1214 1172 1165 1165 1128 1103 1096 1070 1058 1052 1041 1033 1043 1026 1021 994 991 987 983 974 972 968 970 963 953 951 953 971 979 989 992 978
1414 1433 1345 1220 1062 950 701 623 797 867 909 940 987 1016 1038 1071 1129 1203 1294 1383 1455 1531 1620 1697 1739 1696 1639 1557 1492 1520 1551 1584 1594 1612 1636 1657 1676 1695 1760 1789 1778 1829 1732 1703 1658 1622 1587 1537 1493 1441 1406 1478 1579 1620 1599 1503 1385 1294 1237 1221 1197 1191 1180 1148 1130 1107 1080 1061 1048 1046 1060 1072 1064 1025 1009 1001 997 985 982 982 976 974 966 965 966 973 978 980 991 991
1293 1414 1161 964 821 744 620 706 833 845 890 942 967 1000 1045 1083 1127 1208 1306 1362 1421 1491 1558 1626 1669 1640 1600 1544 1474 1501 1553 1622 1666 1665 1677 1706 1741 1759 1815 1838 1839 1835 1744 1692 1656 1606 1564 1518 1490 1483 1475 1488 1515 1540 1530 1446 1330 1289 1266 1236 1221 1207 1198 1169 1126 1126 1133 1102 1095 1099 1097 1082 1071 1037 1022 1010 1000 992 985 981 977 972 970 968 970 971 972 975 992 1001
1195 1443 1199 1034 1102 916 684 684 793 877 863 890 936 977 1045 1088 1136 1192 1276 1339 1396 1444 1489 1569 1604 1577 1514 1479 1475 1492 1541 1621 1688 1721 1725 1742 1779 1818 1875 1916 1892 1862 1751 1680 1641 1598 1565 1540 1538 1539 1539 1522 1477 1448 1421 1372 1338 1313 1283 1255 1242 1223 1202 1175 1179 1168 1158 1143 1120 1102 1083 1065 1051 1039 1028 1016 1003 993 993 985 980 980 977 976 987 973 982 1003 1013 1016
1197 1436 1390 1229 1244 1006 795 623 656 852 768 950 1009 1014 1041 1094 1145 1202 1252 1303 1355 1418 1477 1562 1593 1567 1531 1482 1464 1481 1535 1611 1661 1708 1744 1785 1825 1860 1920 1980 1964 1877 1810 1751 1675 1646 1635 1620 1605 1580 1558 1507 1484 1457 1446 1420 1369 1318 1313 1285 1266 1258 1232 1209 1188 1168 1149 1127 1108 1099 1096 1085 1067 1052 1040 1026 1024 1020 1006 996 990 989 993 986 978 976 989 1007 1030 1035
1273 1176 1131 1002 919 1092 894 767 606 596 739 871 995 1026 1060 1114 1146 1184 1225 1279 1339 1395 1455 1522 1541 1537 1562 1513 1467 1470 1571 1627 1674 1731 1775 1827 1871 1913 1959 2002 2070 1933 1895 1807 1766 1742 1702 1663 1633 1600 1551 1520 1491 1511 1500 1402 1329 1356 1329 1310 1285 1269 1253 1224 1191 1168 1153 1140 1133 1140 1135 1118 1091 1073 1062 1068 1062 1036 1012 1014 998 1000 995 986 979 982 986 1001 1014 1013
902 790 743 712 725 748 709 642 607 603 772 793 899 1019 1046 1083 1109 1154 1201 1246 1281 1337 1403 1493 1546 1510 1473 1446 1461 1562 1569 1614 1672 1742 1806 1883 1916 1953 2016 2076 2154 2082 1943 1913 1871 1813 1785 1743 1683 1618 1565 1569 1585 1511 1388 1352 1416 1414 1396 1362 1345 1315 1262 1237 1214 1193 1178 1179 1174 1166 1149 1127 1094 1073 1052 1037 1033 1024 1015 1025 1030 1015 998 994 986 990 989 999 1001 1022
546 530 518 510 511 517 533 568 704 799 920 1014 896 1014 1039 1055 1104 1157 1208 1275 1323 1369 1431 1481 1503 1372 1313 1381 1467 1539 1556 1614 1671 1752 1818 1870 1940 2007 2085 2177 2208 2186 2078 2064 1976 1912 1863 1794 1715 1652 1627 1637 1535 1444 1380 1394 1453 1462 1473 1411 1400 1345 1295 1267 1244 1224 1218 1212 1202 1187 1147 1122 1103 1082 1066 1049 1039 1030 1023 1026 1042 1019 1028 1019 1003 1001 994 1002 1013 1033
472 495 533 566 619 589 541 612 798 837 955 1045 1007 1030 1111 1097 1095 1135 1197 1258 1351 1446 1451 1325 1204 1218 1267 1345 1459 1544 1610 1658 1691 1826 1863 1935 2029 2143 2240 2198 2371 2308 2301 2216 2124 2004 1918 1840 1758 1727 1693 1593 1528 1441 1433 1444 1508 1539 1516 1459 1412 1413 1331 1296 1270 1267 1255 1253 1224 1190 1146 1125 1112 1096 1088 1069 1054 1047 1038 1056 1069 1057 1053 1044 1024 1010 1011 1012 1022 1038
594 611 602 644 718 720 636 597 612 591 660 927 1041 1021 1004 969 909 906 889 897 961 1022 1029 1043 1075 1111 1171 1274 1441 1576 1671 1769 1800 1811 1887 1971 2065 2175 2320 2355 2631 2733 2409 2208 2134 2070 1971 1894 1823 1751 1673 1621 1544 1460 1456 1525 1590 1580 1529 1487 1452 1411 1378 1342 1317 1300 1295 1277 1243 1204 1174 1148 1134 1133 1128 1124 1100 1073 1073 1096 1096 1087 1067 1054 1035 1039 1034 1032 1029 1031
627 649 666 645 779 793 791 820 869 829 622 645 704 704 675 698 773 827 838 861 920 972 1035 1132 1243 1313 1291 1262 1459 1556 1662 1729 1791 1847 1902 1979 2082 2237 2436 2585 2668 2779 2446 2261 2137 2019 1935 1854 1796 1735 1677 1608 1520 1495 1554 1639 1655 1587 1536 1493 1475 1467 1413 1387 1358 1333 1329 1320 1302 1257 1210 1189 1175 1170 1173 1141 1115 1102 1103 1108 1090 1061 1093 1084 1047 1040 1040 1039 1037 1033
534 555 562 596 606 676 780 814 851 961 906 852 790 832 909 1013 1094 1144 1171 1198 1253 1306 1324 1284 1375 1478 1551 1622 1589 1573 1595 1699 1827 1925 1954 1994 2075 2248 2535 2736 2696 2492 2349 2202 2082 1985 1902 1830 1773 1726 1690 1616 1528 1618 1664 1706 1676 1660 1638 1605 1606 1597 1525 1482 1490 1434 1381 1359 1326 1301 1270 1226 1198 1198 1178 1144 1135 1124 1114 1096 1067 1061 1075 1118 1082 1052 1049 1047 1041 1034
853 797 693 887 806 653 630 722 803 892 977 1053 1085 1091 1103 1135 1161 1185 1229 1275 1298 1356 1405 1431 1408 1448 1522 1619 1748 1819 1800 1750 1718 1807 1930 2009 2107 2246 2500 2783 2711 2461 2288 2131 2044 1969 1897 1821 1759 1738 1705 1650 1651 1695 1753 1749 1727 1732 1740 1761 1730 1694 1634 1586 1545 1483 1424 1391 1373 1336 1296 1251 1227 1199 1184 1165 1149 1118 1094 1077 1070 1070 1070 1090 1079 1064 1059 1055 1046 1039
