data_analyses/maxent/chelseacur_asc/elev.asc
ncols         195
nrows         278
xllcorner     -122.86680578405
yllcorner     43.49152724385
cellsize      0.0083333333
NODATA_value  -9999
[rows 200 to 239 of 278, columns 90 to 179 of 195]
1195 1032 895 1167 1050 931 822 695 663 817 925 986 1022 1049 1049 1053 1066 1121 1225 1311 1354 1404 1477 1550 1581 1509 1525 1619 1688 1798 1950 1895 1772 1771 1860 1960 2089 2202 2322 2403 2439 2382 2241 2123 2050 1963 1835 1791 1805 1812 1749 1764 1759 1784 1822 1830 1815 1809 1807 1802 1764 1725 1694 1646 1564 1503 1469 1428 1377 1348 1311 1271 1238 1224 1211 1201 1177 1129 1098 1085 1083 1081 1073 1069 1076 1076 1072 1064 1051 1042
1357 1143 1093 1349 1251 1237 1178 925 771 701 876 876 849 819 958 1025 1072 1115 1225 1344 1392 1438 1503 1595 1709 1729 1582 1661 1765 1814 1993 2049 1887 1837 1823 1939 2027 2104 2191 2320 2304 2245 2166 2186 2140 2011 1930 1923 1893 1842 1807 1809 1836 1873 1873 1903 1894 1874 1865 1835 1782 1784 1743 1663 1590 1532 1497 1460 1418 1368 1341 1309 1271 1243 1238 1226 1196 1157 1116 1098 1098 1099 1091 1086 1087 1090 1083 1073 1059 1051
1532 1325 1388 1519 1511 1355 1146 1002 860 685 748 870 941 890 868 996 1050 1120 1214 1350 1416 1456 1511 1596 1683 1759 1732 1730 1784 1891 1977 2039 1991 1915 1890 1948 2010 2061 2106 2240 2249 2305 2290 2335 2267 2182 2071 2017 1909 1883 1876 1864 1926 1969 1946 1978 1957 1937 1927 1907 1888 1883 1836 1804 1747 1663 1620 1583 1530 1425 1376 1329 1297 1285 1265 1223 1175 1143 1127 1116 1115 1116 1111 1105 1099 1093 1092 1083 1070 1061
1444 1409 1529 1613 1449 1358 1300 1023 899 775 687 823 940 1054 859 917 1049 1116 1221 1324 1435 1499 1561 1628 1694 1778 1838 1742 1752 1817 1837 1874 1884 1846 1864 1923 1963 2049 2192 2343 2476 2563 2514 2425 2314 2185 2084 2023 1958 1910 1963 1969 2049 2057 2018 2081 2055 2025 1960 1947 1954 1952 1919 1917 1890 1868 1819 1731 1698 1608 1475 1370 1350 1339 1297 1276 1257 1231 1192 1168 1143 1142 1134 1124 1114 1101 1090 1092 1090 1088
1111 1181 1284 1330 1466 1453 1258 1122 1137 1012 788 723 874 911 1041 930 897 1098 1226 1318 1411 1490 1534 1585 1659 1727 1736 1663 1723 1740 1744 1738 1744 1773 1839 1890 1956 2098 2273 2506 2765 2998 2773 2566 2343 2173 2129 2063 2033 2005 2063 2088 2185 2166 2124 2202 2092 2043 2010 1992 2035 1987 1948 1956 1945 1914 1896 1841 1812 1761 1533 1423 1397 1375 1344 1339 1312 1258 1215 1201 1181 1167 1154 1137 1123 1116 1117 1119 1104 1093
1073 1029 1149 1214 1244 1445 1352 1367 1336 1271 975 766 969 1081 1123 1072 867 944 1121 1290 1378 1444 1502 1557 1608 1642 1594 1601 1598 1564 1553 1569 1688 1758 1817 1889 1978 2139 2310 2481 2711 2844 2778 2566 2293 2058 2080 2202 2145 2146 2188 2212 2224 2200 2297 2304 2152 2107 2034 2067 2061 2011 1995 2000 1986 1931 1930 1892 1849 1810 1602 1473 1424 1399 1384 1366 1333 1293 1275 1251 1224 1194 1169 1159 1152 1140 1125 1113 1112 1134
1355 1147 1190 1389 1238 1451 1515 1377 1210 1087 943 800 939 1170 1168 1115 956 947 986 1065 1220 1319 1409 1479 1488 1370 1255 1294 1314 1404 1525 1600 1663 1706 1777 1843 1947 2088 2183 2304 2418 2507 2513 2342 2186 2009 2013 2197 2308 2365 2381 2401 2402 2368 2373 2343 2303 2253 2208 2180 2114 2067 2025 1997 1976 1939 1937 1906 1892 1819 1694 1569 1495 1460 1428 1404 1378 1330 1301 1272 1243 1216 1199 1181 1173 1150 1130 1129 1125 1119
1328 1203 1255 1459 1344 1535 1462 1368 1314 1271 965 816 979 1240 1214 1170 1046 993 1021 1004 995 1016 1075 1164 1132 1091 1231 1318 1403 1431 1523 1579 1617 1682 1736 1755 1810 1919 2031 2104 2194 2225 2288 2291 2151 2043 2005 2096 2239 2521 2536 2468 2379 2331 2299 2252 2222 2200 2166 2123 2100 2072 2031 1980 1935 1902 1876 1903 1830 1780 1722 1642 1560 1506 1470 1436 1391 1352 1315 1282 1253 1231 1218 1222 1194 1158 1156 1151 1126 1142
1311 1430 1391 1530 1576 1566 1611 1535 1502 1356 1088 875 951 1228 1280 1222 1187 1169 1157 1157 1163 1183 1141 1118 1171 1251 1379 1553 1685 1772 1844 1827 1817 1867 1869 1888 1873 1960 2020 2011 2056 2090 2077 2110 1995 1955 1996 2123 2199 2355 2308 2268 2293 2298 2237 2177 2115 2091 2101 2084 2055 2032 2028 1998 1957 1901 1853 1836 1806 1771 1747 1695 1620 1562 1497 1455 1418 1381 1343 1298 1279 1261 1258 1235 1191 1175 1167 1151 1155 1167
1495 1490 1421 1520 1521 1424 1439 1425 1360 1194 1069 980 917 1044 1244 1277 1227 1231 1244 1258 1305 1355 1400 1409 1452 1439 1432 1429 1484 1597 1680 1733 1793 1890 1990 1972 1867 1927 1975 1975 1977 2056 1995 1955 1906 1893 1922 1988 2085 2177 2121 2132 2228 2290 2206 2171 2107 2052 1989 1982 2000 1972 1960 1968 1929 1901 1878 1853 1823 1791 1756 1720 1677 1627 1550 1491 1446 1417 1382 1322 1294 1289 1270 1244 1219 1208 1164 1174 1189 1170
1321 1353 1338 1334 1325 1400 1451 1415 1286 1192 1165 1249 1033 956 1002 1084 1128 1196 1279 1283 1328 1375 1434 1481 1518 1561 1583 1583 1525 1567 1622 1685 1786 1861 1949 1974 1928 1917 1896 1933 1998 2022 2015 1947 1862 1834 1842 1899 1955 1998 2023 2074 2137 2188 2154 2125 2079 2040 1999 1927 1867 1850 1807 1852 1859 1865 1857 1831 1821 1766 1747 1714 1677 1598 1524 1491 1457 1419 1384 1351 1329 1296 1276 1250 1226 1197 1194 1196 1173 1163
1143 1178 1176 1226 1308 1495 1608 1457 1354 1375 1352 1270 1053 1080 1256 1160 1229 1190 1209 1254 1304 1367 1435 1488 1564 1621 1664 1701 1740 1704 1682 1701 1756 1813 1850 1907 1915 1886 1864 1951 1967 1901 1965 1939 1830 1786 1794 1806 1822 1898 1942 2014 2065 2103 2086 2079 2060 2019 1968 1918 1864 1799 1748 1726 1711 1804 1803 1790 1770 1755 1709 1657 1595 1549 1493 1451 1425 1400 1374 1345 1319 1302 1276 1255 1230 1217 1201 1185 1176 1165
1044 1073 1138 1206 1286 1504 1626 1498 1542 1524 1430 1352 1218 1052 1259 1347 1291 1217 1185 1202 1223 1296 1362 1448 1532 1602 1661 1703 1783 1839 1812 1807 1849 1854 1843 1829 1833 1856 1865 1804 1752 1704 1718 1775 1722 1714 1699 1707 1772 1894 1934 1979 2038 2047 2074 2065 2009 1977 1934 1897 1876 1842 1784 1723 1712 1645 1689 1692 1632 1553 1519 1515 1453 1439 1444 1455 1451 1418 1383 1355 1330 1315 1294 1269 1247 1213 1193 1183 1179 1168
1071 1056 1105 1184 1316 1582 1565 1477 1474 1487 1431 1392 1342 1199 1107 1218 1286 1260 1254 1224 1210 1255 1281 1309 1422 1505 1570 1630 1688 1728 1750 1767 1801 1851 1905 1824 1797 1819 1834 1741 1706 1684 1773 1734 1659 1660 1672 1782 1966 1986 2010 1902 1985 1986 2035 2066 2055 2012 1939 1852 1816 1765 1730 1691 1667 1638 1552 1534 1552 1563 1515 1501 1532 1575 1550 1512 1470 1421 1386 1361 1336 1324 1307 1269 1236 1215 1206 1205 1212 1190
1293 1225 1105 1133 1226 1324 1367 1411 1438 1443 1462 1450 1412 1384 1309 1257 1287 1320 1382 1381 1311 1308 1300 1299 1364 1437 1495 1550 1588 1625 1667 1724 1796 1790 1838 1805 1754 1743 1719 1682 1674 1669 1788 1793 1664 1658 1677 1752 1818 1837 1904 1896 1891 1936 1995 2054 2109 2058 2010 1950 1829 1793 1753 1693 1655 1623 1620 1615 1622 1625 1634 1687 1658 1604 1548 1514 1488 1441 1407 1380 1359 1344 1322 1292 1254 1239 1230 1227 1215 1195
1480 1428 1238 1174 1171 1307 1426 1546 1510 1486 1476 1469 1430 1414 1400 1366 1358 1383 1388 1412 1452 1464 1436 1389 1393 1414 1437 1487 1527 1574 1621 1663 1692 1706 1726 1737 1712 1697 1663 1641 1638 1661 1747 1749 1662 1662 1683 1722 1760 1821 1857 1878 1897 1925 1965 2097 2175 2150 2057 2000 1938 1895 1822 1783 1769 1765 1749 1735 1720 1700 1685 1664 1637 1589 1533 1495 1463 1434 1400 1376 1351 1332 1319 1302 1285 1257 1227 1210 1201 1194
1580 1513 1383 1364 1225 1218 1326 1448 1486 1478 1500 1496 1475 1443 1418 1385 1367 1383 1412 1412 1436 1470 1510 1548 1576 1539 1478 1458 1494 1529 1554 1590 1613 1640 1665 1673 1658 1628 1600 1589 1594 1650 1714 1719 1677 1669 1699 1730 1778 1839 1914 1985 1945 1930 1978 2142 2265 2218 2073 1997 1970 1911 1848 1816 1804 1784 1752 1737 1724 1690 1661 1641 1615 1589 1544 1500 1470 1430 1403 1376 1354 1336 1322 1302 1274 1244 1218 1202 1193 1184
1400 1473 1552 1421 1292 1293 1314 1279 1320 1373 1471 1504 1512 1464 1431 1404 1398 1425 1426 1449 1467 1483 1509 1549 1615 1676 1661 1597 1576 1558 1555 1581 1607 1609 1620 1590 1569 1561 1560 1578 1567 1605 1665 1667 1662 1662 1709 1762 1832 1939 2081 2186 2112 2025 1969 2048 2134 2151 2066 1975 1939 1930 1899 1866 1819 1828 1774 1760 1756 1749 1717 1644 1607 1569 1544 1508 1484 1464 1411 1369 1351 1322 1305 1270 1246 1232 1213 1196 1196 1204
1566 1512 1542 1428 1475 1495 1488 1435 1451 1392 1382 1475 1484 1477 1443 1416 1407 1440 1482 1490 1495 1509 1528 1559 1595 1672 1773 1736 1675 1639 1610 1603 1617 1639 1650 1580 1531 1523 1548 1612 1561 1582 1622 1626 1629 1650 1707 1798 1933 2112 2314 2411 2311 2155 2031 1958 1948 1946 1924 1885 1870 1862 1903 1863 1816 1782 1757 1735 1712 1703 1681 1634 1607 1576 1541 1505 1465 1434 1400 1371 1351 1323 1286 1253 1227 1217 1206 1212 1205 1209
1351 1393 1308 1381 1454 1420 1502 1445 1454 1446 1408 1426 1428 1442 1446 1428 1411 1426 1464 1511 1547 1556 1575 1602 1647 1695 1719 1740 1713 1678 1646 1629 1618 1624 1618 1572 1534 1495 1517 1589 1548 1574 1569 1585 1604 1642 1721 1820 1959 2200 2510 2652 2484 2275 2110 1959 1873 1817 1795 1790 1796 1800 1767 1800 1821 1794 1745 1718 1693 1678 1633 1624 1615 1588 1544 1502 1459 1419 1389 1377 1314 1282 1268 1242 1228 1211 1225 1232 1219 1218
1010 1131 1054 1137 1217 1120 1165 1261 1441 1472 1468 1478 1463 1446 1432 1430 1418 1413 1422 1448 1491 1545 1586 1622 1654 1680 1681 1698 1747 1774 1762 1699 1662 1678 1704 1643 1548 1497 1520 1530 1520 1546 1561 1569 1594 1626 1690 1779 1901 2095 2305 2406 2341 2214 2064 1922 1822 1781 1757 1742 1745 1752 1736 1739 1763 1759 1743 1707 1667 1658 1653 1655 1630 1592 1559 1503 1456 1427 1395 1356 1318 1292 1277 1254 1225 1223 1240 1242 1245 1243
816 848 874 889 883 892 905 961 1078 1195 1350 1328 1308 1364 1359 1281 1237 1201 1205 1273 1368 1421 1463 1511 1571 1625 1651 1686 1720 1772 1833 1802 1697 1659 1618 1643 1569 1505 1514 1520 1520 1530 1543 1565 1586 1615 1646 1711 1809 1951 2106 2187 2158 2082 1987 1875 1795 1750 1726 1710 1711 1692 1693 1711 1735 1756 1712 1702 1682 1664 1667 1689 1629 1587 1558 1502 1458 1425 1392 1367 1335 1287 1256 1254 1234 1235 1249 1252 1255 1243
830 836 855 825 915 1086 1073 983 900 922 966 970 974 1006 1030 1058 1171 1283 1308 1313 1313 1384 1438 1477 1517 1591 1645 1678 1701 1735 1811 1778 1666 1639 1597 1573 1563 1522 1517 1536 1547 1526 1532 1551 1569 1586 1620 1686 1771 1876 1995 2081 2127 2020 1939 1864 1791 1744 1706 1689 1657 1657 1665 1683 1763 1747 1714 1698 1729 1679 1681 1705 1586 1536 1512 1487 1458 1420 1384 1341 1290 1260 1242 1237 1240 1249 1262 1265 1257 1251
1103 1120 1195 954 932 1030 1177 1282 1052 929 1053 1150 1263 1295 1297 1362 1418 1431 1465 1476 1430 1417 1427 1447 1480 1542 1601 1644 1648 1692 1766 1759 1680 1658 1636 1615 1581 1541 1513 1511 1522 1520 1522 1532 1571 1600 1619 1683 1764 1853 1948 2041 2088 1951 1875 1834 1788 1735 1687 1640 1617 1612 1635 1648 1671 1681 1690 1677 1686 1670 1672 1681 1642 1550 1516 1496 1486 1443 1381 1330 1279 1253 1239 1238 1244 1252 1266 1271 1291 1313
1395 1403 1356 1063 1127 1022 1146 1375 1259 1060 985 1131 1309 1390 1442 1441 1443 1437 1464 1499 1530 1527 1527 1489 1489 1511 1577 1610 1640 1691 1746 1708 1713 1717 1685 1651 1608 1568 1535 1498 1481 1480 1498 1528 1564 1602 1631 1678 1763 1833 1913 1950 1939 1881 1817 1775 1743 1707 1661 1611 1573 1585 1605 1605 1619 1642 1667 1648 1628 1626 1635 1629 1630 1614 1532 1470 1454 1412 1368 1330 1312 1311 1280 1282 1283 1281 1292 1294 1328 1374
1618 1523 1448 1333 1216 1075 1206 1456 1494 1403 1204 1105 1073 1117 1309 1430 1434 1442 1472 1532 1575 1572 1555 1547 1529 1523 1570 1608 1652 1735 1761 1715 1715 1748 1772 1716 1661 1605 1544 1485 1457 1463 1489 1524 1535 1584 1626 1673 1748 1796 1838 1865 1850 1806 1765 1723 1692 1657 1614 1574 1538 1526 1531 1557 1587 1628 1691 1676 1619 1610 1609 1609 1595 1589 1518 1436 1403 1379 1348 1305 1277 1296 1291 1285 1284 1293 1302 1323 1333 1358
1664 1628 1609 1499 1281 1138 1208 1286 1329 1376 1419 1416 1315 1307 1241 1337 1423 1472 1497 1516 1602 1698 1662 1610 1579 1586 1590 1614 1650 1733 1736 1731 1706 1724 1776 1813 1734 1655 1570 1506 1460 1451 1466 1477 1508 1554 1617 1661 1722 1760 1792 1828 1795 1759 1730 1692 1655 1614 1575 1547 1518 1490 1493 1518 1549 1593 1615 1633 1597 1593 1597 1596 1551 1522 1502 1440 1412 1395 1374 1333 1278 1283 1287 1292 1301 1301 1304 1326 1340 1351
1674 1600 1543 1409 1183 1249 1339 1344 1386 1407 1459 1492 1418 1415 1417 1410 1404 1470 1527 1561 1577 1638 1783 1660 1600 1623 1663 1664 1667 1720 1697 1697 1684 1694 1712 1728 1718 1657 1591 1504 1461 1455 1451 1454 1488 1539 1590 1650 1727 1829 1864 1907 1834 1744 1702 1662 1623 1577 1536 1507 1486 1471 1494 1530 1521 1558 1582 1655 1564 1535 1542 1529 1490 1461 1436 1402 1374 1362 1354 1329 1292 1274 1281 1293 1303 1317 1316 1317 1335 1357
1570 1528 1397 1239 1171 1314 1386 1386 1420 1463 1500 1544 1507 1478 1491 1465 1459 1489 1515 1560 1668 1694 1668 1658 1588 1633 1654 1658 1676 1689 1663 1654 1653 1662 1674 1675 1676 1619 1596 1531 1479 1460 1458 1475 1477 1518 1604 1693 1823 1952 2012 2009 1884 1764 1675 1625 1586 1553 1506 1468 1444 1434 1457 1516 1486 1488 1499 1504 1476 1473 1483 1497 1509 1425 1406 1394 1362 1335 1318 1287 1270 1273 1275 1282 1290 1303 1316 1332 1344 1354
1187 1144 1097 1063 1102 1297 1428 1438 1464 1503 1560 1600 1577 1538 1567 1577 1527 1540 1570 1580 1599 1659 1649 1626 1574 1573 1610 1633 1662 1672 1651 1621 1622 1622 1628 1622 1618 1580 1580 1530 1489 1457 1463 1491 1501 1538 1615 1717 1836 1935 1961 1943 1891 1753 1640 1578 1539 1491 1469 1442 1426 1412 1401 1399 1401 1404 1405 1418 1417 1421 1421 1434 1531 1473 1405 1386 1360 1355 1303 1272 1272 1282 1286 1278 1289 1299 1319 1333 1352 1370
926 919 927 910 933 1102 1332 1479 1512 1545 1583 1636 1664 1612 1624 1677 1621 1662 1679 1652 1676 1690 1660 1618 1563 1538 1562 1616 1657 1643 1623 1597 1588 1591 1582 1581 1572 1540 1520 1504 1476 1455 1450 1468 1478 1527 1591 1681 1780 1801 1863 1873 1814 1690 1597 1536 1479 1451 1434 1416 1402 1395 1378 1363 1355 1351 1351 1366 1375 1379 1369 1391 1458 1442 1414 1395 1359 1336 1289 1267 1268 1282 1297 1291 1303 1315 1328 1340 1356 1374
983 1212 1274 1117 929 948 1178 1425 1533 1585 1620 1662 1713 1718 1711 1792 1743 1740 1788 1766 1738 1708 1670 1628 1557 1526 1535 1588 1628 1617 1606 1586 1564 1551 1554 1541 1518 1489 1469 1456 1437 1426 1433 1442 1454 1489 1525 1572 1614 1661 1716 1704 1706 1583 1529 1483 1457 1436 1422 1407 1397 1387 1377 1369 1360 1352 1348 1348 1356 1368 1364 1395 1434 1441 1419 1389 1359 1311 1273 1267 1266 1274 1288 1309 1323 1337 1350 1358 1370 1399
1300 1415 1480 1390 1033 934 1108 1342 1516 1569 1596 1641 1693 1756 1801 1847 1827 1880 1866 1808 1752 1696 1661 1622 1572 1524 1535 1566 1580 1580 1567 1564 1564 1547 1520 1485 1454 1436 1431 1429 1416 1407 1412 1415 1435 1444 1479 1522 1552 1563 1592 1606 1634 1575 1527 1488 1461 1440 1425 1403 1424 1406 1379 1368 1358 1353 1349 1345 1344 1348 1378 1403 1420 1435 1397 1348 1316 1287 1269 1267 1270 1276 1295 1317 1339 1358 1376 1395 1382 1396
1442 1527 1537 1500 1225 964 995 1247 1431 1508 1551 1600 1642 1717 1809 1914 1961 1957 1885 1804 1746 1691 1644 1609 1574 1518 1518 1540 1529 1523 1517 1519 1535 1548 1513 1460 1423 1429 1448 1435 1400 1399 1400 1400 1411 1433 1456 1482 1506 1529 1553 1581 1612 1573 1530 1504 1469 1441 1420 1397 1423 1406 1386 1366 1350 1347 1347 1347 1344 1340 1345 1357 1361 1354 1334 1305 1282 1273 1271 1268 1273 1272 1289 1313 1341 1360 1376 1402 1400 1416
1363 1572 1617 1545 1419 1039 926 1136 1404 1486 1557 1639 1709 1737 1796 1887 1981 1931 1848 1782 1731 1676 1628 1585 1557 1511 1471 1488 1495 1491 1479 1468 1465 1488 1517 1508 1419 1481 1499 1487 1394 1389 1389 1391 1407 1429 1447 1467 1477 1501 1519 1549 1582 1588 1526 1505 1462 1433 1413 1395 1416 1398 1367 1351 1347 1344 1342 1339 1339 1337 1335 1333 1328 1324 1360 1285 1277 1274 1273 1269 1269 1272 1280 1296 1319 1345 1368 1387 1406 1424
1316 1498 1563 1526 1417 1172 1023 1050 1364 1423 1484 1542 1605 1680 1757 1830 1937 1928 1839 1784 1728 1677 1633 1596 1558 1517 1467 1450 1457 1455 1438 1443 1445 1454 1470 1493 1430 1448 1483 1460 1397 1383 1380 1384 1389 1404 1426 1446 1458 1478 1485 1509 1551 1559 1521 1490 1465 1438 1421 1403 1422 1382 1364 1347 1343 1340 1336 1331 1332 1328 1330 1327 1325 1321 1332 1304 1283 1276 1273 1273 1270 1279 1282 1290 1312 1334 1356 1378 1399 1422
1063 1105 1146 1218 1284 1258 1161 1175 1397 1426 1474 1534 1581 1636 1700 1773 1834 1850 1806 1764 1743 1704 1651 1600 1561 1526 1494 1437 1428 1431 1431 1427 1424 1430 1456 1449 1423 1391 1411 1416 1379 1375 1374 1379 1380 1383 1404 1418 1426 1440 1454 1475 1541 1530 1485 1461 1434 1420 1406 1394 1399 1429 1360 1344 1340 1338 1333 1329 1332 1323 1321 1320 1314 1310 1304 1288 1278 1273 1274 1275 1272 1284 1285 1287 1300 1322 1346 1364 1392 1422
1298 1308 1248 1141 1311 1325 1240 1235 1434 1483 1537 1565 1607 1655 1706 1760 1796 1799 1760 1735 1743 1697 1663 1611 1575 1544 1504 1502 1573 1660 1631 1541 1475 1439 1445 1429 1403 1373 1372 1369 1368 1370 1370 1374 1377 1379 1415 1439 1463 1464 1462 1494 1500 1485 1473 1445 1419 1394 1379 1368 1379 1414 1345 1337 1337 1337 1331 1341 1399 1334 1310 1310 1309 1302 1286 1278 1273 1272 1275 1275 1272 1276 1283 1310 1320 1334 1357 1372 1383 1402
1484 1509 1509 1363 1292 1368 1326 1324 1481 1511 1554 1583 1602 1649 1688 1721 1802 1791 1724 1723 1721 1672 1642 1611 1588 1550 1514 1563 1767 1940 1885 1723 1524 1442 1414 1398 1382 1364 1363 1363 1366 1366 1367 1370 1373 1376 1400 1450 1521 1554 1554 1541 1524 1499 1445 1417 1405 1375 1356 1352 1337 1341 1363 1327 1328 1336 1357 1354 1333 1313 1304 1306 1302 1291 1277 1272 1273 1275 1278 1274 1273 1278 1285 1303 1336 1358 1367 1386 1406 1453
1540 1597 1620 1515 1447 1398 1310 1362 1491 1572 1613 1625 1610 1629 1653 1677 1736 1726 1701 1712 1690 1653 1634 1597 1559 1549 1510 1490 1596 1755 1718 1566 1450 1405 1384 1379 1370 1364 1361 1361 1361 1358 1361 1362 1367 1380 1461 1521 1601 1642 1673 1649 1628 1550 1475 1406 1376 1369 1347 1336 1323 1320 1323 1309 1310 1311 1357 1436 1314 1299 1299 1306 1319 1284 1274 1275 1279 1279 1278 1274 1283 1291 1304 1316 1331 1355 1374 1390 1422 1442
