data_analyses/maxent/chelseacur_asc/elev.asc
ncols         195
nrows         278
xllcorner     -122.86680578405
yllcorner     43.49152724385
cellsize      0.0083333333
NODATA_value  -9999
[rows 200 to 239 of 278, columns 0 to 89 of 195]
409 374 376 391 371 356 443 540 568 599 645 621 605 673 718 770 760 696 628 555 457 448 548 585 498 463 549 490 472 386 267 275 293 317 320 325 276 279 342 352 398 491 434 449 425 431 450 452 610 739 689 661 748 765 851 702 608 513 407 338 448 600 611 550 529 572 605 607 733 887 996 907 703 533 441 537 589 674 778 890 1097 1253 1208 1247 1148 1058 935 1056 1202 1080
349 285 273 294 277 298 316 346 399 495 498 513 605 662 727 766 710 656 618 627 558 389 383 463 499 375 379 354 299 255 235 308 348 432 480 448 373 417 347 280 277 321 334 328 340 342 332 394 540 592 568 545 599 698 576 513 468 414 335 452 657 723 765 835 870 802 775 869 849 911 1084 935 788 657 534 561 669 799 950 1017 1076 1207 1345 1390 1384 1207 1255 1247 1190 1363
369 313 237 250 238 257 254 264 300 356 414 532 602 666 697 695 692 638 533 567 615 489 341 359 419 409 297 244 224 259 339 331 449 577 642 536 422 542 518 394 319 389 477 514 521 579 463 354 340 406 407 399 441 394 330 346 403 433 421 386 474 543 632 765 617 654 852 1069 1050 1189 1184 923 796 711 586 539 558 574 620 690 783 871 984 1048 1275 1318 1456 1401 1427 1413
385 296 222 203 202 222 277 374 441 459 531 603 673 694 612 579 616 511 384 451 563 479 345 259 268 253 229 243 289 357 375 421 442 505 672 602 470 557 543 399 445 509 421 527 681 736 681 519 385 312 326 327 325 305 346 442 507 641 694 550 424 453 544 561 547 743 945 1213 1254 1291 1247 1089 1072 926 753 541 550 800 861 832 789 740 764 871 970 1129 1201 1270 1364 1399
317 238 181 191 247 333 433 515 572 587 633 642 605 618 553 433 499 430 311 301 320 250 221 238 267 326 352 418 459 523 477 548 612 547 633 717 605 667 558 456 582 622 502 466 484 604 801 655 525 448 453 400 388 430 441 381 463 604 601 712 649 511 443 519 590 748 936 1145 1262 1315 1376 1318 1142 936 748 577 516 643 801 988 1144 1093 988 840 848 891 915 968 1024 1062
211 180 194 242 271 360 464 491 500 549 560 522 448 463 392 319 304 289 239 212 228 270 301 327 378 353 400 424 460 521 578 676 730 667 738 847 766 760 608 509 640 626 508 543 546 509 640 756 588 524 563 555 433 462 560 536 513 450 507 612 688 606 593 477 513 691 893 884 1034 1234 1235 1172 1097 961 823 657 498 720 747 853 1072 1270 1320 1162 1117 1110 1111 1089 1057 1099
179 237 272 326 379 384 377 394 381 432 424 356 287 255 225 197 198 206 240 316 442 445 451 481 570 512 595 577 626 610 598 676 770 859 925 934 907 817 645 571 729 664 628 650 651 543 679 695 720 593 673 584 469 432 568 724 716 614 470 562 683 763 732 717 534 577 672 742 892 986 1112 1100 1051 950 782 639 501 683 908 883 895 985 1112 1298 1420 1389 1437 1340 1237 1414
226 278 293 323 319 314 291 318 276 245 226 215 199 193 197 211 245 322 359 387 521 657 704 775 741 674 736 769 766 701 685 754 866 1102 1052 1039 1018 802 828 743 813 913 802 799 720 564 648 814 815 768 661 522 498 525 506 658 720 595 525 587 666 736 813 702 545 638 712 770 834 978 1008 949 916 857 750 668 521 686 934 1121 1211 1257 1149 1169 1194 1304 1435 1407 1411 1484
196 206 226 214 200 204 196 191 186 183 186 196 215 237 315 438 409 473 475 497 534 633 783 907 840 870 919 942 891 829 854 897 1000 1139 1027 801 828 900 839 813 892 1004 1046 891 730 702 667 834 788 619 556 520 622 581 489 560 688 607 628 625 640 809 784 592 638 811 751 872 933 957 1012 976 956 899 810 699 587 591 889 1059 1402 1457 1320 1444 1386 1325 1335 1417 1606 1493
166 174 177 174 176 178 180 180 180 183 215 290 338 362 396 534 553 603 628 661 720 763 871 921 955 1022 1036 1101 1056 1032 1007 998 853 879 918 745 641 673 635 703 783 912 977 967 917 826 804 835 763 641 636 681 682 633 560 617 643 714 728 790 787 844 769 575 702 897 937 957 988 1035 1134 1123 1170 1053 816 709 639 586 782 1018 1267 1457 1509 1553 1460 1478 1477 1508 1444 1448
172 174 174 185 214 224 216 245 249 238 265 327 406 502 562 572 667 738 834 836 869 842 875 849 772 832 1003 1027 1038 993 915 846 749 669 716 734 611 596 651 639 670 742 798 825 906 997 1014 985 815 719 726 834 826 752 686 704 806 851 890 778 725 690 661 589 696 825 997 976 925 946 1078 1196 1270 1087 905 799 704 595 727 889 995 1177 1230 1323 1239 1146 1169 1171 1146 1237
315 295 283 228 274 338 391 417 338 340 355 375 447 570 661 737 765 839 900 893 826 753 743 737 656 706 856 768 884 846 740 753 711 608 592 526 583 681 739 756 768 827 874 990 972 1141 1076 958 861 870 856 953 917 949 892 852 861 959 970 800 761 704 701 709 655 663 741 787 899 1023 1127 1165 1191 1050 931 835 774 657 612 738 778 868 935 1010 966 950 931 944 973 1062
475 411 343 315 315 363 448 508 446 466 553 561 582 645 729 801 808 744 792 779 776 749 684 641 600 602 657 645 796 832 656 633 589 546 511 550 599 653 748 858 918 1033 1007 1081 1044 1115 934 845 922 982 1003 906 832 815 809 752 816 883 992 885 891 914 879 789 868 829 700 885 1104 1183 1262 1341 1228 1125 1057 959 890 779 672 604 713 783 789 823 854 888 1019 1113 1069 991
492 477 460 438 421 428 504 562 548 584 614 611 628 682 743 735 749 651 592 628 650 723 700 621 560 527 509 596 761 749 627 518 494 508 554 617 655 771 861 906 1004 952 858 795 897 1037 939 802 769 840 877 787 689 651 659 773 893 1024 1020 966 923 1071 959 902 1008 1037 822 791 933 1070 1310 1455 1286 1350 1188 1064 979 853 733 712 653 698 898 1015 1109 1170 1222 1311 1342 1250
472 478 439 504 510 518 583 607 603 612 578 516 586 668 650 627 689 664 544 522 599 668 658 600 541 480 487 623 622 579 480 469 544 636 672 686 774 838 906 937 873 760 819 713 740 821 975 909 776 647 695 636 596 655 807 900 934 1018 920 847 845 1000 1072 1094 1144 989 872 796 955 1055 1218 1426 1521 1387 1123 1046 982 899 815 885 882 759 696 779 918 963 983 1129 1324 1436
383 412 373 416 431 453 552 521 482 503 495 457 516 544 560 604 663 651 529 456 497 573 534 554 512 438 408 450 449 448 556 616 741 723 696 764 846 880 970 883 767 702 638 633 649 908 974 908 786 644 550 608 728 795 889 1051 963 837 782 818 785 898 928 1023 1150 1101 1082 933 988 1005 1047 1239 1504 1450 1264 1097 983 971 1017 1174 1015 810 723 689 833 980 1004 1022 1166 1352
304 361 389 335 423 499 519 479 412 396 390 436 554 610 649 661 617 509 436 393 413 392 370 377 413 478 554 667 620 671 732 692 702 635 756 832 739 670 744 793 665 785 688 525 599 809 812 790 678 528 637 757 775 790 960 930 867 832 832 665 716 826 837 858 913 986 1098 993 1154 1278 1225 1134 1360 1544 1395 1164 1139 1305 1376 1227 1005 808 710 730 902 1107 1324 1210 1175 1344
266 281 302 328 414 407 383 361 374 436 541 568 603 594 527 487 474 443 389 354 331 370 435 543 597 665 625 606 543 565 639 597 593 665 792 743 612 566 658 666 617 687 723 614 497 668 680 587 506 620 698 656 635 863 931 821 719 660 662 645 732 724 799 853 896 1086 1185 1112 1348 1431 1342 1250 1298 1547 1362 1173 1417 1322 1172 1083 940 774 699 802 1023 1146 1289 1454 1366 1307
355 371 334 288 312 326 407 493 551 544 520 498 470 442 409 349 328 309 319 322 350 413 503 645 693 663 540 453 421 445 507 541 610 608 684 652 593 506 541 597 590 541 515 476 436 456 463 468 461 504 534 534 552 617 647 610 610 597 694 642 680 850 955 982 1052 1191 1218 1175 1292 1390 1471 1420 1480 1502 1305 1416 1336 1097 1073 974 899 801 702 805 1014 1270 1454 1474 1560 1421
342 382 349 346 343 400 459 416 468 399 341 330 325 289 268 308 357 383 414 403 437 399 382 399 461 501 502 386 424 514 549 564 572 506 490 452 423 420 452 531 563 426 424 524 595 624 565 570 573 596 535 655 560 594 614 558 660 778 870 831 745 708 784 870 1026 1184 1350 1306 1409 1390 1362 1404 1503 1449 1486 1361 1328 1260 1438 1232 1036 858 735 738 854 998 1187 1373 1361 1408
184 213 240 248 277 297 316 305 297 272 252 242 241 256 340 426 468 484 474 409 368 332 271 261 286 305 304 313 379 425 447 374 358 385 367 365 397 423 408 385 362 417 562 721 806 769 696 703 741 654 581 728 701 771 685 668 660 782 959 1064 935 720 843 975 1084 1222 1406 1456 1428 1294 1294 1279 1331 1326 1479 1473 1412 1408 1294 1113 973 858 780 855 751 787 882 953 980 1006
180 181 186 187 205 204 228 240 224 236 244 264 333 369 397 388 385 392 382 341 282 266 297 372 397 418 429 409 352 354 391 408 414 441 418 462 475 493 483 486 471 458 479 517 542 546 548 652 685 757 708 788 894 899 745 747 832 900 988 1118 952 757 817 908 1010 1185 1335 1318 1263 1174 1235 1197 1200 1270 1364 1409 1481 1391 1367 1318 1171 1032 857 862 938 848 781 774 788 791
180 184 209 212 219 222 194 240 294 285 256 268 256 255 280 256 252 266 279 268 335 416 494 561 600 588 610 534 546 521 596 549 557 536 479 551 583 571 546 588 589 592 551 630 632 575 512 548 602 739 836 910 1035 979 844 831 1013 1190 1226 1093 937 795 894 1027 1082 1109 1185 1212 1150 1101 1110 1087 1128 1337 1426 1406 1329 1244 1234 1315 1271 1097 1018 1006 895 1074 1031 985 939 876
188 188 191 200 223 251 229 216 224 215 209 225 225 237 237 260 294 335 361 405 491 553 570 588 673 718 702 671 688 748 771 698 661 615 650 721 705 628 655 722 785 700 703 844 738 619 599 598 666 626 681 766 909 1026 1104 1111 1252 1196 1088 970 878 922 1072 1122 1044 1136 1195 1102 1052 1036 1018 1040 1053 1110 1142 1096 1093 1166 1119 1214 1390 1258 1301 1171 988 985 1196 1367 1328 1176
206 205 196 191 194 214 237 271 302 305 236 264 301 303 282 260 305 387 446 494 536 441 467 481 580 659 712 845 846 891 901 824 787 767 785 828 769 703 762 823 868 926 897 1015 880 725 703 620 674 757 689 779 853 1059 1281 1310 1342 1239 1143 1081 1117 1140 1147 1071 996 1089 1193 1124 994 978 974 1045 1073 1108 1143 1226 1338 1439 1225 1180 1453 1523 1325 1111 1028 971 1105 1329 1550 1421
199 214 247 197 196 203 209 272 302 265 274 381 531 554 492 410 395 339 301 319 394 339 365 410 473 606 798 779 756 743 690 738 796 879 982 986 881 791 819 902 938 987 1040 1083 1025 874 761 677 634 775 839 951 1009 1192 1172 1129 1063 1037 1113 1189 1117 1013 1017 1015 951 1038 1109 1030 955 955 1033 1095 1163 1259 1306 1364 1466 1492 1342 1215 1400 1530 1280 1156 1297 1132 1084 1252 1468 1650
213 243 280 229 206 203 209 213 221 228 238 303 394 439 475 541 591 597 529 395 285 348 413 390 432 495 648 638 671 625 566 643 764 824 924 975 974 903 864 930 1027 1103 1153 1208 1179 988 803 761 709 778 874 1057 1236 1176 1065 1014 1023 950 963 1024 920 862 849 883 933 954 923 943 966 987 1010 1056 1121 1248 1387 1469 1520 1506 1437 1340 1455 1485 1272 1282 1511 1317 1132 1215 1366 1591
240 286 328 299 239 209 224 234 224 215 215 216 231 253 269 309 409 533 548 408 373 305 299 322 367 432 501 532 562 560 531 601 675 726 732 781 802 785 820 928 1065 1178 1244 1240 1077 963 910 922 857 960 1057 1117 1274 1169 1077 996 913 925 854 830 818 903 947 941 947 947 976 976 987 1038 1087 1084 1097 1121 1199 1271 1350 1444 1548 1443 1606 1464 1334 1518 1498 1282 1437 1420 1321 1589
311 326 286 270 257 218 242 321 351 302 285 301 412 493 398 266 278 393 460 423 406 374 395 372 396 375 378 370 405 450 454 509 540 517 566 614 671 748 829 960 1084 1250 1378 1296 1129 1068 1079 1115 1063 1123 1206 1160 1110 1102 1080 1015 875 725 796 901 922 908 901 893 893 901 946 975 973 1075 1091 1059 998 1048 1078 1136 1227 1305 1393 1458 1548 1514 1515 1554 1462 1496 1604 1557 1404 1572
342 312 269 241 231 224 235 300 444 448 393 428 596 616 440 302 263 263 272 310 367 421 535 576 586 501 478 464 494 455 448 453 539 593 589 591 671 802 882 1017 1181 1331 1434 1413 1309 1267 1274 1178 1076 1062 1022 1057 1033 911 802 741 646 692 824 903 880 820 736 732 749 715 735 789 821 887 858 878 862 901 933 978 974 1047 1194 1168 1229 1454 1406 1428 1481 1525 1578 1586 1508 1389
394 360 314 280 266 241 242 339 475 602 570 562 574 470 399 353 367 322 272 262 289 335 388 493 633 619 653 636 600 555 542 455 546 698 753 727 732 808 881 978 1073 1162 1250 1315 1382 1352 1303 1165 1063 991 872 834 820 798 811 814 709 609 657 668 642 639 629 690 795 855 783 722 704 700 703 698 715 740 767 776 764 809 941 920 957 1061 1120 1117 1098 1210 1236 1316 1208 1059
410 338 335 341 312 258 262 361 444 562 651 608 525 506 531 471 498 443 360 288 270 267 285 357 422 457 522 702 759 731 666 574 504 611 712 727 725 816 932 975 946 974 1080 1207 1304 1390 1332 1262 1143 1030 957 837 761 695 641 694 611 564 613 638 672 659 689 777 874 922 882 868 841 825 834 804 785 746 749 755 724 730 746 765 798 848 902 894 872 866 890 907 933 901
406 408 496 455 365 291 252 323 410 451 531 661 647 624 617 604 509 421 365 361 338 273 264 293 333 405 540 719 709 568 531 667 581 512 593 681 743 941 955 880 841 865 1002 1169 1310 1375 1278 1155 1065 977 853 756 704 661 638 540 592 748 854 758 797 854 850 900 990 1029 1062 1039 1053 1022 978 1019 1002 917 963 1047 913 829 779 762 780 769 773 786 810 846 916 922 939 1081
548 553 515 429 363 309 270 271 347 368 438 599 715 742 698 591 506 516 530 487 417 355 295 262 302 352 494 513 566 496 392 463 579 649 567 611 732 811 752 756 764 853 960 1107 1351 1425 1344 1085 964 913 849 761 679 601 508 620 825 852 860 880 937 969 1029 1095 1238 1262 1308 1191 1277 1285 1244 1360 1272 1169 1242 1384 1192 1137 997 985 955 871 935 1060 1024 1025 1001 920 982 1213
717 578 481 433 388 349 332 303 296 357 406 499 592 665 782 687 715 701 630 582 518 503 492 347 278 273 290 328 348 376 378 592 674 617 670 641 613 633 669 709 723 787 892 1043 1155 1270 1314 1174 1084 980 912 796 703 627 519 620 822 842 859 938 994 1028 1082 1220 1451 1491 1459 1304 1446 1446 1413 1473 1425 1396 1434 1481 1414 1287 1234 1339 1146 993 1199 1427 1336 1462 1406 1240 970 1097
695 600 534 491 479 407 338 375 343 325 349 409 493 672 812 752 709 626 560 494 471 461 443 368 364 363 333 336 281 273 403 509 508 566 663 763 797 776 800 880 992 968 957 939 965 1075 1179 1220 1168 1054 979 904 810 728 600 512 759 836 836 854 895 944 1064 1207 1314 1569 1502 1461 1478 1349 1339 1304 1331 1385 1489 1549 1543 1421 1432 1533 1355 1106 1260 1481 1523 1632 1568 1326 1047 1043
707 654 606 595 503 408 394 411 377 413 401 379 494 625 737 761 736 625 585 580 534 445 417 443 467 458 393 418 351 279 372 430 528 586 639 757 909 967 1033 1017 1188 1181 1149 1184 1146 1103 1108 1133 1103 1099 1041 908 777 662 579 475 635 809 834 850 896 981 1077 1159 1307 1531 1525 1489 1397 1224 1229 1378 1419 1392 1438 1487 1616 1521 1542 1634 1487 1194 1349 1456 1526 1652 1533 1370 1184 1050
773 742 695 616 545 472 538 559 520 471 473 372 455 616 749 734 682 661 748 644 513 528 499 585 607 591 494 459 400 280 312 384 465 558 593 751 946 1012 915 901 1004 1028 1006 1066 1199 1005 939 949 1003 974 949 914 834 724 610 478 641 792 802 826 899 1012 1135 1206 1304 1329 1284 1251 1166 1078 1290 1463 1490 1545 1579 1607 1630 1649 1540 1449 1296 1311 1529 1558 1583 1661 1562 1460 1400 1338
827 815 715 718 674 640 715 680 578 537 529 442 437 567 758 757 786 788 754 728 765 605 607 624 727 656 601 515 452 398 349 315 309 418 492 718 846 910 853 745 773 813 870 1089 1092 985 883 808 803 815 770 814 711 636 560 474 728 770 785 817 874 946 1041 1034 979 1027 953 907 925 1087 1340 1360 1367 1379 1393 1501 1512 1636 1567 1402 1445 1578 1633 1585 1494 1489 1552 1523 1496 1502
714 753 783 817 755 769 720 655 635 669 664 643 555 478 537 661 772 819 862 898 830 702 741 851 842 795 702 587 504 440 414 361 370 352 343 374 456 585 697 580 632 733 800 983 1033 925 885 914 746 624 690 620 510 486 468 573 738 769 798 845 936 949 923 866 901 912 801 854 935 1054 1102 1046 1040 1084 1144 1200 1377 1494 1592 1564 1570 1503 1360 1301 1248 1210 1243 1294 1325 1431
