3_data_analyses/maxent/chelseacur_asc/bio_9.asc
ncols         195
nrows         278
xllcorner     -122.86680578405
yllcorner     43.49152724385
cellsize      0.0083333333
NODATA_value  -9999
[rows 84 to 125 of 278, columns 0 to 93 of 195]
198 198 199 199 200 199 199 199 199 199 200 200 200 200 201 201 200 200 200 201 201 201 201 202 202 202 202 202 200 199 199 199 198 199 199 198 198 196 194 196 199 200 199 194 190 189 188 187 186 186 185 183 181 180 179 174 171 168 167 165 164 168 168 165 162 160 157 150 144 142 144 148 150 140 137 137 133 144 152 148 148 161 170 182 188 178 168 155 140 133 142 152 160 176
198 198 199 199 200 199 200 199 200 200 200 200 200 200 200 201 201 200 200 201 201 201 201 202 202 201 200 199 198 198 197 197 197 198 197 196 194 193 192 192 196 197 198 197 192 188 187 188 191 192 190 186 182 181 181 179 176 177 180 179 176 176 167 164 160 158 154 153 149 142 138 141 143 140 131 133 140 144 147 144 153 168 176 186 183 180 171 162 154 142 148 154 167 183
198 199 199 199 199 199 199 199 200 200 200 200 200 200 200 200 201 200 200 201 200 201 201 201 201 200 200 199 197 195 195 193 196 196 194 192 190 189 189 188 191 192 192 194 198 196 196 196 193 189 187 192 190 189 187 185 185 184 181 173 167 166 170 170 167 166 164 159 151 144 146 144 139 135 131 137 146 149 154 159 163 172 179 183 173 166 168 164 151 140 155 166 175 184
199 199 199 199 199 199 199 199 199 200 200 200 200 200 200 200 200 200 200 200 200 200 201 200 200 199 199 197 197 196 194 192 195 194 194 192 188 187 186 185 186 185 187 186 194 198 193 192 189 184 181 186 186 184 181 174 170 170 178 180 169 164 162 159 155 156 155 159 160 156 150 147 145 141 133 137 139 145 154 164 170 175 181 174 167 163 160 154 138 134 153 162 165 178
199 199 199 199 199 200 200 200 200 199 200 200 200 200 200 200 200 200 200 200 200 200 200 199 199 198 198 196 195 194 192 192 195 191 191 191 187 185 185 184 184 183 185 185 190 195 194 191 185 179 177 176 178 175 173 169 164 163 166 181 178 177 175 173 170 170 165 157 157 152 143 140 138 136 133 138 145 152 160 168 172 178 179 179 175 174 168 157 141 132 148 157 172 183
199 199 199 199 199 200 200 200 200 199 198 199 199 200 200 200 199 199 200 199 199 199 199 198 197 195 195 195 193 190 192 189 193 194 189 189 188 183 183 181 182 183 182 184 191 194 191 191 184 179 178 174 171 170 169 167 165 162 160 174 173 160 157 161 160 158 161 169 168 165 161 160 157 151 143 135 140 144 147 160 167 176 168 165 176 173 166 159 146 145 157 167 178 180
198 199 199 199 200 200 200 200 200 200 198 198 199 199 199 199 199 199 199 199 199 198 199 198 197 196 193 191 190 189 190 187 190 191 192 192 192 186 183 181 182 182 182 184 189 193 188 185 188 183 177 172 169 168 168 167 165 162 158 166 176 169 165 163 156 150 150 157 162 163 155 155 153 156 155 145 137 146 154 156 160 175 161 148 159 174 166 162 154 153 164 169 176 181
198 199 199 199 199 199 200 200 200 200 200 200 200 199 199 199 199 198 197 197 198 198 197 198 197 195 195 193 191 189 188 189 189 188 188 189 192 187 183 180 180 179 181 186 190 194 187 181 180 184 178 175 175 173 172 170 167 164 157 155 168 173 171 168 164 156 158 156 155 153 149 147 140 144 153 155 141 141 146 148 162 168 150 138 150 169 166 158 151 153 160 168 174 181
198 199 199 199 199 200 200 200 200 200 200 200 199 199 199 199 198 196 195 194 194 194 194 194 196 195 193 192 192 189 188 188 188 187 188 188 187 186 181 179 177 177 181 185 188 194 187 181 176 175 176 176 175 171 169 165 161 161 160 156 159 171 161 159 157 159 153 155 153 153 146 139 136 139 151 148 140 146 156 163 167 158 143 136 152 170 164 154 145 149 157 165 168 178
198 199 199 199 199 199 199 200 200 200 200 200 199 199 199 199 199 198 196 195 193 192 192 192 191 192 192 193 193 193 191 189 189 191 189 185 183 186 180 176 176 173 178 182 185 190 189 181 173 169 168 169 169 169 166 165 162 158 155 152 151 161 165 166 159 148 139 142 140 142 141 141 144 139 138 142 153 161 159 160 148 148 140 147 163 161 157 148 142 155 162 167 170 170
199 199 199 199 199 199 199 199 200 199 199 199 199 199 198 198 197 197 197 197 196 195 193 192 191 190 190 186 187 190 193 192 192 189 187 181 179 183 182 179 174 172 175 181 185 192 188 183 178 178 175 169 166 164 163 161 159 155 151 146 143 147 149 156 163 157 148 145 144 148 152 146 141 140 136 149 154 149 155 155 139 140 143 159 157 153 149 142 139 154 161 160 159 169
199 199 199 200 199 199 199 199 199 199 199 198 198 197 197 198 195 195 191 192 194 197 197 193 190 189 189 187 185 187 189 186 191 192 187 180 180 182 183 181 174 171 175 180 183 190 192 185 185 181 179 178 172 166 162 159 156 154 150 145 143 140 138 143 146 154 158 155 153 151 146 145 139 136 141 141 140 141 145 149 139 148 153 156 150 144 140 131 142 149 145 146 157 168
198 199 199 200 199 199 199 199 199 198 198 196 195 196 196 197 192 194 191 189 187 194 196 196 193 188 185 182 181 184 183 185 191 189 189 186 183 184 186 181 171 170 172 176 179 188 191 180 173 170 165 166 167 161 158 157 156 153 151 149 144 139 137 137 149 150 150 149 145 148 152 156 148 146 148 148 146 146 144 133 143 145 146 149 143 140 131 130 135 140 143 151 163 172
199 199 199 199 199 199 199 199 198 196 197 197 196 197 195 192 190 191 191 188 186 192 189 192 195 194 188 184 180 178 178 183 191 184 183 186 187 187 185 178 170 169 170 174 185 190 185 177 170 165 161 159 158 158 157 154 151 153 155 152 152 145 150 156 164 169 168 166 161 162 160 164 155 156 158 158 152 140 136 133 135 139 140 135 133 135 137 140 146 152 152 160 168 175
198 199 199 199 199 198 199 198 196 195 194 194 197 196 193 191 189 188 187 188 188 189 185 186 191 194 192 189 183 177 176 180 188 189 188 188 187 186 182 178 173 171 170 173 182 189 185 182 177 173 165 159 155 152 150 160 166 172 174 170 169 167 170 175 172 164 163 166 168 171 169 168 167 163 158 157 152 143 135 136 147 147 150 140 134 143 152 157 154 162 169 173 174 175
198 199 199 200 200 199 198 197 195 193 193 191 190 193 193 194 188 186 186 185 186 188 185 186 190 193 193 189 187 181 176 175 177 181 183 187 188 183 174 171 172 172 170 171 178 187 189 182 177 170 164 161 158 156 159 171 179 180 176 179 178 175 173 166 163 149 147 150 154 166 167 162 166 160 151 151 153 142 132 135 145 155 161 158 150 158 165 169 172 174 178 180 183 183
198 199 199 199 199 198 198 197 196 194 192 190 189 191 190 193 192 185 185 185 184 187 185 183 185 188 192 191 187 183 179 175 174 173 177 183 187 182 176 170 168 166 166 168 173 182 190 189 184 180 176 176 176 174 175 181 180 171 162 160 161 161 157 160 156 146 134 141 156 168 159 151 162 159 151 139 143 135 132 133 146 154 163 168 164 170 174 177 179 181 183 182 180 178
199 199 199 198 198 199 198 196 196 196 194 191 190 188 187 187 193 186 185 185 183 182 183 180 179 179 185 191 190 186 183 181 179 177 173 173 180 182 172 170 169 167 163 164 168 174 182 184 188 189 188 187 187 187 187 186 183 179 171 162 149 144 140 140 147 144 137 149 162 159 158 146 157 158 148 137 135 141 147 146 148 159 165 173 175 177 180 182 182 181 178 173 168 165
198 198 198 198 196 198 195 195 195 195 194 193 192 191 188 186 190 191 186 184 182 180 182 180 177 178 179 186 191 190 189 187 186 183 179 172 172 179 177 170 168 168 166 164 165 170 175 178 182 184 176 176 179 180 179 176 177 182 182 173 166 160 150 145 137 136 145 154 157 144 152 146 158 154 144 137 148 154 159 161 160 169 173 177 175 170 174 177 176 171 165 158 154 156
198 197 197 196 196 196 195 194 193 193 194 193 192 192 190 187 187 194 185 183 181 180 180 178 176 175 180 186 184 183 184 184 185 182 186 182 171 171 178 178 168 164 164 164 164 167 171 175 180 181 176 172 170 171 167 160 163 172 182 181 176 170 166 160 154 147 140 147 155 143 142 145 156 149 141 139 146 151 156 165 169 164 169 175 164 159 169 167 160 156 151 149 152 157
198 198 196 195 194 194 195 193 192 192 193 193 191 190 190 189 190 194 192 187 182 179 180 178 176 176 182 182 174 174 171 174 176 172 181 185 174 165 169 177 177 173 167 162 162 161 162 165 171 171 175 177 170 166 160 152 151 161 172 179 184 180 175 172 164 158 150 144 144 140 139 143 148 147 145 151 154 159 164 169 164 160 169 173 160 152 163 166 157 148 141 144 150 154
196 195 195 195 194 193 194 193 193 193 192 192 193 192 191 189 188 187 185 190 190 181 180 179 178 176 179 180 179 175 171 170 173 171 174 182 177 171 166 167 167 172 174 165 162 161 158 156 157 157 161 167 172 168 157 152 147 151 164 170 175 179 181 178 173 166 156 152 149 152 153 151 143 139 145 151 158 165 160 163 166 160 168 172 165 157 160 166 157 152 146 137 144 146
195 194 193 193 194 194 193 192 192 193 191 191 191 192 192 190 188 187 186 185 191 184 180 178 179 178 176 178 174 174 176 173 170 167 168 174 177 180 176 172 167 164 171 171 170 168 166 162 161 156 151 150 154 159 160 155 156 148 151 157 160 167 175 181 175 165 163 166 166 164 166 159 150 145 149 156 164 157 154 164 161 154 162 171 162 151 150 157 160 157 145 135 139 141
194 194 193 193 192 193 193 193 193 192 192 191 190 190 193 192 190 188 186 185 188 189 182 181 180 178 176 174 176 173 173 174 170 169 165 166 168 170 172 178 171 163 164 169 164 161 156 157 162 163 156 148 144 145 146 142 143 148 142 149 159 166 174 176 177 176 172 166 164 167 156 160 155 145 151 160 158 149 159 163 153 154 165 171 165 154 145 148 153 157 145 130 136 147
192 193 193 193 192 192 192 193 193 193 193 192 191 189 189 193 190 188 186 185 185 185 188 183 180 180 179 177 174 171 170 172 173 170 166 165 164 165 164 172 173 161 159 165 161 156 155 151 150 152 159 161 158 158 156 154 150 141 143 152 161 170 173 169 165 168 170 157 153 156 148 148 149 139 149 154 147 151 161 159 151 153 158 166 166 157 149 140 146 155 146 129 139 152
191 192 192 192 193 192 192 193 192 191 190 191 191 191 189 189 192 190 188 186 185 181 184 185 182 181 180 180 178 174 170 170 169 168 166 165 162 161 164 169 175 163 158 157 159 160 156 153 151 150 148 151 150 146 146 152 150 149 145 160 169 170 160 160 157 160 172 168 163 150 141 140 147 147 140 136 144 155 157 157 147 149 155 161 165 162 160 150 140 145 148 132 134 144
193 192 193 193 192 192 192 192 193 192 192 191 191 191 190 188 190 190 189 187 186 183 181 180 184 181 179 181 180 179 177 176 177 177 174 168 165 163 161 164 173 172 168 165 165 163 158 154 152 149 147 145 144 141 139 140 148 154 161 166 168 160 150 155 151 159 169 160 155 153 139 147 155 165 153 143 142 144 151 153 147 150 157 163 159 151 155 157 141 137 145 137 126 136
194 194 194 193 192 193 193 193 193 192 192 192 192 192 191 189 188 190 187 185 186 186 185 181 179 181 178 180 177 174 173 171 175 176 175 174 170 167 163 163 170 171 172 172 171 168 167 164 163 162 160 158 154 153 149 145 140 147 154 158 159 156 146 146 155 163 162 150 149 140 144 147 164 169 167 163 158 152 147 145 147 158 156 157 152 144 143 155 150 133 136 140 138 134
195 195 195 194 194 195 194 194 194 193 193 192 192 192 191 190 190 189 188 187 186 185 182 183 178 181 181 180 181 177 173 169 167 173 169 171 170 169 164 161 166 167 168 168 167 166 164 160 156 158 157 158 155 150 150 146 145 156 158 154 150 149 151 150 145 154 146 147 142 148 160 155 162 176 164 149 147 147 148 143 152 151 143 149 150 140 142 143 141 134 138 146 150 152
196 196 196 196 196 196 195 195 194 194 194 194 193 193 192 190 188 187 186 188 186 184 184 182 178 179 181 180 179 178 175 171 168 169 170 167 164 162 164 164 163 161 158 156 158 162 159 155 151 153 152 153 153 152 150 146 153 162 167 167 158 149 153 160 150 137 147 159 165 165 172 176 175 178 165 159 153 142 140 142 148 149 154 155 155 151 144 136 135 139 138 137 139 142
196 197 197 197 197 197 197 196 195 195 194 194 194 193 192 192 190 188 183 183 186 183 182 180 177 175 180 175 178 176 176 176 170 168 166 168 166 164 162 160 160 159 154 150 149 157 157 152 144 146 152 159 158 155 147 149 163 170 170 173 168 157 155 166 160 160 151 164 179 180 175 171 166 167 173 177 175 167 162 165 168 168 164 164 165 153 139 139 140 145 148 149 144 149
197 196 196 196 197 196 196 196 196 196 195 195 194 194 193 192 191 190 188 186 182 183 183 180 177 175 178 173 173 172 173 172 173 173 170 166 164 162 159 159 160 157 157 152 148 147 150 149 152 153 156 164 166 166 165 165 171 175 178 181 182 179 175 181 183 182 172 179 184 178 175 177 165 153 155 165 172 175 173 175 162 150 144 148 160 159 141 137 148 155 158 160 161 161
197 197 197 196 196 196 196 196 195 195 195 195 194 194 193 191 190 189 189 188 187 186 185 183 179 175 175 174 172 169 167 167 166 168 167 167 167 162 158 155 154 153 152 153 151 151 153 155 159 162 165 171 173 174 172 171 176 180 184 188 191 192 190 187 182 184 185 184 171 159 152 169 174 167 160 155 152 162 158 166 166 151 134 142 154 157 138 137 148 145 142 144 143 140
197 197 197 197 197 197 196 196 195 195 195 195 195 194 192 192 192 191 190 189 188 187 184 183 183 180 176 172 171 170 169 170 170 167 170 169 170 166 164 160 157 159 157 159 160 163 166 163 163 167 172 175 179 181 179 177 184 191 190 189 188 180 171 165 162 162 161 166 174 162 153 164 154 165 173 161 144 149 156 166 168 157 143 136 144 152 139 130 139 142 143 147 151 152
197 197 197 197 197 197 197 196 196 196 196 196 195 195 194 193 192 191 188 186 185 185 186 183 182 181 179 174 175 175 177 178 178 175 176 175 174 170 164 164 167 172 171 168 170 176 172 168 168 173 178 180 183 186 188 191 194 194 192 183 175 164 158 151 148 150 147 155 158 152 144 152 148 152 168 165 146 144 158 167 163 153 157 144 134 144 141 143 150 151 149 149 152 152
197 197 197 197 197 197 197 197 197 197 197 197 195 194 193 193 192 191 190 190 189 190 190 190 189 187 186 185 182 182 182 182 180 180 179 177 175 175 177 177 176 179 178 176 176 182 181 179 177 176 180 186 188 191 193 194 193 190 189 184 180 178 175 175 170 172 169 163 159 154 143 139 142 148 166 163 147 139 153 166 161 148 144 150 141 132 138 142 142 152 158 154 158 154
197 197 197 197 197 197 197 197 197 197 196 196 196 195 195 196 194 194 196 195 194 192 191 191 190 189 190 192 192 190 191 188 187 185 185 184 183 185 187 185 187 188 187 185 184 187 191 190 186 187 190 192 195 195 195 193 188 185 184 180 163 160 155 164 169 162 158 165 166 164 166 159 150 143 160 156 142 144 158 161 151 149 144 135 138 137 146 151 155 160 156 163 171 153
197 197 197 197 197 197 197 197 197 197 197 197 197 198 197 197 197 197 197 197 197 195 192 188 187 189 192 195 196 196 195 196 196 195 195 196 196 194 194 194 194 194 193 193 193 193 193 189 190 189 189 190 191 190 189 185 178 175 172 172 161 145 142 144 157 159 144 144 143 148 156 159 159 142 153 158 144 152 151 150 150 137 135 133 136 134 141 140 140 143 139 150 168 175
197 197 197 197 197 197 197 197 197 197 197 197 197 196 196 196 195 196 198 197 198 198 198 197 196 196 198 198 198 198 198 197 195 195 196 196 191 184 182 184 185 185 183 181 186 189 187 184 182 180 181 184 182 181 181 177 173 168 163 160 153 146 145 148 147 146 151 150 139 139 141 145 148 139 142 145 149 149 140 148 141 135 148 152 152 136 143 149 153 149 144 146 157 175
197 197 197 197 197 197 197 198 197 196 196 196 195 194 193 192 191 190 194 196 198 198 198 198 198 197 197 197 197 198 198 198 195 195 196 195 192 187 186 183 181 176 177 177 179 183 181 180 179 177 174 177 181 179 177 175 177 178 172 163 159 163 167 165 151 159 164 162 159 154 145 147 152 155 152 139 151 154 156 149 146 146 151 167 159 146 140 144 149 154 165 164 163 171
197 197 197 197 197 197 197 196 196 196 196 196 195 194 193 193 192 190 188 188 194 195 195 194 192 192 192 191 193 195 196 198 198 198 198 198 197 195 194 194 192 186 187 187 187 187 185 186 185 184 185 186 187 186 184 183 184 184 182 174 172 172 182 175 168 171 170 169 168 161 150 163 169 166 151 139 146 155 169 171 173 173 169 175 167 162 154 157 159 152 167 180 184 186
198 198 197 197 197 197 197 197 197 197 197 196 195 194 193 191 191 191 189 188 187 187 191 192 190 184 182 181 181 186 189 193 197 198 198 198 198 198 198 198 198 197 195 195 194 192 190 190 190 190 191 192 192 193 192 192 192 190 190 188 190 186 190 189 186 189 184 180 176 171 163 174 175 157 144 139 148 155 151 155 162 171 176 182 180 174 159 173 167 174 186 180 178 184
