3_data_analyses/maxent/chelseacur_asc/bio_17.asc
ncols         195
nrows         278
xllcorner     -122.86680578405
yllcorner     43.49152724385
cellsize      0.0083333333
NODATA_value  -9999
[rows 0 to 53 of 278, columns 96 to 191 of 195]
95 90 95 106 106 93 82 80 85 90 87 79 72 69 66 63 63 61 63 73 86 87 76 63 66 78 89 92 92 92 86 76 65 68 78 78 76 78 78 70 60 52 47 44 44 44 47 47 44 39 39 44 52 60 62 60 57 49 41 37 36 34 31 31 31 29 29 28 28 28 31 34 36 41 44 46 47 44 44 41 41 42 42 42 39 37 37 39 41 39 36 31 29 28 28 26
104 103 106 109 104 90 82 85 90 95 90 82 74 71 66 63 61 61 61 66 74 76 68 60 63 76 86 89 91 89 81 66 60 68 73 71 70 75 78 70 60 55 50 47 44 44 44 42 41 39 39 41 47 54 59 60 57 49 41 36 34 33 31 31 29 29 28 28 29 31 34 36 39 41 44 47 46 44 41 39 41 42 41 39 36 36 39 39 41 39 34 28 26 26 26 26
96 96 96 96 90 82 79 80 85 83 82 79 74 69 68 68 66 63 63 63 66 66 63 58 60 71 81 86 86 81 70 60 62 68 73 71 73 78 78 70 60 55 52 50 47 47 47 44 41 39 39 39 41 49 55 59 57 49 41 36 34 31 31 31 29 29 29 31 34 36 39 39 41 42 44 47 44 42 39 39 41 41 39 34 34 39 41 41 39 36 31 26 26 26 26 26
86 83 82 80 77 75 77 78 80 77 74 74 74 77 79 82 82 74 69 69 69 66 60 57 57 63 71 78 76 70 63 65 73 78 78 78 78 78 73 65 60 60 62 60 57 55 52 47 41 39 39 36 39 42 52 57 57 49 41 36 33 31 31 29 29 31 34 36 41 42 42 42 41 44 44 46 44 41 39 36 39 39 36 33 36 39 41 39 39 34 31 26 26 26 26 26
93 83 77 74 72 72 75 80 80 77 72 72 77 82 88 95 93 87 79 77 74 68 60 55 55 57 60 63 63 62 68 76 83 83 81 78 78 70 65 62 65 70 70 67 62 55 49 44 41 39 39 36 36 39 47 55 57 52 44 36 33 31 31 29 31 34 39 44 44 44 41 41 42 44 46 46 44 41 36 34 34 34 31 31 38 41 41 39 36 31 29 26 26 24 23 23
106 93 80 72 71 71 72 77 79 77 72 69 72 79 85 90 90 85 82 82 81 74 63 58 55 55 55 55 55 60 71 78 81 78 76 73 68 65 63 70 75 78 78 72 62 52 44 41 39 39 36 36 36 41 49 57 59 57 49 41 34 31 31 29 31 34 41 46 44 39 36 36 41 44 46 46 44 41 39 36 33 29 28 31 36 41 39 36 31 28 26 26 26 23 23 23
114 104 90 80 74 74 74 74 74 72 71 69 69 74 79 81 79 74 77 84 89 87 76 63 58 55 55 52 52 57 65 71 73 73 70 62 62 67 73 78 80 80 80 75 65 54 46 41 39 36 36 36 39 44 52 57 59 59 52 44 36 33 31 31 31 33 39 44 41 36 31 34 41 46 46 46 44 41 41 39 36 31 26 28 31 36 36 31 28 26 26 26 23 23 23 23
117 117 111 101 93 90 87 82 74 69 68 66 66 71 76 76 71 69 76 89 97 94 86 73 65 60 55 52 52 52 57 63 68 65 60 57 65 75 78 78 78 78 78 75 67 59 49 44 39 39 36 36 39 47 54 57 57 57 52 41 36 31 31 29 29 31 36 39 38 33 31 36 44 46 46 46 44 41 41 39 36 31 26 26 26 31 31 28 26 23 23 23 23 23 23 23
120 125 128 122 114 111 106 95 82 74 71 66 66 66 71 74 68 68 76 89 92 91 84 76 70 63 57 55 52 52 52 57 60 57 54 57 68 75 75 73 72 75 75 72 67 62 57 49 44 39 36 36 39 46 51 51 49 49 46 39 33 31 31 29 29 31 33 36 36 33 33 39 44 46 46 46 44 41 41 36 33 28 26 23 23 26 26 26 23 23 23 23 23 23 23 23
120 130 133 127 116 114 114 108 98 87 77 71 66 66 66 68 66 66 73 81 81 78 73 70 68 63 58 55 52 50 50 52 52 52 54 60 68 73 70 62 62 67 73 73 67 62 59 54 47 41 36 36 36 41 44 41 39 39 38 34 31 31 31 29 29 31 31 33 33 31 33 38 43 46 46 46 44 41 39 34 31 28 26 23 23 23 23 23 23 25 26 23 23 23 23 23
125 132 130 119 104 103 114 122 114 97 82 76 71 68 66 63 63 63 68 73 70 65 63 63 63 60 57 55 52 50 50 50 49 50 55 60 68 70 63 55 55 62 72 75 69 57 52 49 44 39 36 36 36 36 36 34 34 33 33 31 31 31 31 31 31 31 31 31 31 31 31 34 39 44 46 46 44 39 36 31 28 26 25 23 23 23 23 23 23 26 26 26 23 23 23 23
130 132 124 108 95 93 108 121 119 100 84 79 74 71 66 63 61 60 63 65 63 60 60 60 58 57 55 52 52 52 52 50 50 50 52 57 65 67 60 52 50 57 70 72 64 52 44 41 39 38 36 36 36 36 36 36 36 36 36 36 34 34 34 34 33 33 31 31 33 33 31 31 34 39 41 43 41 38 33 28 26 26 23 23 23 23 23 23 23 26 26 26 26 26 26 25
135 130 117 101 90 85 95 111 116 105 87 79 73 68 66 63 61 60 60 60 60 58 58 57 57 55 55 54 55 55 55 55 52 52 52 55 60 62 57 50 49 54 60 60 54 46 41 41 41 41 41 41 41 41 41 41 44 44 43 41 41 39 39 39 38 36 33 36 39 39 36 33 33 33 36 36 38 36 31 28 26 26 25 25 25 25 25 25 25 25 26 26 26 26 28 31
138 130 119 103 90 82 82 92 103 108 95 79 71 66 63 63 60 60 60 60 58 58 58 57 57 57 57 60 65 68 70 67 62 57 55 57 60 62 62 57 54 52 54 52 49 49 51 52 52 54 54 51 51 54 54 51 49 46 44 41 41 39 39 39 38 36 36 38 43 46 44 41 38 33 31 31 31 31 28 28 26 28 28 28 30 31 28 28 28 28 26 26 25 26 28 33
135 127 117 103 92 82 77 77 87 100 95 79 68 66 63 63 61 60 60 60 58 58 60 60 60 62 65 73 78 83 86 83 80 73 67 65 70 72 75 70 64 59 59 59 59 64 67 67 64 64 64 62 61 59 56 51 49 43 39 36 36 36 36 36 36 36 33 38 44 46 48 46 44 38 33 31 28 28 28 28 28 31 33 33 36 36 36 33 33 33 31 28 26 25 28 31
125 116 108 101 93 85 77 71 76 85 84 74 66 63 63 63 61 60 60 60 60 60 63 68 70 73 78 84 88 91 94 93 91 86 78 75 78 83 80 75 69 69 72 69 69 72 72 70 67 64 64 64 62 59 51 46 41 38 36 36 36 33 33 33 33 33 33 38 43 46 49 49 46 41 36 31 29 28 28 29 31 32 33 36 37 38 38 38 36 36 36 33 28 27 26 26
106 98 96 98 96 87 77 71 71 74 74 68 66 63 63 63 63 63 60 60 63 68 73 78 84 88 91 94 91 91 93 96 96 91 83 80 85 86 82 75 70 74 77 75 74 75 75 72 64 62 62 61 57 51 44 41 38 36 36 34 33 33 33 33 33 33 33 38 41 46 49 49 46 41 36 31 30 28 31 32 32 31 29 31 36 37 38 38 38 38 38 38 36 33 32 28
90 85 87 95 98 90 79 74 69 69 68 66 65 63 63 63 65 63 63 66 73 81 89 91 94 99 101 99 91 83 86 93 96 93 88 88 88 88 82 75 75 80 80 77 77 75 72 69 62 56 56 54 49 44 41 38 36 36 34 33 33 33 31 31 31 33 36 38 41 46 49 49 46 41 36 31 31 33 33 36 33 28 28 28 32 36 38 41 38 38 41 41 41 41 38 36
80 77 80 88 95 90 80 74 69 66 66 66 65 63 65 66 68 68 73 79 89 96 101 102 104 104 104 99 86 75 78 88 94 96 96 93 91 88 82 80 83 85 82 77 72 67 64 59 54 49 46 44 41 39 38 36 36 33 33 33 33 31 31 33 33 33 36 38 41 46 49 51 46 41 36 33 36 38 38 36 31 28 26 28 32 36 38 41 41 41 41 41 41 41 38 36
77 74 77 82 87 85 77 71 68 66 66 66 66 66 69 74 76 81 86 94 102 107 109 109 109 109 106 96 81 73 78 86 93 96 96 96 93 85 80 83 85 83 77 67 62 56 52 49 47 44 41 41 39 38 36 36 33 33 33 33 33 33 33 33 33 33 33 36 41 46 49 51 48 41 38 38 41 41 36 31 28 28 26 28 33 36 38 41 41 41 41 41 41 38 36 31
74 74 74 74 77 74 71 69 68 68 68 71 73 76 82 89 94 94 94 97 104 109 110 112 112 110 106 93 78 73 80 88 91 93 96 96 91 80 75 77 80 77 67 57 52 49 49 46 44 41 41 39 38 36 36 34 34 36 36 33 33 33 33 33 33 33 33 36 41 46 51 51 49 43 41 43 43 38 33 30 28 28 28 30 34 38 38 41 41 43 41 41 38 33 29 26
74 74 74 72 72 71 69 69 71 74 77 82 87 92 100 108 110 105 94 91 94 102 107 110 112 112 107 93 78 73 83 88 88 91 96 96 88 77 70 67 67 65 59 52 49 47 46 44 44 41 41 39 38 36 36 36 38 39 38 36 33 33 33 33 36 33 36 38 44 49 51 51 49 46 44 44 41 33 31 31 33 33 30 30 34 38 41 43 43 41 39 36 33 28 26 24
74 74 72 72 72 72 74 77 82 90 98 103 105 105 110 116 118 113 100 87 81 86 99 107 110 110 107 94 80 75 83 91 89 89 93 96 88 75 65 60 59 57 54 51 49 46 44 44 41 41 39 38 36 36 36 39 44 44 41 36 33 33 33 36 38 36 36 41 46 51 53 51 51 48 46 44 38 33 33 36 38 36 30 29 34 41 43 43 41 38 33 29 28 25 24 23
74 74 74 77 79 82 88 95 103 113 118 118 113 108 108 115 121 118 110 94 78 76 86 99 107 109 107 99 88 83 88 94 93 88 93 93 83 70 60 55 54 52 52 49 49 46 44 43 41 41 39 38 36 36 39 44 49 49 41 36 33 33 36 38 41 39 38 43 49 53 54 53 51 51 48 43 38 38 41 41 38 33 28 28 33 41 43 43 38 31 28 25 24 23 23 23
77 80 85 90 98 103 111 116 122 124 126 124 118 105 99 108 118 121 115 100 83 73 73 84 96 102 104 104 99 94 96 99 96 93 91 86 75 64 57 54 52 49 49 49 46 44 44 41 41 39 39 36 36 41 46 49 52 51 43 36 33 36 41 43 44 43 41 43 49 53 54 54 53 51 48 43 41 41 43 41 36 30 28 28 33 38 43 39 33 28 26 25 25 24 23 23
93 101 109 114 119 124 127 130 130 129 129 127 118 100 92 102 116 123 118 105 86 73 68 71 81 91 99 104 104 104 102 101 101 96 88 75 67 64 62 57 52 49 49 47 46 44 44 41 41 39 38 36 39 44 51 54 56 51 43 36 36 39 44 46 48 46 46 46 49 53 54 54 54 51 48 43 41 41 41 36 33 28 28 28 31 38 41 38 33 28 28 28 26 25 23 24
117 125 128 132 135 135 135 135 132 129 131 126 113 94 87 99 116 123 118 104 86 73 68 73 76 78 89 99 104 104 104 104 101 96 86 78 75 72 67 59 54 52 52 49 46 44 44 41 41 39 39 38 39 46 54 57 59 54 44 39 38 41 43 46 49 51 49 48 49 53 56 56 54 51 48 43 41 38 36 33 30 30 30 30 31 36 38 36 33 31 29 28 26 25 23 25
130 135 138 138 138 140 138 135 129 129 129 121 105 87 82 97 115 123 118 102 84 76 76 81 78 71 81 96 102 104 104 104 99 94 91 88 85 77 65 59 55 55 54 52 47 46 44 41 41 39 39 39 41 46 52 57 59 54 49 44 41 39 43 48 51 54 56 54 53 54 56 56 54 51 48 43 38 36 33 33 31 33 33 33 33 34 36 34 33 30 28 26 25 25 25 25
135 138 138 140 140 140 138 132 127 127 127 116 97 82 79 89 108 121 118 105 86 78 81 83 73 68 81 99 104 104 104 104 96 88 86 88 86 75 62 57 55 55 54 49 47 44 44 41 41 39 39 39 41 44 49 51 52 51 49 46 41 41 46 54 56 59 59 56 56 56 56 56 56 51 48 43 38 36 33 33 33 34 34 33 31 33 31 30 28 28 26 25 25 25 25 24
135 138 138 138 138 138 135 127 124 124 127 116 95 84 79 84 102 116 118 108 92 79 78 73 65 68 84 102 107 107 102 99 91 81 75 75 75 67 60 55 54 52 49 47 44 44 42 44 44 42 41 41 41 41 44 44 44 46 46 44 44 46 54 59 61 59 59 59 59 59 59 56 56 51 46 41 38 36 33 34 36 36 34 33 31 30 28 28 28 26 25 25 25 25 25 25
136 138 138 138 135 133 129 124 122 122 124 119 103 89 84 87 100 115 118 105 89 79 73 66 63 73 92 105 109 104 91 83 78 73 68 63 60 57 54 52 49 49 47 44 44 44 47 49 52 47 44 41 41 41 41 41 43 44 44 46 49 54 59 62 62 61 61 59 59 59 59 59 56 51 46 41 36 36 36 36 36 34 33 33 30 28 28 28 26 25 25 26 28 28 28 28
136 138 141 138 130 122 119 122 121 114 113 119 113 100 90 92 103 116 113 97 81 74 70 65 68 84 102 110 107 94 80 68 65 63 62 57 55 52 50 49 47 47 47 49 52 54 57 60 57 49 44 41 41 41 41 44 44 44 46 49 54 59 62 64 64 62 61 61 61 59 59 59 56 51 44 39 36 35 35 33 33 33 33 31 30 28 28 28 26 26 28 30 33 33 33 34
130 133 136 130 117 106 106 117 119 106 98 108 111 100 90 95 108 118 113 92 74 68 68 70 81 97 105 102 94 81 68 62 60 60 58 55 52 50 49 49 52 52 57 62 65 68 70 65 57 49 44 41 41 41 44 44 44 46 46 51 56 61 64 64 64 64 62 61 61 61 59 56 53 48 43 38 36 33 33 33 31 31 30 30 28 28 28 28 26 28 31 36 38 39 38 38
115 115 117 112 99 93 98 111 112 98 85 90 93 87 90 103 116 121 113 97 79 73 76 84 97 102 95 84 76 68 63 63 65 68 65 60 54 52 50 55 62 67 70 75 75 73 70 62 54 47 44 42 41 41 44 44 46 46 46 51 56 61 64 64 64 64 64 64 62 61 59 56 51 46 41 38 36 33 33 33 33 33 31 30 30 28 28 28 28 31 36 41 41 41 38 36
102 99 96 90 85 85 93 99 96 85 77 74 74 77 87 103 111 113 113 108 100 94 97 102 102 92 79 74 78 78 78 78 81 78 70 60 55 52 52 60 72 78 81 83 80 72 64 57 54 49 46 44 42 41 44 44 46 47 47 49 54 61 64 67 67 66 64 64 64 62 59 54 46 43 39 36 36 35 36 38 38 35 33 31 31 30 28 28 31 36 39 41 41 38 33 31
94 88 85 80 80 80 83 83 80 75 72 72 74 77 82 90 93 98 108 113 116 113 113 110 97 79 71 79 92 97 94 94 89 78 67 60 55 52 54 65 78 83 86 83 78 70 64 60 57 54 49 44 44 44 44 44 46 46 46 47 54 59 64 67 67 67 66 64 64 62 56 51 44 41 38 36 36 36 38 38 36 33 33 31 30 30 30 31 35 38 38 38 36 33 31 29
85 80 77 75 75 77 77 77 77 80 82 85 90 93 93 87 82 87 98 110 113 116 116 113 102 84 74 79 89 94 97 97 92 79 68 60 55 52 57 68 81 88 88 83 78 72 70 65 60 54 49 46 44 44 44 44 44 44 44 47 54 61 65 67 69 67 67 64 64 59 53 46 41 38 36 36 36 36 36 33 33 33 31 31 30 31 33 36 36 36 35 33 33 31 29 28
77 75 75 75 77 80 85 91 96 101 106 111 114 114 111 98 84 82 95 106 113 116 118 118 111 97 84 79 81 84 92 97 97 86 70 60 55 55 63 76 86 91 88 83 78 75 70 65 57 52 49 47 44 44 44 44 44 44 44 47 54 62 67 69 69 69 67 64 62 56 49 44 41 38 36 36 36 33 33 33 33 33 33 33 33 33 36 36 33 33 31 30 30 28 28 28
80 83 86 88 93 98 107 114 120 122 125 127 127 125 116 100 87 82 92 103 110 113 116 118 116 110 97 87 81 79 84 91 91 79 65 57 55 60 73 83 91 93 89 83 78 73 65 60 54 52 49 47 46 46 46 44 44 44 46 49 54 62 67 69 70 69 67 64 59 52 46 43 41 38 36 36 36 33 36 36 36 36 36 36 36 36 35 33 33 31 30 28 30 31 31 31
96 104 109 112 115 117 122 127 128 130 130 130 130 125 114 98 85 79 87 98 108 111 113 113 116 113 108 100 92 79 74 76 76 68 58 55 60 71 81 91 94 94 89 83 78 68 60 57 55 54 52 49 47 47 47 44 44 46 47 47 52 59 67 70 70 69 67 59 54 49 46 43 39 38 38 38 38 38 39 39 38 38 38 36 36 33 33 33 31 31 31 31 31 33 33 33
118 123 126 126 125 125 125 128 128 128 130 130 130 125 114 98 85 79 80 90 103 108 111 111 113 113 110 108 100 87 76 68 66 60 55 58 68 81 89 97 97 94 89 83 76 65 58 55 55 55 52 49 47 47 47 46 46 47 46 46 51 60 67 70 72 69 64 57 51 46 44 41 39 41 43 46 44 43 41 39 38 36 36 33 33 33 33 33 33 33 33 33 33 33 31 31
126 129 129 128 126 123 123 123 126 130 130 130 130 127 117 100 87 82 79 82 92 103 108 111 113 111 108 105 102 97 89 76 65 58 55 61 73 87 94 99 99 94 86 78 70 62 57 55 54 52 52 49 49 49 49 49 47 47 44 47 54 62 70 72 72 70 64 59 54 49 44 41 41 46 49 51 46 43 39 38 36 36 34 33 33 33 33 33 33 33 33 31 31 31 28 28
129 129 129 128 126 123 120 120 120 125 127 128 130 127 117 101 93 85 80 79 82 92 103 109 111 111 108 103 100 100 100 87 71 58 58 65 78 91 97 99 99 94 81 70 62 60 57 55 55 55 55 55 54 54 54 52 49 46 44 49 59 67 70 72 72 70 67 62 54 49 44 44 46 49 54 51 46 41 38 38 36 36 36 33 33 33 33 33 33 31 31 30 28 28 28 28
131 131 131 131 129 128 126 123 120 115 114 117 122 122 117 111 103 90 82 79 79 87 100 108 111 111 111 108 103 103 103 92 73 61 60 68 81 92 97 100 99 91 78 68 65 65 65 62 60 60 65 65 62 62 60 57 49 46 47 52 62 69 72 73 75 72 67 59 54 49 46 46 49 51 51 49 46 41 39 38 38 36 36 34 33 33 33 33 31 31 31 30 31 31 31 31
132 132 132 132 131 131 131 128 123 115 104 104 112 122 122 122 114 98 85 82 82 95 106 111 111 108 111 111 108 105 100 87 73 63 63 71 84 94 99 100 100 94 84 76 76 76 73 68 65 70 75 75 70 67 62 57 49 47 47 52 62 70 73 75 75 72 65 59 52 51 51 51 49 51 51 49 44 41 39 39 38 36 36 34 33 33 33 31 31 31 31 31 33 33 31 31
131 131 132 132 132 131 131 131 126 117 104 99 107 120 123 125 120 109 95 87 93 106 111 111 109 108 103 100 98 95 90 84 76 69 66 71 86 97 100 102 102 99 94 89 86 81 73 68 71 78 81 80 73 65 60 54 49 47 47 52 65 72 75 75 75 72 67 62 59 57 56 52 49 49 49 46 44 41 41 39 38 36 36 34 33 33 33 33 33 33 33 33 33 31 31 31
129 129 129 131 131 129 128 126 120 109 97 94 104 115 120 122 122 117 106 95 95 101 101 103 106 101 90 82 79 77 79 87 90 84 76 76 87 100 102 102 102 102 100 97 92 83 73 73 81 86 86 80 70 60 55 50 47 47 47 52 65 73 75 75 75 72 72 70 67 64 59 54 49 46 44 44 41 41 41 39 38 36 36 36 34 34 34 34 33 33 33 31 31 31 31 28
126 127 127 129 126 126 123 118 113 105 102 104 110 115 117 120 122 120 107 91 82 83 90 98 98 87 74 69 71 74 82 95 100 100 92 89 95 100 105 105 105 105 105 102 94 84 78 81 86 89 86 76 65 57 52 50 47 47 47 52 62 73 75 75 75 75 75 73 70 64 57 51 47 44 44 41 41 41 39 39 38 36 36 36 36 34 34 34 33 33 31 31 31 31 31 28
119 121 124 124 121 116 115 118 118 118 118 120 121 120 120 118 115 106 93 80 75 82 93 96 85 72 69 74 80 85 87 90 95 100 100 100 100 103 105 105 108 108 108 105 99 92 87 89 91 89 81 70 60 55 52 50 49 47 47 50 60 70 75 75 75 75 73 72 69 60 54 49 46 44 41 41 39 39 38 38 36 36 36 36 36 34 34 33 33 33 31 31 31 31 31 28
103 105 108 110 108 102 107 118 123 124 126 126 126 125 118 107 96 85 75 69 75 85 93 83 69 64 69 77 85 85 82 80 85 93 100 103 103 105 105 108 108 110 108 108 103 97 94 94 89 83 73 63 58 55 52 50 49 47 47 49 57 67 75 78 75 72 70 70 67 59 52 47 44 44 41 39 39 39 38 38 36 36 36 36 36 34 33 33 33 33 31 31 31 31 31 31
87 87 87 89 89 89 94 107 118 121 123 126 125 120 107 91 77 70 67 67 72 78 77 70 66 67 72 77 80 82 85 87 90 98 103 105 106 106 108 108 111 111 108 105 103 98 92 87 81 74 66 60 58 55 52 50 49 49 47 47 52 63 73 78 75 70 67 70 67 62 52 47 44 41 41 39 39 39 38 36 36 36 36 36 36 34 34 33 33 33 31 31 31 31 31 31
97 95 89 84 81 81 84 94 104 115 120 123 121 112 96 80 70 64 64 65 69 70 72 75 80 85 88 88 85 90 96 101 103 103 105 106 108 108 111 111 111 111 106 101 98 92 84 77 71 68 63 60 57 55 52 50 50 49 47 47 50 60 70 76 76 73 70 72 70 62 54 47 44 41 41 39 39 39 39 39 39 41 41 39 36 36 34 33 33 33 33 33 33 33 31 31
118 116 110 97 86 78 80 85 93 102 110 115 115 105 88 75 67 69 73 78 83 85 88 94 101 104 104 101 98 96 100 103 106 106 106 106 108 108 111 113 111 109 103 100 95 87 77 71 68 65 60 58 55 53 52 50 50 49 47 47 50 60 70 76 78 76 75 73 67 60 54 49 44 42 41 41 41 41 41 41 44 44 41 38 36 34 34 34 33 33 33 33 33 33 31 31
124 124 121 110 92 81 78 78 80 88 96 102 107 101 86 75 75 85 96 102 104 107 107 107 109 112 112 109 106 103 103 103 106 106 108 108 108 111 111 113 113 109 106 100 93 84 74 69 66 63 60 58 55 53 52 50 50 47 47 47 50 60 70 78 80 78 75 70 62 57 52 49 44 44 41 41 41 41 41 41 41 39 38 36 36 34 34 34 34 34 33 33 33 33 33 31
