3_data_analyses/maxent/chelseacur_asc/bio_4.asc
ncols         195
nrows         278
xllcorner     -122.86680578405
yllcorner     43.49152724385
cellsize      0.0083333333
NODATA_value  -9999
[rows 152 to 189 of 278, columns 0 to 83 of 195]
5132 5137 5144 5144 5160 5170 5182 5193 5205 5214 5219 5232 5234 5251 5258 5262 5269 5273 5288 5299 5305 5307 5302 5308 5318 5320 5320 5322 5326 5325 5346 5352 5351 5354 5353 5354 5352 5361 5363 5380 5411 5412 5439 5454 5481 5464 5463 5489 5518 5530 5536 5562 5556 5535 5509 5488 5484 5500 5552 5588 5605 5615 5617 5609 5582 5562 5545 5569 5558 5568 5598 5614 5603 5591 5599 5621 5644 5674 5662 5659 5674 5707 5722 5730
5126 5137 5150 5157 5163 5166 5179 5198 5207 5215 5223 5225 5234 5245 5255 5260 5269 5281 5296 5305 5308 5313 5308 5310 5309 5311 5314 5315 5315 5324 5341 5344 5345 5340 5336 5339 5344 5355 5379 5417 5418 5448 5466 5468 5491 5505 5494 5505 5522 5550 5557 5541 5527 5527 5509 5489 5515 5554 5571 5617 5638 5654 5657 5663 5641 5625 5604 5634 5613 5628 5644 5660 5621 5628 5632 5670 5686 5708 5709 5699 5704 5738 5753 5744
5138 5147 5156 5160 5170 5178 5192 5204 5215 5220 5230 5237 5245 5253 5263 5266 5277 5293 5300 5308 5311 5305 5307 5312 5314 5315 5313 5307 5311 5316 5330 5336 5342 5333 5327 5320 5352 5394 5414 5438 5433 5449 5478 5473 5483 5493 5513 5523 5547 5558 5537 5528 5512 5508 5517 5536 5567 5589 5613 5644 5646 5622 5602 5632 5657 5672 5675 5687 5681 5679 5703 5698 5689 5697 5711 5723 5739 5752 5749 5741 5748 5773 5766 5763
5144 5150 5159 5171 5178 5188 5198 5207 5217 5227 5236 5244 5252 5259 5262 5271 5282 5296 5299 5304 5302 5309 5310 5313 5317 5320 5320 5313 5308 5311 5317 5325 5333 5337 5332 5324 5340 5384 5410 5436 5463 5470 5489 5483 5477 5487 5501 5520 5547 5546 5532 5527 5507 5530 5546 5563 5597 5616 5642 5639 5631 5632 5599 5582 5603 5644 5639 5630 5676 5705 5726 5718 5719 5728 5726 5717 5726 5739 5759 5779 5785 5774 5780 5787
5143 5152 5160 5172 5182 5190 5198 5205 5214 5228 5236 5243 5256 5261 5262 5277 5287 5301 5304 5310 5300 5301 5309 5311 5310 5314 5318 5314 5313 5316 5319 5322 5327 5332 5332 5340 5357 5403 5424 5441 5458 5478 5493 5480 5482 5501 5518 5530 5555 5558 5539 5524 5537 5566 5588 5610 5630 5636 5628 5607 5591 5608 5613 5603 5564 5587 5635 5595 5637 5682 5717 5709 5693 5685 5691 5667 5687 5727 5754 5760 5775 5790 5802 5810
5139 5150 5165 5173 5184 5193 5200 5205 5215 5228 5239 5249 5257 5268 5278 5284 5291 5298 5307 5311 5320 5318 5318 5316 5312 5319 5326 5320 5320 5323 5328 5333 5329 5324 5320 5347 5392 5402 5430 5460 5471 5470 5501 5504 5507 5515 5548 5547 5554 5554 5560 5548 5563 5592 5615 5628 5628 5607 5605 5595 5562 5563 5551 5578 5569 5573 5598 5575 5620 5669 5709 5714 5698 5672 5658 5653 5679 5724 5738 5734 5745 5756 5761 5782
5137 5148 5161 5177 5186 5194 5202 5213 5222 5219 5228 5241 5250 5264 5279 5285 5288 5291 5304 5316 5316 5318 5319 5319 5321 5326 5333 5334 5339 5340 5341 5339 5334 5329 5331 5363 5397 5425 5424 5450 5476 5489 5504 5514 5530 5539 5543 5536 5527 5538 5546 5568 5598 5617 5621 5615 5603 5586 5564 5570 5573 5575 5570 5549 5553 5550 5558 5573 5618 5670 5694 5681 5702 5699 5666 5646 5681 5709 5709 5697 5706 5718 5719 5764
5140 5151 5163 5172 5183 5195 5205 5215 5226 5235 5237 5241 5245 5262 5276 5277 5287 5292 5306 5313 5314 5316 5320 5322 5333 5340 5335 5338 5340 5344 5344 5347 5344 5332 5342 5374 5396 5435 5455 5452 5477 5504 5517 5523 5538 5544 5552 5560 5568 5578 5588 5600 5593 5590 5593 5581 5606 5607 5607 5591 5579 5562 5547 5575 5605 5590 5560 5575 5615 5668 5657 5640 5661 5695 5678 5643 5667 5683 5680 5680 5696 5713 5748 5763
5139 5150 5163 5172 5181 5196 5205 5217 5228 5238 5247 5251 5253 5270 5285 5285 5292 5298 5307 5310 5313 5318 5328 5338 5342 5344 5343 5336 5340 5341 5346 5353 5355 5362 5365 5380 5393 5421 5462 5468 5480 5507 5524 5534 5538 5548 5559 5559 5562 5568 5587 5594 5592 5598 5601 5592 5609 5606 5600 5590 5558 5552 5587 5613 5631 5594 5569 5581 5609 5648 5632 5607 5620 5652 5652 5648 5672 5673 5658 5675 5695 5709 5728 5750
5145 5148 5156 5156 5171 5189 5203 5218 5227 5236 5249 5257 5261 5269 5279 5287 5301 5308 5316 5313 5330 5332 5338 5337 5340 5343 5343 5347 5349 5360 5366 5377 5387 5388 5387 5401 5416 5431 5458 5483 5501 5515 5518 5513 5517 5536 5548 5549 5552 5565 5578 5569 5564 5576 5576 5569 5591 5590 5608 5583 5574 5604 5627 5641 5623 5609 5605 5594 5605 5637 5616 5609 5628 5642 5651 5675 5686 5679 5673 5655 5682 5711 5730 5736
5136 5144 5146 5154 5168 5186 5203 5218 5229 5241 5249 5256 5250 5257 5268 5284 5293 5302 5314 5326 5329 5335 5332 5332 5334 5343 5350 5356 5366 5377 5385 5391 5400 5403 5404 5417 5439 5461 5485 5488 5504 5498 5506 5506 5505 5527 5520 5544 5547 5556 5561 5559 5545 5557 5547 5549 5565 5570 5571 5577 5603 5635 5637 5640 5632 5630 5609 5588 5592 5608 5611 5635 5675 5681 5682 5702 5686 5669 5659 5650 5678 5708 5702 5720
5128 5139 5151 5168 5173 5183 5204 5218 5231 5240 5251 5259 5254 5254 5263 5272 5286 5299 5311 5322 5326 5329 5331 5328 5328 5344 5359 5367 5383 5394 5394 5403 5417 5428 5434 5448 5468 5484 5481 5467 5475 5489 5477 5483 5487 5504 5511 5533 5536 5527 5526 5541 5537 5538 5536 5563 5594 5600 5594 5604 5631 5636 5612 5626 5612 5600 5593 5580 5604 5626 5640 5646 5686 5719 5714 5702 5686 5667 5658 5655 5655 5672 5688 5719
5118 5134 5153 5170 5186 5199 5208 5223 5230 5242 5255 5261 5263 5261 5266 5269 5275 5288 5295 5308 5321 5335 5332 5331 5344 5359 5370 5380 5394 5409 5407 5420 5439 5454 5459 5461 5454 5452 5457 5451 5460 5461 5465 5472 5481 5490 5505 5514 5504 5503 5508 5516 5530 5563 5564 5569 5605 5629 5630 5639 5625 5614 5587 5585 5595 5582 5577 5584 5609 5638 5667 5700 5718 5736 5723 5706 5693 5680 5672 5673 5673 5679 5686 5706
5127 5141 5157 5173 5192 5204 5210 5222 5233 5244 5255 5265 5269 5278 5282 5286 5289 5298 5307 5318 5323 5332 5337 5347 5358 5375 5383 5396 5413 5425 5434 5442 5439 5435 5432 5433 5441 5444 5452 5466 5484 5473 5484 5493 5496 5490 5482 5489 5479 5501 5534 5548 5556 5585 5605 5592 5613 5634 5642 5615 5600 5581 5581 5597 5611 5626 5613 5605 5644 5644 5640 5672 5732 5738 5729 5720 5706 5696 5689 5687 5696 5707 5722 5720
5125 5140 5156 5175 5190 5205 5212 5221 5229 5244 5255 5265 5277 5285 5294 5294 5302 5315 5333 5340 5343 5349 5355 5371 5378 5390 5397 5409 5422 5428 5431 5432 5425 5430 5439 5446 5464 5462 5484 5478 5499 5504 5507 5502 5504 5512 5503 5503 5500 5514 5560 5583 5587 5614 5622 5624 5634 5630 5618 5605 5607 5588 5591 5621 5645 5660 5646 5631 5686 5703 5692 5708 5755 5750 5734 5709 5695 5715 5726 5732 5741 5736 5738 5730
5125 5138 5159 5176 5187 5196 5211 5214 5224 5233 5249 5261 5276 5283 5293 5303 5314 5323 5336 5343 5353 5364 5369 5379 5390 5399 5407 5415 5420 5430 5436 5445 5445 5453 5465 5481 5483 5482 5489 5493 5512 5512 5510 5506 5526 5532 5535 5537 5532 5545 5572 5600 5613 5611 5601 5591 5607 5617 5628 5638 5638 5622 5638 5656 5679 5675 5681 5681 5699 5730 5732 5756 5749 5725 5709 5706 5729 5753 5762 5763 5756 5729 5703 5701
5118 5136 5155 5173 5178 5189 5198 5202 5213 5229 5244 5262 5276 5285 5299 5307 5317 5325 5336 5345 5354 5362 5369 5379 5390 5389 5394 5406 5417 5423 5434 5446 5456 5473 5478 5485 5494 5500 5510 5499 5517 5520 5524 5533 5542 5559 5568 5567 5569 5583 5600 5618 5616 5618 5618 5619 5625 5655 5664 5669 5675 5669 5686 5699 5702 5716 5721 5737 5741 5743 5758 5759 5737 5729 5723 5738 5767 5778 5769 5755 5741 5704 5688 5703
5117 5132 5154 5169 5177 5190 5195 5201 5218 5236 5244 5253 5270 5280 5294 5308 5321 5331 5335 5345 5357 5363 5368 5375 5388 5397 5400 5399 5405 5417 5423 5438 5453 5463 5470 5476 5478 5482 5498 5513 5530 5536 5548 5555 5563 5578 5583 5588 5598 5603 5617 5605 5603 5617 5636 5644 5647 5641 5646 5652 5663 5680 5687 5694 5700 5703 5709 5714 5715 5708 5719 5740 5759 5769 5772 5778 5766 5753 5744 5727 5710 5701 5722 5735
5141 5143 5159 5177 5189 5202 5208 5206 5217 5235 5246 5258 5273 5280 5295 5305 5315 5327 5333 5343 5346 5352 5355 5368 5380 5396 5413 5414 5411 5397 5414 5434 5446 5454 5460 5465 5464 5469 5483 5495 5520 5536 5546 5559 5560 5564 5571 5578 5584 5577 5581 5610 5620 5618 5614 5609 5604 5620 5636 5634 5626 5618 5627 5636 5662 5657 5666 5677 5681 5691 5662 5672 5710 5731 5769 5788 5782 5762 5744 5735 5745 5748 5757 5767
5153 5149 5160 5184 5198 5207 5219 5220 5224 5233 5251 5263 5276 5281 5293 5300 5311 5321 5328 5346 5352 5356 5364 5373 5375 5394 5413 5420 5428 5417 5409 5425 5437 5448 5458 5463 5466 5457 5480 5497 5519 5528 5526 5524 5537 5531 5549 5565 5573 5557 5564 5591 5608 5630 5634 5649 5651 5650 5632 5624 5607 5588 5585 5587 5597 5598 5611 5622 5612 5656 5631 5638 5659 5680 5738 5770 5794 5784 5776 5782 5794 5794 5794 5792
5160 5169 5176 5191 5203 5218 5227 5224 5232 5241 5255 5265 5271 5291 5294 5295 5307 5316 5331 5339 5355 5361 5367 5371 5378 5395 5403 5414 5420 5432 5445 5443 5451 5464 5471 5472 5479 5484 5498 5505 5508 5499 5502 5501 5504 5524 5525 5545 5566 5563 5562 5576 5572 5608 5604 5613 5641 5659 5638 5621 5608 5597 5578 5582 5584 5582 5594 5600 5601 5627 5613 5624 5640 5677 5725 5757 5770 5794 5798 5789 5773 5754 5748 5757
5173 5183 5194 5203 5212 5222 5229 5240 5246 5253 5264 5272 5285 5293 5301 5310 5317 5321 5322 5334 5347 5359 5369 5376 5380 5388 5401 5409 5421 5428 5449 5456 5455 5464 5472 5480 5482 5483 5478 5479 5494 5508 5499 5493 5498 5508 5516 5535 5544 5560 5554 5558 5559 5573 5591 5597 5620 5656 5656 5637 5623 5603 5589 5590 5591 5584 5586 5595 5605 5598 5608 5636 5656 5678 5712 5725 5746 5780 5798 5783 5769 5734 5723 5724
5178 5187 5195 5207 5214 5223 5231 5243 5250 5262 5268 5279 5288 5297 5306 5315 5320 5318 5317 5321 5337 5354 5359 5366 5363 5372 5396 5406 5412 5420 5441 5452 5461 5459 5463 5445 5436 5438 5442 5453 5477 5492 5519 5519 5524 5515 5512 5516 5521 5543 5547 5540 5544 5554 5571 5580 5590 5623 5658 5661 5636 5597 5584 5589 5606 5608 5606 5605 5601 5595 5588 5618 5637 5675 5699 5702 5714 5726 5762 5765 5740 5724 5711 5729
5165 5184 5199 5207 5212 5223 5226 5236 5249 5260 5272 5285 5295 5299 5307 5309 5315 5309 5302 5311 5328 5341 5344 5350 5357 5376 5389 5399 5404 5412 5426 5437 5459 5474 5481 5476 5451 5443 5444 5451 5458 5472 5493 5485 5520 5531 5528 5530 5519 5513 5537 5536 5534 5536 5544 5577 5600 5627 5655 5678 5659 5618 5604 5619 5639 5642 5636 5637 5637 5644 5645 5634 5615 5655 5686 5687 5688 5715 5733 5749 5739 5732 5729 5722
5159 5180 5200 5211 5218 5216 5219 5231 5248 5257 5267 5282 5295 5304 5312 5315 5316 5312 5305 5308 5311 5327 5336 5346 5357 5372 5381 5388 5393 5404 5420 5436 5445 5451 5461 5470 5485 5481 5469 5456 5445 5457 5472 5478 5493 5503 5513 5521 5527 5514 5517 5534 5532 5528 5542 5569 5588 5610 5641 5672 5688 5670 5651 5648 5664 5671 5669 5661 5663 5647 5658 5657 5634 5625 5631 5649 5678 5694 5734 5731 5720 5719 5717 5721
5165 5185 5197 5209 5219 5223 5215 5229 5245 5252 5259 5274 5289 5304 5316 5315 5325 5321 5311 5306 5317 5321 5325 5336 5352 5364 5372 5377 5393 5401 5417 5417 5402 5416 5432 5431 5463 5490 5495 5482 5490 5491 5483 5475 5477 5482 5500 5498 5505 5513 5505 5512 5518 5533 5558 5583 5604 5616 5638 5666 5683 5685 5688 5683 5681 5662 5646 5621 5618 5608 5649 5660 5654 5623 5647 5673 5692 5711 5716 5716 5706 5713 5707 5710
5160 5181 5195 5209 5215 5226 5228 5226 5238 5241 5249 5267 5284 5294 5311 5323 5333 5336 5334 5328 5339 5334 5331 5337 5348 5350 5365 5375 5383 5391 5383 5394 5391 5386 5401 5406 5435 5471 5477 5494 5514 5517 5502 5502 5480 5473 5483 5489 5483 5494 5493 5491 5511 5536 5562 5584 5609 5630 5651 5672 5671 5646 5658 5699 5680 5647 5651 5653 5648 5629 5624 5626 5631 5662 5665 5690 5723 5726 5707 5709 5719 5736 5745 5742
5162 5175 5184 5206 5208 5226 5226 5230 5240 5246 5245 5264 5275 5286 5302 5315 5328 5342 5356 5363 5361 5365 5363 5360 5361 5354 5358 5373 5377 5362 5366 5384 5386 5375 5383 5402 5442 5443 5441 5475 5483 5511 5523 5534 5517 5517 5526 5516 5501 5492 5490 5492 5503 5532 5556 5578 5599 5623 5646 5667 5653 5630 5639 5678 5680 5664 5684 5669 5654 5641 5631 5643 5649 5682 5703 5724 5760 5747 5726 5741 5738 5760 5785 5794
5139 5164 5181 5203 5207 5225 5232 5240 5247 5253 5254 5259 5264 5276 5292 5303 5315 5326 5344 5359 5375 5380 5388 5395 5392 5372 5383 5393 5396 5376 5404 5419 5392 5400 5397 5392 5413 5420 5426 5449 5474 5493 5492 5511 5541 5548 5531 5518 5519 5532 5515 5521 5534 5527 5555 5583 5599 5618 5637 5664 5641 5619 5637 5672 5692 5696 5695 5681 5663 5641 5650 5668 5686 5691 5700 5737 5769 5778 5781 5760 5758 5779 5800 5825
5143 5163 5183 5201 5205 5225 5229 5235 5240 5249 5259 5247 5244 5262 5275 5287 5291 5312 5331 5343 5359 5376 5385 5399 5412 5415 5420 5433 5426 5420 5439 5445 5426 5413 5398 5399 5408 5395 5406 5429 5454 5468 5465 5487 5516 5519 5550 5559 5561 5565 5561 5565 5558 5526 5539 5568 5579 5606 5630 5655 5647 5606 5612 5636 5650 5672 5657 5671 5667 5668 5680 5695 5733 5705 5697 5743 5778 5794 5778 5779 5786 5797 5825 5838
5140 5160 5169 5191 5207 5225 5229 5223 5218 5226 5237 5235 5245 5251 5259 5268 5270 5285 5307 5316 5325 5355 5375 5385 5395 5402 5404 5420 5441 5452 5459 5452 5436 5418 5420 5437 5437 5415 5448 5454 5435 5437 5444 5463 5485 5493 5527 5553 5549 5563 5558 5560 5556 5539 5532 5554 5578 5600 5623 5639 5634 5602 5580 5600 5644 5645 5628 5659 5652 5651 5701 5739 5743 5710 5716 5750 5775 5807 5808 5804 5807 5837 5844 5829
5147 5163 5174 5191 5205 5219 5224 5230 5232 5237 5237 5256 5268 5268 5278 5289 5290 5287 5295 5302 5308 5332 5355 5363 5364 5374 5380 5400 5420 5441 5451 5470 5478 5471 5468 5470 5443 5464 5478 5464 5451 5480 5485 5499 5491 5490 5518 5537 5533 5525 5535 5527 5530 5545 5551 5568 5582 5589 5586 5603 5629 5629 5621 5599 5630 5640 5619 5630 5626 5631 5670 5709 5762 5769 5767 5775 5762 5797 5825 5799 5824 5849 5831 5797
5156 5176 5186 5196 5210 5221 5240 5250 5256 5261 5256 5277 5284 5291 5308 5310 5319 5318 5324 5321 5318 5321 5328 5340 5345 5352 5360 5388 5410 5426 5429 5444 5474 5486 5501 5500 5485 5504 5495 5498 5485 5485 5520 5538 5527 5537 5537 5507 5506 5501 5499 5524 5556 5567 5582 5588 5602 5589 5571 5587 5587 5599 5588 5591 5594 5601 5609 5606 5629 5648 5655 5692 5721 5772 5799 5800 5771 5801 5841 5844 5847 5842 5817 5795
5172 5186 5187 5201 5212 5217 5235 5252 5266 5268 5279 5290 5301 5312 5322 5328 5338 5341 5342 5342 5335 5335 5346 5357 5363 5363 5355 5376 5392 5400 5418 5444 5441 5458 5482 5499 5512 5520 5527 5534 5532 5528 5543 5541 5541 5558 5553 5547 5526 5507 5517 5535 5579 5597 5607 5623 5612 5585 5585 5608 5609 5631 5614 5634 5626 5604 5639 5656 5651 5700 5719 5715 5695 5726 5770 5820 5800 5825 5850 5837 5821 5812 5823 5829
5185 5185 5192 5210 5221 5227 5243 5253 5271 5277 5289 5302 5311 5316 5320 5326 5338 5348 5357 5358 5355 5360 5369 5375 5370 5363 5344 5353 5368 5385 5406 5416 5411 5424 5448 5475 5496 5486 5494 5523 5544 5555 5566 5558 5565 5569 5562 5545 5526 5533 5565 5554 5590 5614 5628 5623 5605 5598 5600 5629 5633 5655 5658 5660 5630 5642 5686 5678 5688 5682 5733 5745 5712 5728 5774 5821 5838 5841 5838 5827 5827 5838 5849 5842
5190 5199 5201 5208 5230 5241 5253 5263 5278 5286 5291 5302 5305 5310 5307 5309 5321 5329 5339 5361 5374 5379 5383 5378 5361 5352 5344 5353 5372 5383 5388 5392 5385 5394 5418 5437 5474 5467 5459 5500 5511 5519 5549 5572 5583 5581 5563 5565 5567 5577 5597 5591 5610 5623 5645 5636 5633 5635 5618 5631 5666 5676 5656 5630 5621 5665 5699 5727 5727 5707 5748 5759 5709 5743 5787 5831 5833 5819 5817 5829 5856 5859 5842 5817
5186 5201 5210 5211 5229 5245 5260 5269 5279 5287 5290 5292 5291 5289 5292 5294 5298 5298 5319 5340 5367 5390 5386 5376 5381 5379 5379 5389 5397 5404 5413 5399 5402 5399 5399 5423 5455 5450 5446 5469 5487 5488 5513 5545 5575 5577 5601 5604 5610 5613 5617 5621 5639 5648 5654 5657 5670 5667 5674 5677 5680 5671 5645 5625 5600 5636 5683 5689 5732 5767 5780 5779 5748 5796 5836 5834 5824 5830 5847 5864 5869 5865 5848 5843
5187 5205 5219 5216 5226 5249 5264 5267 5277 5285 5287 5281 5288 5286 5287 5283 5287 5284 5307 5334 5359 5368 5379 5394 5406 5412 5413 5418 5418 5430 5424 5419 5418 5409 5403 5418 5435 5442 5466 5469 5468 5478 5493 5537 5564 5551 5568 5562 5578 5602 5627 5619 5620 5641 5638 5646 5654 5652 5659 5644 5656 5639 5626 5610 5614 5639 5644 5643 5685 5732 5775 5807 5800 5837 5828 5826 5853 5861 5859 5861 5863 5869 5879 5879
