3_data_analyses/maxent/chelseacur_asc/bio_4.asc
ncols         195
nrows         278
xllcorner     -122.86680578405
yllcorner     43.49152724385
cellsize      0.0083333333
NODATA_value  -9999
[rows 0 to 37 of 278, columns 84 to 167 of 195]
5506 5543 5585 5583 5599 5580 5558 5547 5570 5597 5603 5610 5630 5654 5676 5652 5663 5683 5720 5737 5740 5740 5751 5786 5798 5809 5851 5873 5889 5903 5914 5911 5892 5870 5906 5960 5961 5966 5928 5921 5932 5932 5921 5956 5999 5979 5952 5965 5986 5973 5956 5964 5983 6004 6032 6074 6093 6102 6108 6108 6126 6147 6181 6192 6151 6122 6165 6164 6160 6193 6219 6243 6247 6250 6287 6345 6351 6369 6400 6420 6435 6443 6447 6446
5515 5548 5559 5555 5576 5556 5544 5552 5569 5605 5626 5632 5608 5629 5637 5647 5648 5670 5692 5706 5700 5716 5729 5758 5770 5791 5824 5855 5890 5902 5913 5926 5926 5910 5925 5960 5975 5938 5940 5968 5967 5947 5938 5985 6027 6005 5986 6008 6019 6006 5997 6000 6031 6030 6020 6053 6084 6097 6120 6132 6149 6165 6176 6197 6180 6173 6177 6156 6154 6170 6207 6256 6281 6305 6306 6324 6373 6383 6411 6427 6434 6448 6451 6444
5499 5527 5566 5577 5573 5603 5598 5602 5590 5592 5621 5639 5634 5642 5646 5659 5667 5699 5701 5717 5718 5743 5734 5736 5786 5817 5847 5856 5871 5886 5911 5920 5933 5947 5962 5976 5982 5968 5985 5974 5955 5950 5995 6026 6039 6013 6028 6034 6033 6018 6002 6014 6036 6049 6061 6075 6092 6102 6118 6117 6144 6158 6177 6199 6203 6201 6179 6159 6179 6199 6212 6231 6259 6301 6341 6359 6373 6404 6420 6426 6422 6416 6418 6405
5520 5550 5577 5595 5589 5626 5629 5622 5625 5628 5621 5638 5675 5689 5673 5700 5696 5723 5736 5734 5721 5759 5770 5771 5764 5789 5799 5803 5819 5847 5887 5898 5895 5918 5926 5964 5987 6000 5968 5977 5984 5996 6035 6029 6003 6019 6025 6011 6005 6010 6010 6032 6065 6069 6056 6059 6080 6074 6072 6106 6145 6164 6184 6199 6221 6220 6204 6169 6183 6208 6232 6261 6285 6316 6348 6376 6402 6414 6418 6388 6367 6362 6363 6374
5531 5563 5588 5609 5622 5632 5613 5621 5649 5666 5663 5660 5659 5685 5720 5729 5741 5752 5742 5747 5755 5749 5793 5814 5777 5780 5786 5787 5783 5800 5835 5842 5868 5909 5944 5969 5996 6000 6009 6020 6007 6040 6028 6005 6009 6000 6013 6024 6022 6032 6066 6077 6064 6058 6055 6065 6077 6091 6110 6126 6152 6169 6184 6206 6228 6235 6227 6196 6188 6208 6232 6262 6289 6318 6360 6395 6402 6387 6359 6350 6329 6350 6376 6379
5520 5542 5570 5594 5633 5643 5647 5661 5665 5663 5659 5645 5665 5673 5709 5744 5761 5772 5774 5776 5763 5786 5776 5826 5826 5826 5818 5820 5817 5817 5828 5836 5840 5866 5915 5969 6000 6017 6015 6029 6045 6033 6015 6006 6019 6038 6039 6038 6039 6061 6080 6060 6047 6026 6015 6052 6076 6104 6135 6164 6186 6195 6204 6224 6237 6241 6230 6195 6187 6194 6213 6245 6278 6305 6327 6385 6399 6377 6341 6316 6331 6362 6388 6396
5554 5550 5580 5599 5626 5657 5658 5664 5666 5663 5658 5666 5671 5675 5702 5731 5750 5769 5789 5803 5805 5816 5799 5830 5839 5835 5844 5839 5857 5862 5869 5872 5862 5850 5873 5920 5959 5995 6023 6036 6046 6053 6050 6047 6057 6038 6034 6067 6085 6087 6066 6051 6041 6017 5977 5994 6046 6096 6128 6152 6180 6209 6223 6238 6237 6244 6226 6190 6188 6180 6176 6231 6278 6304 6322 6357 6405 6413 6381 6337 6352 6376 6403 6411
5593 5588 5592 5620 5642 5657 5660 5673 5669 5673 5678 5666 5682 5688 5684 5706 5727 5746 5745 5763 5795 5826 5841 5854 5841 5861 5853 5859 5880 5894 5898 5873 5859 5858 5868 5888 5911 5934 5980 6027 6044 6053 6073 6060 6058 6073 6084 6099 6087 6058 6032 6035 6041 6013 6005 6029 6025 6053 6111 6158 6185 6210 6227 6248 6241 6235 6200 6200 6206 6194 6186 6243 6284 6318 6349 6378 6398 6417 6398 6383 6388 6401 6421 6424
5579 5600 5623 5641 5651 5659 5655 5653 5637 5631 5649 5657 5670 5669 5647 5664 5675 5700 5708 5738 5779 5792 5819 5852 5877 5881 5875 5860 5888 5911 5888 5897 5893 5895 5899 5904 5907 5930 5964 5993 6040 6056 6073 6077 6050 6070 6111 6107 6090 6077 6056 6088 6084 6075 6048 6053 6075 6045 6068 6123 6153 6163 6190 6248 6245 6228 6203 6225 6233 6229 6225 6256 6293 6332 6362 6382 6401 6418 6409 6402 6405 6420 6434 6413
5571 5606 5619 5649 5665 5660 5672 5672 5677 5660 5664 5684 5685 5661 5632 5657 5684 5682 5692 5717 5742 5748 5783 5821 5854 5886 5902 5899 5891 5926 5921 5919 5919 5930 5935 5941 5946 5956 5970 6004 6025 6058 6074 6088 6104 6107 6105 6107 6104 6103 6103 6118 6123 6118 6089 6088 6109 6110 6091 6075 6114 6171 6196 6253 6272 6241 6235 6257 6256 6264 6269 6298 6340 6372 6393 6410 6420 6433 6431 6426 6423 6431 6447 6439
5538 5568 5611 5639 5671 5685 5682 5684 5674 5674 5699 5694 5674 5642 5643 5662 5697 5722 5694 5677 5691 5725 5766 5782 5817 5845 5860 5897 5925 5942 5920 5921 5940 5955 5967 5972 5976 5988 6007 6008 6045 6070 6079 6093 6107 6124 6116 6115 6117 6108 6122 6137 6149 6148 6105 6051 6065 6129 6160 6133 6141 6212 6272 6279 6271 6263 6297 6329 6334 6341 6356 6377 6395 6403 6414 6422 6429 6441 6452 6462 6473 6479 6479 6483
5579 5579 5590 5637 5664 5691 5677 5662 5675 5692 5691 5683 5671 5651 5670 5697 5719 5741 5712 5683 5694 5733 5757 5747 5757 5809 5839 5869 5911 5949 5946 5947 5964 5978 5978 5995 5992 6000 6032 6051 6078 6090 6104 6113 6125 6132 6139 6136 6126 6088 6140 6156 6169 6168 6120 6089 6081 6144 6207 6230 6244 6271 6293 6307 6317 6321 6337 6348 6357 6367 6376 6384 6392 6395 6402 6414 6423 6438 6451 6463 6473 6483 6494 6498
5586 5615 5603 5612 5655 5683 5675 5689 5690 5668 5651 5634 5629 5653 5680 5707 5729 5757 5763 5728 5704 5733 5763 5785 5800 5845 5865 5889 5916 5943 5968 5977 5986 5994 6006 6014 6030 6047 6065 6078 6087 6097 6105 6115 6129 6137 6143 6153 6156 6140 6160 6174 6188 6190 6163 6164 6203 6238 6261 6270 6281 6292 6301 6311 6320 6323 6322 6338 6339 6330 6338 6349 6361 6372 6383 6395 6404 6418 6433 6447 6438 6450 6482 6502
5617 5628 5642 5635 5658 5692 5694 5685 5679 5685 5674 5633 5626 5639 5663 5684 5721 5752 5784 5768 5761 5739 5747 5791 5818 5847 5874 5904 5928 5951 5969 5984 6001 6011 6026 6039 6049 6058 6070 6079 6078 6081 6086 6098 6117 6131 6144 6155 6164 6178 6185 6194 6203 6211 6221 6232 6243 6251 6250 6258 6255 6245 6241 6266 6268 6273 6255 6278 6276 6293 6323 6339 6353 6364 6377 6385 6400 6412 6428 6437 6421 6405 6420 6445
5617 5649 5650 5660 5685 5687 5674 5675 5668 5651 5630 5633 5627 5642 5654 5669 5701 5731 5772 5809 5807 5762 5747 5819 5855 5867 5890 5913 5935 5954 5973 5993 6010 6022 6031 6039 6049 6057 6068 6066 6061 6033 6027 6036 6068 6092 6117 6136 6137 6136 6131 6109 6162 6189 6204 6220 6218 6203 6151 6168 6206 6179 6167 6221 6200 6221 6232 6252 6269 6295 6320 6334 6349 6364 6378 6390 6401 6408 6430 6434 6421 6404 6387 6397
5623 5653 5652 5679 5681 5657 5664 5662 5640 5630 5622 5629 5648 5663 5675 5686 5712 5721 5775 5812 5834 5805 5798 5833 5886 5899 5915 5932 5946 5961 5984 6001 6013 6022 6031 6036 6044 6053 6050 6040 6028 5990 5947 5929 5955 5967 6015 6061 6055 6015 6045 6077 6104 6137 6096 6141 6152 6149 6098 6110 6158 6182 6155 6184 6170 6193 6228 6250 6269 6299 6315 6331 6347 6364 6372 6388 6394 6408 6432 6428 6430 6415 6398 6385
5646 5673 5676 5667 5656 5652 5641 5627 5626 5648 5645 5657 5681 5702 5702 5708 5700 5741 5752 5805 5849 5817 5839 5860 5888 5915 5926 5939 5954 5970 5988 6002 6012 6017 6020 6021 6016 6012 6012 5975 5980 6024 5987 5956 5913 5927 5989 6007 5992 5959 5962 6030 6082 6075 6047 6093 6092 6087 6065 6067 6117 6150 6136 6151 6166 6188 6230 6250 6271 6294 6311 6329 6342 6357 6371 6383 6395 6418 6420 6424 6430 6414 6367 6353
5659 5645 5647 5642 5632 5627 5629 5629 5642 5663 5675 5696 5709 5723 5741 5736 5713 5754 5760 5800 5865 5840 5859 5882 5901 5937 5948 5949 5960 5970 5976 6001 6006 5991 5988 5993 5980 5938 5908 5899 5953 6014 5982 5937 5905 5880 5922 5971 5924 5912 5956 6016 6013 5984 5980 6019 6008 6009 6025 6023 6079 6102 6112 6138 6165 6189 6228 6242 6271 6298 6310 6321 6340 6355 6375 6394 6406 6411 6414 6424 6427 6417 6386 6356
5656 5645 5642 5635 5621 5613 5635 5645 5655 5673 5687 5715 5742 5755 5763 5767 5748 5759 5774 5780 5845 5882 5880 5906 5932 5948 5957 5963 5961 5975 5989 5995 5982 5959 5937 5928 5929 5898 5846 5862 5932 5996 6004 5986 5937 5891 5878 5907 5885 5903 5946 5941 5933 5909 5922 5954 5968 6000 6025 6040 6066 6093 6122 6144 6158 6193 6230 6254 6277 6294 6312 6340 6356 6375 6382 6387 6395 6405 6411 6419 6422 6415 6392 6349
5663 5646 5644 5628 5622 5637 5642 5657 5684 5700 5719 5738 5765 5780 5788 5793 5781 5783 5803 5825 5859 5897 5917 5928 5935 5953 5961 5968 5976 5976 5968 5954 5913 5871 5871 5831 5862 5838 5820 5857 5928 5987 5968 5987 5963 5920 5880 5853 5866 5906 5916 5911 5897 5888 5922 5953 5974 6006 6024 6042 6072 6100 6124 6148 6180 6210 6236 6268 6289 6323 6331 6341 6346 6361 6370 6372 6383 6400 6417 6422 6420 6417 6386 6349
5668 5653 5644 5617 5626 5645 5644 5680 5709 5732 5744 5754 5773 5788 5803 5801 5820 5824 5851 5874 5897 5912 5925 5934 5944 5952 5955 5946 5935 5956 5946 5922 5891 5867 5845 5814 5806 5798 5817 5852 5903 5968 5933 5936 5964 5919 5863 5841 5854 5898 5916 5922 5919 5917 5940 5971 5995 6014 6032 6045 6080 6103 6131 6158 6180 6214 6245 6290 6312 6311 6315 6332 6345 6357 6368 6376 6384 6403 6412 6419 6421 6415 6383 6335
5676 5656 5651 5638 5634 5638 5662 5681 5723 5745 5760 5779 5797 5800 5814 5834 5841 5860 5881 5896 5903 5914 5921 5930 5916 5931 5898 5865 5832 5887 5941 5958 5955 5920 5899 5857 5808 5798 5801 5828 5882 5944 5926 5901 5945 5923 5864 5845 5881 5900 5928 5931 5936 5945 5970 5993 6017 6038 6039 6050 6088 6121 6146 6172 6197 6223 6266 6302 6285 6269 6297 6324 6345 6356 6369 6378 6386 6399 6409 6417 6412 6399 6364 6334
5647 5641 5640 5635 5641 5665 5702 5679 5718 5762 5781 5794 5811 5824 5837 5848 5864 5878 5888 5901 5906 5909 5895 5893 5859 5897 5880 5837 5792 5823 5883 5884 5954 5956 5932 5896 5857 5815 5796 5833 5888 5932 5921 5882 5915 5929 5888 5853 5889 5923 5953 5966 5963 5966 5986 5999 6020 6057 6076 6083 6092 6121 6153 6187 6217 6263 6286 6273 6233 6248 6277 6304 6330 6343 6363 6369 6375 6384 6404 6404 6391 6375 6348 6335
5645 5647 5633 5650 5695 5712 5731 5726 5750 5774 5791 5808 5818 5837 5849 5862 5869 5876 5881 5884 5869 5833 5784 5837 5847 5877 5889 5838 5797 5783 5812 5862 5921 5964 5940 5896 5897 5859 5835 5843 5876 5909 5894 5846 5881 5929 5897 5860 5885 5928 5947 5959 5983 6002 6017 6035 6045 6037 6082 6130 6127 6138 6167 6206 6254 6269 6268 6243 6221 6229 6249 6295 6328 6342 6343 6352 6358 6366 6389 6396 6372 6352 6332 6326
5653 5639 5658 5690 5716 5739 5759 5769 5784 5804 5813 5824 5833 5845 5850 5856 5854 5851 5845 5822 5792 5817 5762 5807 5796 5849 5893 5860 5826 5778 5767 5817 5874 5921 5968 5950 5912 5884 5887 5864 5849 5888 5900 5868 5872 5902 5868 5878 5912 5949 5978 5994 6010 6011 6014 6020 6069 6085 6080 6126 6166 6186 6204 6241 6261 6246 6223 6249 6246 6218 6252 6293 6326 6334 6337 6338 6346 6353 6374 6392 6362 6339 6329 6333
5684 5689 5712 5734 5751 5765 5774 5789 5796 5804 5813 5824 5835 5836 5827 5814 5788 5800 5778 5736 5729 5778 5738 5766 5755 5801 5880 5868 5827 5770 5751 5797 5849 5917 5961 5973 5962 5937 5917 5898 5856 5828 5870 5857 5850 5864 5872 5927 5954 5970 5969 5975 6004 6023 6058 6078 6069 6119 6124 6125 6153 6160 6200 6245 6260 6225 6216 6209 6215 6203 6252 6294 6314 6311 6303 6305 6313 6332 6340 6362 6378 6336 6324 6313
5709 5728 5739 5751 5759 5769 5781 5791 5799 5794 5784 5794 5779 5756 5729 5740 5708 5705 5704 5681 5715 5738 5722 5725 5740 5811 5871 5843 5795 5753 5752 5814 5849 5885 5946 5927 5957 5968 5956 5936 5900 5863 5827 5834 5850 5859 5893 5920 5916 5914 5923 5940 5987 6021 6030 6051 6081 6107 6147 6171 6183 6196 6231 6241 6256 6234 6226 6210 6183 6208 6259 6275 6290 6292 6305 6316 6318 6327 6340 6356 6367 6344 6306 6292
5726 5736 5744 5750 5760 5762 5763 5753 5729 5704 5719 5765 5729 5730 5716 5687 5677 5673 5674 5678 5712 5718 5713 5716 5753 5807 5863 5832 5773 5750 5745 5786 5842 5898 5920 5884 5895 5961 5938 5929 5923 5906 5885 5860 5864 5862 5866 5873 5882 5915 5952 5975 5982 5981 5982 6009 6037 6065 6101 6127 6144 6196 6229 6234 6256 6234 6210 6214 6191 6220 6233 6238 6261 6293 6300 6310 6310 6292 6291 6304 6331 6339 6281 6283
5720 5721 5703 5684 5689 5691 5676 5692 5696 5700 5690 5725 5741 5690 5689 5689 5682 5676 5664 5674 5702 5699 5700 5719 5762 5800 5846 5851 5799 5756 5754 5794 5817 5880 5866 5850 5904 5963 5931 5887 5882 5885 5885 5833 5854 5895 5889 5875 5870 5899 5939 5952 5971 5978 5992 6027 6065 6082 6110 6156 6202 6218 6222 6228 6249 6253 6248 6246 6244 6233 6240 6244 6277 6297 6291 6291 6283 6284 6256 6287 6297 6272 6261 6279
5695 5670 5644 5633 5632 5649 5650 5657 5667 5666 5680 5672 5710 5702 5679 5680 5685 5689 5682 5693 5711 5706 5699 5711 5747 5767 5820 5852 5832 5790 5761 5764 5822 5850 5841 5875 5926 5954 5920 5870 5835 5830 5862 5837 5863 5914 5940 5929 5905 5916 5952 5964 6000 5998 6024 6077 6120 6151 6184 6194 6196 6198 6209 6225 6237 6246 6255 6265 6273 6277 6282 6281 6298 6298 6272 6257 6245 6259 6260 6251 6258 6256 6252 6260
5642 5641 5630 5630 5638 5642 5643 5641 5637 5640 5655 5662 5679 5683 5680 5691 5691 5689 5696 5715 5717 5717 5719 5712 5738 5780 5790 5796 5816 5780 5781 5775 5800 5822 5857 5899 5942 5923 5896 5841 5805 5825 5868 5890 5882 5879 5906 5959 5992 6002 6014 6006 6050 6071 6098 6129 6158 6166 6166 6158 6144 6165 6192 6227 6229 6243 6249 6258 6269 6278 6287 6294 6298 6296 6268 6228 6220 6232 6244 6241 6245 6248 6244 6244
5638 5639 5638 5644 5642 5635 5625 5620 5607 5622 5643 5655 5661 5659 5654 5669 5683 5695 5711 5710 5712 5733 5743 5724 5741 5750 5741 5776 5784 5754 5772 5812 5835 5816 5852 5904 5925 5892 5864 5812 5795 5846 5874 5915 5951 5946 5954 5975 6001 6030 6067 6082 6106 6116 6133 6146 6145 6135 6139 6114 6123 6161 6199 6223 6225 6236 6246 6253 6264 6275 6283 6293 6296 6285 6255 6215 6203 6216 6229 6225 6237 6236 6235 6235
5634 5635 5634 5631 5636 5627 5619 5601 5590 5614 5626 5636 5646 5651 5639 5648 5666 5700 5718 5712 5705 5744 5753 5743 5727 5749 5797 5800 5799 5777 5763 5795 5856 5873 5889 5910 5898 5865 5818 5816 5836 5882 5912 5951 5981 6005 6017 6030 6038 6058 6080 6090 6100 6103 6110 6100 6079 6076 6079 6078 6114 6157 6192 6209 6222 6230 6245 6255 6259 6267 6281 6290 6289 6276 6237 6193 6179 6215 6212 6210 6223 6217 6227 6234
5629 5635 5626 5628 5638 5629 5620 5606 5591 5590 5611 5629 5655 5666 5662 5669 5694 5732 5718 5718 5707 5727 5771 5771 5751 5790 5805 5757 5761 5762 5759 5806 5860 5875 5881 5879 5863 5825 5835 5903 5935 5955 5965 5984 5990 5971 5973 5985 6014 6046 6074 6070 6061 6073 6072 6031 6028 6051 6059 6075 6113 6154 6169 6191 6214 6229 6237 6245 6253 6260 6273 6286 6280 6264 6245 6222 6188 6201 6202 6198 6207 6200 6210 6231
5628 5631 5627 5632 5637 5633 5632 5627 5619 5620 5631 5657 5663 5680 5690 5714 5743 5735 5731 5730 5736 5752 5778 5815 5816 5819 5811 5779 5783 5782 5767 5768 5797 5830 5819 5828 5824 5832 5907 5940 5910 5920 5940 5934 5927 5923 5955 6000 6025 6044 6076 6066 6038 6035 6035 6009 6014 6057 6080 6103 6113 6129 6150 6177 6206 6222 6229 6238 6244 6255 6269 6279 6282 6273 6241 6216 6197 6182 6186 6192 6187 6192 6196 6218
5634 5634 5629 5642 5642 5642 5643 5639 5639 5644 5653 5678 5679 5696 5716 5753 5758 5754 5755 5762 5775 5788 5812 5839 5844 5848 5846 5838 5831 5829 5823 5805 5764 5772 5807 5800 5838 5889 5921 5884 5853 5863 5881 5892 5915 5950 5968 5990 6012 6051 6062 6051 6029 5992 5981 6009 6010 6046 6057 6076 6086 6107 6138 6174 6193 6201 6223 6232 6241 6249 6260 6273 6278 6267 6247 6217 6176 6168 6180 6180 6180 6179 6198 6222
5636 5641 5645 5648 5644 5642 5645 5650 5655 5666 5685 5714 5723 5741 5760 5775 5781 5782 5799 5809 5824 5836 5843 5840 5839 5834 5849 5857 5873 5867 5851 5848 5833 5828 5812 5812 5808 5861 5907 5891 5892 5894 5900 5895 5900 5924 5944 5967 6012 6052 6056 6041 6012 5982 5982 6001 6022 6040 6041 6058 6072 6092 6125 6157 6186 6191 6214 6224 6233 6247 6255 6268 6274 6258 6227 6194 6155 6153 6173 6173 6174 6190 6209 6221
5633 5636 5642 5640 5647 5654 5657 5669 5684 5711 5730 5745 5766 5773 5782 5798 5805 5820 5823 5817 5816 5812 5800 5792 5800 5783 5808 5815 5845 5880 5874 5864 5852 5835 5801 5786 5780 5834 5865 5880 5892 5902 5892 5878 5866 5898 5925 5974 6037 6042 6033 6022 5988 5963 5969 5998 6005 6022 6020 6043 6061 6096 6131 6158 6177 6186 6202 6215 6226 6238 6247 6259 6265 6247 6223 6204 6155 6145 6160 6164 6177 6191 6216 6246
