3_data_analyses/maxent/chelseacur_asc/bio_17.asc
ncols         195
nrows         278
xllcorner     -122.86680578405
yllcorner     43.49152724385
cellsize      0.0083333333
NODATA_value  -9999
[rows 0 to 53 of 278, columns 0 to 95 of 195]
59 60 62 62 65 65 67 67 68 70 70 72 73 75 81 89 93 91 91 89 89 89 86 86 86 86 84 81 76 76 76 79 82 84 84 87 89 92 95 100 100 103 103 105 103 100 100 103 103 103 106 114 120 125 127 125 117 102 88 80 78 85 99 113 120 120 120 118 115 115 118 123 123 123 126 131 136 141 142 141 137 139 144 142 128 109 99 104 120 133 139 139 133 122 109 101
59 60 62 62 65 65 65 67 68 70 70 70 73 73 81 89 91 91 91 89 86 86 86 86 84 84 84 81 78 76 76 79 84 84 87 87 90 92 95 98 98 98 100 101 103 103 103 106 103 98 98 106 115 120 123 123 117 104 94 88 83 83 91 105 117 123 126 126 123 118 115 123 128 131 131 131 134 139 141 142 142 142 144 142 128 109 99 104 117 128 133 133 125 112 101 99
59 60 62 62 62 65 65 67 68 70 70 70 73 75 81 88 91 91 89 89 88 86 86 84 84 84 84 84 79 76 74 76 82 84 87 87 87 90 92 92 95 98 98 100 101 103 104 106 103 95 90 98 109 117 120 123 122 117 110 104 94 85 83 93 107 120 126 131 129 121 118 123 131 136 137 136 131 133 134 134 139 142 144 142 128 107 96 96 102 104 110 115 115 107 97 94
59 59 62 62 62 65 65 67 68 68 70 70 73 75 81 88 91 89 89 89 89 89 86 84 81 81 84 82 79 76 73 74 79 84 87 85 85 87 87 87 90 93 95 95 98 101 101 101 98 93 88 93 101 112 117 123 125 125 123 117 101 86 80 88 99 115 125 131 134 131 126 131 134 139 139 137 134 131 126 120 128 137 142 141 128 107 91 88 88 88 93 99 99 97 94 91
59 59 60 62 62 65 65 65 67 68 70 70 71 75 81 86 88 86 86 86 89 89 86 81 79 79 81 81 79 74 71 74 79 84 87 84 82 84 85 85 87 87 88 88 93 96 98 98 96 96 96 96 99 106 115 120 125 126 128 122 107 91 83 86 96 109 120 128 133 134 134 134 139 142 142 139 137 136 120 107 115 133 142 141 126 104 91 85 83 83 88 91 88 88 96 99
57 59 59 60 62 62 65 65 67 67 68 70 70 73 78 83 86 86 84 84 86 86 84 81 79 79 79 79 76 71 71 71 77 82 84 82 82 82 84 85 85 85 85 85 88 93 98 98 101 103 104 104 101 104 112 118 123 126 128 125 115 99 88 88 96 107 117 125 131 134 134 136 139 144 144 139 136 133 118 104 112 131 139 134 120 104 91 85 80 80 83 85 85 93 106 112
57 57 59 60 62 62 65 65 65 67 68 70 70 73 76 81 83 83 83 83 84 84 84 84 81 79 79 76 74 71 69 71 76 82 82 82 82 82 82 82 85 85 85 85 87 93 99 101 104 106 107 109 109 109 112 117 123 125 128 126 118 104 91 91 101 112 118 123 128 134 136 139 142 145 147 142 131 123 115 113 121 128 123 112 102 94 88 83 78 77 78 83 91 103 114 117
57 57 59 60 62 62 62 65 65 65 68 70 70 70 73 78 81 83 81 81 83 84 84 81 79 79 79 76 73 71 69 71 76 79 82 82 82 82 82 82 85 85 87 85 85 93 99 103 104 104 109 112 114 115 117 120 123 125 128 126 117 102 91 96 110 120 125 126 128 131 136 139 142 145 147 139 123 110 112 123 131 123 104 91 86 85 83 80 77 77 82 90 101 112 117 117
57 57 59 60 60 62 62 62 65 65 68 70 68 68 71 76 81 81 81 81 81 81 79 79 79 79 81 76 71 69 69 71 74 79 80 80 82 82 82 85 85 85 85 83 85 90 98 101 104 104 109 112 115 117 120 120 123 123 126 125 117 102 94 104 120 128 131 131 128 129 133 137 142 144 142 134 115 102 107 121 129 118 99 88 83 80 80 77 77 80 85 98 110 117 119 117
54 57 57 59 60 62 62 62 65 65 68 68 68 68 70 73 78 79 79 78 78 78 78 78 78 79 79 76 71 71 71 71 74 77 79 82 82 82 84 84 82 83 82 82 85 90 98 101 104 104 109 112 115 117 117 115 117 120 121 123 118 107 99 110 123 131 134 136 134 129 128 131 134 134 129 120 104 96 102 117 126 120 104 94 88 83 78 77 75 78 85 96 109 115 112 112
54 56 57 59 60 62 62 62 63 65 67 68 68 68 68 71 76 79 79 76 76 76 76 76 76 76 76 74 71 74 76 74 74 74 79 82 82 82 82 82 82 82 82 82 83 90 98 101 101 104 107 110 112 115 112 107 107 112 117 121 123 118 113 118 126 131 136 137 137 131 120 115 113 110 107 102 94 91 102 118 128 126 115 102 91 83 80 77 75 77 85 96 107 109 109 114
52 54 57 57 59 60 60 62 62 65 65 65 67 67 68 68 73 78 81 79 76 74 73 74 74 74 74 74 76 79 79 76 74 74 77 80 82 82 82 82 80 80 80 80 82 88 96 98 99 101 104 104 109 110 104 96 99 107 117 123 126 126 123 121 120 121 128 134 136 129 113 99 91 88 89 89 88 94 110 125 126 118 105 96 88 85 83 80 75 77 85 98 107 112 117 125
52 52 54 57 57 59 60 60 62 63 65 65 65 65 65 66 70 73 78 81 79 76 74 74 74 74 76 79 79 81 79 77 74 71 74 77 80 82 82 82 80 80 80 80 80 85 90 93 96 99 99 99 104 107 99 91 96 109 118 123 126 126 121 113 104 102 110 123 131 128 118 104 89 83 83 83 86 99 116 126 118 102 92 88 83 83 83 80 77 77 83 96 107 117 125 133
51 52 54 54 57 57 59 60 60 62 63 65 65 65 65 65 68 70 73 78 79 79 76 76 74 76 79 79 81 79 79 77 74 71 71 74 79 80 82 82 82 80 80 80 80 80 85 90 93 96 96 98 99 99 96 96 104 113 120 123 123 120 112 99 91 88 99 112 120 123 126 115 97 83 80 81 88 100 113 118 110 97 91 86 83 80 80 80 78 78 86 99 112 123 130 136
49 52 52 54 55 57 57 60 60 60 62 63 63 65 65 65 65 66 68 73 76 79 78 76 76 77 79 79 79 79 79 77 74 71 71 72 77 79 79 80 80 80 80 77 77 80 83 88 88 91 93 96 96 99 102 107 113 118 121 123 121 112 99 89 83 85 91 101 109 118 128 123 104 86 80 81 86 94 100 105 102 97 94 89 83 78 78 78 80 88 101 114 123 130 136 138
49 52 52 54 54 55 57 57 60 60 60 62 63 65 65 63 63 65 66 68 73 76 78 76 77 79 79 79 79 79 77 77 74 72 69 71 72 74 77 77 77 77 77 77 77 80 83 85 88 91 91 94 96 102 110 115 118 120 121 120 113 102 88 83 80 83 89 96 104 118 126 123 107 88 80 80 83 84 89 97 102 99 94 89 83 78 80 83 93 109 122 128 133 136 136 133
49 51 52 54 54 55 57 57 57 60 60 60 63 63 63 63 63 63 65 68 71 76 76 76 79 79 79 79 77 77 77 77 74 72 69 69 69 72 72 74 74 74 75 75 75 77 80 85 88 91 93 94 99 104 110 113 115 118 115 112 102 91 81 78 81 86 91 99 110 118 123 120 104 88 81 80 80 81 86 99 109 105 94 85 80 83 88 101 115 128 133 136 136 133 127 117
49 49 52 52 54 54 55 57 57 58 60 60 62 63 63 63 63 63 65 66 71 76 76 76 76 77 79 77 77 77 77 74 72 69 69 69 69 69 72 72 74 74 75 75 75 75 80 86 91 96 96 96 97 99 104 107 112 112 107 102 91 83 78 81 91 99 105 110 118 118 115 108 97 89 84 83 81 83 91 105 117 115 99 83 83 94 109 123 133 136 138 136 130 119 109 98
49 49 52 52 52 54 54 55 57 57 60 60 60 63 63 63 63 63 65 66 69 74 76 76 74 74 76 76 76 76 74 72 69 69 69 67 69 69 72 75 75 77 77 77 77 77 78 83 91 96 99 99 96 94 96 102 107 107 102 91 86 81 83 91 102 110 116 118 115 108 100 95 94 94 94 91 86 83 91 107 120 122 104 86 88 107 125 134 139 138 133 125 114 103 93 85
49 52 52 52 52 52 52 54 55 57 58 60 60 62 63 63 63 63 63 65 68 71 74 76 74 74 74 74 74 74 72 71 69 69 69 69 72 74 75 77 77 78 80 80 80 78 77 78 83 88 93 94 96 94 94 99 104 102 96 86 83 88 94 102 110 116 118 113 102 92 89 91 97 102 107 105 96 86 88 104 123 123 107 88 91 112 131 136 139 136 125 112 99 90 85 79
49 54 57 55 52 50 52 52 54 55 57 60 60 60 63 63 63 63 63 63 66 68 71 74 74 74 74 74 74 74 74 74 72 74 74 74 77 77 80 80 80 80 80 80 80 78 77 77 77 80 85 89 93 94 96 99 99 97 89 84 89 97 102 107 108 110 107 99 89 83 83 86 92 99 107 110 102 89 86 102 118 115 99 86 91 113 131 139 139 131 120 104 90 82 77 75
52 57 62 62 55 52 49 50 52 55 55 57 58 60 60 62 63 63 63 63 63 66 68 69 69 69 71 71 74 76 77 77 77 77 77 77 79 80 80 80 80 80 80 77 77 77 77 78 78 80 83 85 88 91 94 97 97 91 83 81 88 94 96 97 99 97 94 89 83 81 81 81 84 89 99 107 102 89 86 97 105 100 91 89 102 120 134 139 136 125 112 96 85 77 75 74
54 60 67 68 62 55 50 50 50 52 53 55 57 58 58 60 60 60 61 63 63 63 63 64 64 64 66 66 69 72 74 77 77 77 77 77 77 77 77 77 77 77 77 75 75 75 75 78 80 83 85 85 86 88 91 94 96 94 86 81 83 83 86 89 97 102 99 96 97 97 94 89 86 86 93 99 96 89 89 94 97 94 97 107 120 131 136 133 123 109 96 90 83 77 74 74
57 62 70 72 67 60 55 52 50 50 50 53 55 58 58 58 58 58 60 61 61 63 63 63 63 63 63 63 66 66 69 69 69 71 72 72 72 72 75 75 75 75 75 75 73 75 75 78 80 83 88 91 91 86 84 89 94 97 94 89 83 80 81 91 104 110 110 112 115 116 113 110 102 94 91 91 91 93 99 104 107 107 115 123 131 134 131 120 102 88 83 80 78 75 74 74
59 64 69 70 70 67 63 60 52 50 49 52 55 58 58 55 58 58 58 60 60 61 61 63 63 63 63 63 63 63 64 64 66 66 66 67 67 69 69 70 72 72 73 73 73 75 78 81 86 89 94 99 97 89 81 81 86 94 97 97 91 86 83 89 102 110 113 115 118 118 121 119 115 107 99 97 99 102 110 115 118 117 118 122 123 122 112 96 85 78 77 77 75 75 75 75
59 64 67 67 70 73 73 68 58 52 49 50 52 55 55 56 58 58 58 58 60 60 61 61 63 63 63 63 63 63 64 64 64 64 64 66 66 66 67 67 69 70 72 72 73 75 78 83 89 94 97 99 97 86 75 72 75 81 86 89 86 83 78 83 92 100 105 110 113 115 116 118 116 113 110 113 110 110 113 118 118 107 102 99 99 96 88 80 77 77 77 77 80 82 85 88
57 59 62 62 67 70 73 73 68 58 52 50 50 50 53 55 58 58 58 60 61 61 61 61 63 63 63 63 63 64 64 66 66 66 66 66 66 67 67 67 69 69 69 70 72 72 75 80 86 91 94 91 84 75 70 67 68 70 73 76 76 76 75 76 81 87 94 102 108 111 113 113 110 110 110 113 115 115 118 119 110 92 83 80 80 80 78 78 80 83 86 91 98 104 109 112
57 57 59 60 62 67 70 75 73 68 60 53 50 47 50 53 55 56 58 58 61 63 63 63 64 64 64 64 64 64 66 66 66 66 66 67 67 69 69 69 69 69 69 69 70 72 72 75 77 80 81 78 73 68 67 67 68 70 70 73 73 75 76 76 78 81 86 94 105 110 113 110 107 105 108 112 113 116 118 112 94 81 78 78 80 83 91 96 99 104 110 117 123 128 128 128
57 59 60 62 65 67 70 75 76 76 68 60 52 47 47 50 50 53 53 58 61 64 66 66 66 66 66 66 66 66 66 66 66 67 67 67 69 69 69 69 69 69 69 70 72 72 72 72 72 72 73 72 70 70 70 70 70 73 73 75 76 76 78 78 79 81 84 89 97 105 107 105 104 107 110 113 110 105 102 92 83 78 78 83 92 105 115 123 126 131 133 136 136 138 136 133
59 60 62 64 65 67 68 73 76 76 73 66 57 52 50 48 48 50 50 55 61 64 66 66 66 66 69 69 69 69 69 69 69 69 69 69 69 69 69 69 69 69 70 72 72 72 72 72 72 72 73 75 75 75 75 75 75 76 78 78 78 78 81 81 81 83 84 86 91 94 97 97 99 102 105 102 97 89 83 81 78 83 89 102 115 126 134 139 139 139 141 141 141 141 139 136
59 62 62 62 65 65 65 70 73 76 76 71 65 60 55 52 48 48 50 53 56 61 64 66 66 66 66 69 69 69 71 72 72 72 72 74 74 72 72 72 72 72 72 72 74 75 75 75 75 75 75 77 78 78 78 78 80 80 81 83 83 83 83 83 84 86 86 89 89 91 91 94 94 94 94 91 86 84 84 86 94 102 113 123 134 137 139 142 142 142 142 144 144 141 139 136
60 62 62 62 62 63 65 70 73 73 73 73 71 68 63 55 50 47 48 50 53 56 58 61 64 64 64 66 66 69 71 72 72 72 72 75 75 75 75 75 75 75 75 75 77 77 78 78 78 80 80 80 81 83 83 83 86 86 88 91 94 94 94 94 91 91 94 97 99 102 102 102 102 102 102 99 99 99 102 110 116 124 131 134 137 139 140 140 142 142 144 144 144 142 138 136
60 60 60 60 60 63 65 68 70 70 71 73 74 73 66 58 53 50 48 50 50 51 53 58 61 63 63 64 66 66 69 71 71 72 72 72 75 77 77 77 77 78 78 78 78 78 80 80 80 83 83 83 86 88 89 91 91 91 92 99 105 108 108 105 102 102 105 110 113 113 116 116 118 118 118 118 118 120 124 129 132 134 137 137 139 139 139 140 142 142 144 147 147 144 138 131
59 59 60 60 60 62 63 65 66 68 70 73 76 74 71 63 58 53 50 50 48 50 51 53 58 61 63 64 66 66 69 71 72 72 72 72 75 75 75 75 77 78 78 78 75 75 78 78 80 81 83 86 89 91 94 94 94 89 89 94 105 108 108 107 105 107 110 113 116 116 118 119 121 124 126 126 126 127 129 132 134 137 137 137 137 137 139 139 140 142 144 145 147 142 134 123
57 57 57 60 60 60 60 60 63 66 68 73 74 76 73 68 63 58 53 50 48 48 50 50 53 58 61 64 66 66 69 74 77 74 72 72 72 75 75 75 75 75 75 72 72 72 73 75 78 81 84 86 89 92 94 92 89 84 83 87 95 100 100 97 100 105 108 113 113 111 113 116 121 124 126 127 127 129 129 132 132 134 137 137 137 137 137 139 139 142 142 142 142 136 125 110
57 57 57 58 58 57 58 60 63 66 68 71 73 74 71 71 68 63 58 53 50 48 48 48 51 53 58 61 64 66 69 74 77 74 69 69 72 72 75 75 72 70 70 69 70 70 73 75 78 81 86 86 89 89 89 89 87 84 84 84 89 94 92 89 92 100 103 105 105 105 108 114 119 122 124 124 126 127 129 130 132 132 134 134 134 135 137 137 137 139 139 139 136 126 113 101
57 57 57 57 57 57 57 60 63 65 68 68 69 68 66 66 66 63 63 58 55 50 48 48 50 53 56 59 64 66 69 72 72 69 69 69 72 74 72 70 69 67 69 70 70 72 75 78 81 83 86 86 86 86 89 89 89 89 89 89 92 95 97 92 94 97 94 92 94 97 105 113 119 121 122 121 122 124 127 129 129 132 132 132 134 134 134 137 137 137 136 131 123 110 99 89
57 57 57 55 55 55 57 57 60 61 63 63 63 63 60 60 61 63 66 66 61 53 48 48 48 50 53 58 61 66 69 69 69 69 69 69 72 72 69 67 67 70 75 78 75 75 75 78 81 83 86 89 86 86 86 89 92 92 92 92 95 100 102 102 100 97 92 84 84 89 100 111 119 121 119 119 119 122 126 127 129 132 132 134 134 134 135 137 137 134 126 115 104 91 83 80
57 57 57 57 57 57 57 55 57 58 60 61 61 60 58 58 60 63 66 68 66 56 48 47 48 50 53 56 61 67 69 69 69 67 67 69 69 69 67 67 70 75 81 83 80 75 78 81 81 86 91 94 89 83 83 86 91 92 94 95 97 100 103 105 103 103 97 89 84 87 100 113 119 119 119 119 121 124 127 129 130 132 134 135 135 135 137 137 135 126 113 97 86 80 78 78
60 60 60 60 58 58 58 57 55 57 58 60 61 60 60 61 63 66 68 68 66 58 50 48 48 50 53 56 61 66 67 69 67 67 67 67 69 70 72 72 75 80 83 83 78 78 81 83 84 89 94 97 92 83 78 81 86 89 92 94 97 100 100 103 103 103 103 94 84 86 100 114 119 119 121 122 124 124 127 129 130 132 135 135 135 135 135 134 129 113 94 83 78 78 83 88
63 62 62 60 60 60 58 57 55 55 58 60 61 61 63 66 68 69 69 68 63 58 51 48 48 50 51 56 59 64 67 67 67 65 64 67 72 77 80 80 83 83 85 81 75 75 78 83 88 92 97 97 94 86 78 76 81 84 89 92 95 97 98 100 100 102 103 97 87 84 92 103 111 116 119 122 122 124 127 127 130 132 132 135 134 132 129 124 113 96 83 78 81 89 99 110
68 65 60 58 58 58 58 55 53 55 58 60 60 63 66 69 71 71 69 66 61 58 53 50 48 50 51 53 58 61 64 64 66 64 67 72 80 83 86 86 83 85 86 81 75 70 73 81 89 94 97 97 92 84 76 76 81 81 84 89 94 95 95 97 98 100 102 100 95 89 87 89 95 105 111 119 122 124 124 127 129 130 132 130 127 119 111 103 94 83 78 83 94 107 118 123
68 65 58 55 53 55 52 50 50 52 55 58 58 63 66 71 72 71 68 63 58 56 56 53 50 48 50 53 56 61 61 64 64 64 67 75 83 86 86 83 78 80 83 83 75 68 70 80 89 94 94 89 84 78 75 81 87 84 81 86 92 92 90 92 95 97 100 103 103 100 94 87 84 87 98 111 119 122 124 125 127 127 124 119 111 100 92 86 83 81 86 97 110 121 126 129
68 65 58 52 50 50 50 50 50 50 53 53 56 61 66 71 72 71 66 61 56 53 55 56 53 50 48 51 56 59 61 61 62 64 67 75 80 85 83 78 75 78 81 81 73 65 65 76 86 91 89 84 76 73 76 86 92 87 78 79 84 84 84 87 92 95 98 103 105 105 103 94 84 79 87 103 117 122 122 122 121 116 111 103 97 92 94 95 95 97 105 113 121 126 129 129
65 62 55 50 47 48 48 50 50 50 50 53 53 58 64 69 71 71 66 61 56 53 53 53 53 50 48 51 53 56 58 59 59 61 64 70 78 80 80 75 75 80 81 75 67 62 65 76 84 87 87 84 78 76 81 89 94 87 76 73 76 79 81 84 90 93 98 101 103 106 103 95 81 78 86 100 111 119 119 116 111 108 105 105 108 110 113 116 119 121 124 126 129 129 129 131
60 58 55 55 53 55 53 50 50 50 50 50 53 56 61 64 66 69 66 61 56 53 50 50 50 48 50 53 56 56 56 56 56 59 62 67 75 78 78 75 75 75 75 70 64 65 70 79 86 87 89 87 82 79 81 87 89 82 73 73 76 76 81 84 90 93 98 101 103 106 103 90 79 79 89 100 108 114 114 111 108 109 114 121 122 122 121 122 124 127 127 127 127 127 129 129
57 58 60 60 63 63 58 53 50 50 50 50 50 53 56 59 61 61 61 58 53 51 50 48 48 48 51 56 59 61 61 59 56 59 61 64 70 75 75 72 70 70 67 67 67 70 78 83 84 86 86 84 84 79 76 78 78 76 76 76 78 79 82 87 90 95 98 101 103 106 100 87 78 79 90 100 106 111 114 114 114 117 119 122 122 119 114 113 113 119 124 124 124 124 124 126
55 58 61 63 65 63 58 52 50 50 50 48 48 50 53 56 58 56 55 56 56 55 53 53 51 50 51 56 59 64 64 61 59 59 59 61 64 67 70 69 67 64 64 67 73 78 81 81 81 81 84 84 84 79 73 71 73 79 81 81 81 81 84 89 92 95 98 100 103 103 98 87 81 81 87 95 103 111 116 119 119 117 114 116 116 114 111 108 105 111 119 124 124 121 119 121
53 55 58 60 58 55 52 48 47 47 48 48 48 48 51 53 53 53 56 61 64 64 64 64 59 53 51 51 56 59 62 62 61 59 59 59 59 64 65 65 65 65 67 70 75 78 78 75 78 83 86 86 81 73 68 68 73 79 81 81 81 84 90 92 92 95 98 100 103 103 101 95 92 92 93 95 100 106 113 116 114 111 108 109 111 111 108 103 100 105 114 122 124 121 116 116
52 52 53 53 52 50 50 47 47 47 48 48 48 50 51 53 53 53 59 66 69 69 69 72 67 59 53 51 51 53 56 59 61 61 59 59 62 67 67 70 72 75 75 73 73 72 70 67 73 83 86 79 71 65 65 68 71 74 76 79 84 92 95 98 98 96 98 101 103 106 106 106 106 106 106 103 103 105 109 111 111 109 108 108 106 105 103 95 90 95 105 113 114 111 103 100
50 50 50 50 50 50 50 50 50 50 50 50 50 51 53 53 53 56 61 64 66 67 69 72 72 66 58 51 51 51 53 56 58 59 59 64 70 75 75 78 81 83 83 75 67 65 65 67 72 78 78 73 65 65 65 68 70 73 76 82 90 95 98 100 98 98 100 103 104 106 106 109 111 111 111 111 108 108 111 111 114 114 114 111 106 106 105 97 86 89 97 100 97 94 89 86
48 50 50 50 50 52 53 53 53 53 53 53 55 55 56 58 58 58 59 59 59 61 67 72 74 72 64 56 51 51 51 53 54 56 62 70 75 78 80 80 83 86 83 75 65 62 65 68 73 78 78 73 70 70 70 68 70 75 79 84 90 95 98 98 98 98 101 103 106 106 109 109 111 112 112 112 112 111 111 112 111 114 114 111 108 106 105 97 89 89 95 97 97 95 94 97
47 48 50 50 50 53 55 55 55 58 58 58 58 58 61 61 63 64 61 59 56 58 63 69 72 74 70 64 56 51 51 51 54 59 64 72 77 78 78 78 78 81 81 76 67 62 65 73 78 81 81 81 78 78 73 70 70 76 81 84 89 95 97 98 98 98 101 103 106 106 109 109 109 111 112 114 114 114 114 112 111 111 111 111 109 105 103 100 100 103 106 108 111 113 113 116
45 47 48 50 53 53 56 56 58 61 61 61 61 61 64 66 66 67 66 64 61 56 56 61 66 72 72 66 59 53 51 51 56 59 62 67 70 73 75 75 78 78 81 78 70 62 65 71 76 81 81 84 81 79 76 71 70 73 78 81 87 90 95 98 98 100 101 103 106 106 109 109 109 111 112 112 114 114 114 114 114 114 114 116 114 108 106 108 111 116 116 117 119 119 122 124
