3_data_analyses/maxent/chelseacur_asc/bio_9.asc
ncols         195
nrows         278
xllcorner     -122.86680578405
yllcorner     43.49152724385
cellsize      0.0083333333
NODATA_value  -9999
[rows 210 to 251 of 278, columns 94 to 187 of 195]
155 150 147 149 157 164 166 161 174 179 177 172 170 166 161 161 158 155 152 149 147 145 143 144 147 145 142 139 132 128 123 121 124 125 127 125 121 120 120 125 130 132 132 129 126 123 122 119 115 112 114 116 120 122 125 129 134 135 138 135 135 135 135 137 138 142 143 146 148 153 158 160 163 165 168 170 172 174 175 177 179 181 181 182 183 184 185 186 185 187 189 189 189 189
156 145 137 147 154 152 154 159 173 172 161 167 163 166 165 163 160 156 152 149 144 141 139 137 134 137 138 138 134 131 129 126 125 127 129 124 123 128 124 125 132 135 135 135 134 130 127 123 120 118 119 119 121 124 127 130 134 138 142 143 145 139 139 140 142 143 146 149 153 157 160 163 165 167 169 171 172 174 176 177 179 180 181 182 183 184 185 185 186 188 188 189 189 189
157 144 137 145 142 143 149 154 163 174 161 156 160 164 167 166 165 161 157 152 147 143 139 137 132 129 130 131 129 129 130 131 131 129 129 133 137 140 139 136 139 140 141 141 137 130 127 125 122 121 120 120 124 126 129 132 133 136 139 144 144 149 147 147 150 156 158 158 163 164 163 163 163 166 168 170 172 173 175 176 178 180 182 183 183 184 185 186 186 187 188 188 188 162
156 139 141 146 147 146 150 152 155 164 171 164 160 162 163 164 166 163 162 160 154 149 145 141 138 136 135 134 132 129 126 131 133 132 131 137 140 141 136 138 143 144 143 137 125 124 123 130 125 125 123 121 121 124 129 135 137 141 143 146 147 149 155 156 155 155 158 159 157 155 157 160 162 166 168 170 172 173 174 176 179 180 181 182 181 183 184 185 185 187 186 187 161 161
161 156 153 150 149 149 148 149 152 153 158 162 160 158 155 155 159 160 161 161 157 153 150 147 144 142 140 137 132 133 130 132 136 137 139 141 142 142 135 135 143 144 143 139 135 134 130 130 131 128 125 122 118 122 125 129 136 139 142 146 148 150 151 151 151 151 151 148 150 154 157 160 161 165 167 169 170 172 173 175 178 179 180 180 181 183 184 184 185 185 186 186 187 162
165 157 150 142 145 146 147 148 151 152 153 155 156 155 155 153 151 150 152 156 156 155 153 151 148 146 143 141 139 138 137 137 139 140 142 144 144 143 138 138 144 144 143 141 138 135 133 132 131 129 127 119 114 116 122 126 130 133 138 140 141 142 143 144 145 147 148 150 151 155 158 161 163 165 168 169 171 173 174 175 176 178 180 181 182 183 184 185 185 185 186 186 187 161
161 162 156 149 146 147 146 146 148 150 152 154 156 155 153 153 152 150 148 146 144 147 151 152 151 149 147 145 144 143 141 141 142 144 146 147 147 144 140 140 143 144 142 140 137 134 129 125 128 129 126 116 109 112 121 126 128 132 136 138 139 141 143 144 145 148 150 151 153 155 158 161 163 166 168 169 171 172 174 175 177 179 181 182 183 184 184 184 184 185 185 160 160 160
157 158 156 159 157 154 148 146 146 149 151 153 154 152 153 151 150 150 148 146 142 139 140 144 145 147 147 146 145 145 144 146 148 149 149 148 149 147 143 143 144 144 141 138 134 128 119 113 117 123 127 123 117 116 122 128 130 131 133 135 138 138 142 143 143 144 146 151 154 156 158 160 162 164 167 170 171 173 175 177 179 180 181 183 183 183 184 184 184 184 159 185 159 159
146 145 146 149 149 153 154 148 148 148 151 153 153 152 149 149 149 148 147 146 144 139 133 135 140 142 144 145 144 143 143 147 150 151 150 146 149 148 146 146 146 145 142 136 128 117 105 99 105 115 123 128 129 129 131 134 135 136 133 136 139 141 143 145 146 147 149 152 154 156 158 161 164 166 168 170 171 174 176 178 180 181 182 182 183 182 183 184 184 184 184 158 158 158
148 151 145 149 149 149 152 151 151 151 151 152 153 153 151 148 146 145 145 143 141 138 137 136 137 140 142 143 144 144 145 148 150 153 152 148 150 149 150 149 148 146 141 135 127 112 93 84 94 108 118 128 134 138 139 140 139 139 142 140 139 141 144 146 148 149 152 153 153 155 158 161 164 167 169 170 174 176 177 179 180 182 181 181 182 182 183 183 183 183 183 182 157 158
163 169 167 161 150 148 149 148 149 151 152 152 153 154 153 152 150 146 144 142 140 139 139 138 135 134 135 139 142 141 139 143 149 153 152 152 152 151 150 150 149 147 143 138 131 119 106 100 104 112 121 131 137 140 142 143 143 143 144 144 143 143 144 147 149 150 151 151 153 155 157 161 164 166 169 171 174 176 177 179 181 181 180 180 180 181 182 183 183 182 155 155 156 157
184 183 183 180 173 166 156 158 159 156 156 162 165 167 167 163 157 154 152 149 146 143 141 139 137 134 131 133 140 142 145 144 148 153 152 152 152 152 151 150 149 148 146 142 136 128 118 114 115 120 126 134 139 142 144 145 145 146 147 146 144 143 146 147 149 150 150 149 153 156 158 161 164 167 169 171 173 176 178 179 180 180 180 180 180 181 182 157 182 181 155 154 155 155
182 171 172 178 183 183 180 180 180 178 177 176 168 162 160 160 161 157 154 151 149 145 142 140 139 137 132 134 142 144 146 148 149 152 152 151 151 152 152 151 151 150 148 144 139 133 125 120 117 124 130 134 139 142 145 146 149 149 149 148 143 144 146 148 146 149 149 148 156 159 161 162 165 167 170 173 176 178 179 180 180 180 179 179 180 180 180 155 155 155 154 154 153 153
181 175 166 159 174 182 175 169 162 160 160 157 153 153 151 150 153 155 154 154 152 148 145 142 142 140 135 136 141 143 144 146 148 151 153 153 153 153 153 153 150 149 148 144 140 134 129 123 120 129 134 137 140 143 146 150 151 152 151 150 149 148 148 149 149 150 150 150 152 158 161 162 163 166 170 173 177 179 180 180 180 180 179 179 178 177 152 179 154 154 153 153 153 152
169 175 168 154 161 174 179 171 160 155 152 152 152 153 151 149 148 148 148 151 151 150 146 144 143 140 137 139 139 139 141 144 146 149 151 154 155 156 155 153 151 149 147 145 140 136 131 129 130 133 138 140 143 145 148 152 154 154 153 153 152 151 150 151 152 153 153 153 153 154 160 164 165 168 171 174 175 175 177 177 178 178 177 178 176 173 176 153 153 153 152 152 152 151
163 172 165 149 147 153 165 172 174 172 161 153 153 153 151 147 145 145 147 147 149 149 147 145 142 137 136 139 139 137 136 140 143 147 151 155 157 157 156 154 153 150 148 145 141 138 136 134 135 138 141 144 146 148 151 154 156 157 157 156 154 152 148 149 153 154 154 154 156 156 161 166 168 170 172 175 177 176 177 177 178 177 177 176 176 174 176 177 149 150 151 151 150 150
159 169 165 160 158 155 152 153 159 160 164 159 154 151 149 149 144 138 140 144 146 146 146 144 142 138 138 138 140 139 136 134 139 144 150 154 157 158 157 157 155 152 149 146 143 140 139 137 139 141 143 146 148 151 154 156 158 160 160 159 157 154 153 152 155 155 155 156 159 161 162 166 168 169 171 174 177 177 177 177 177 177 177 176 175 175 175 173 174 149 149 150 149 149
166 162 157 156 154 153 150 148 153 154 154 154 155 151 148 146 145 142 133 141 145 144 141 141 142 139 140 140 141 141 140 139 140 144 148 154 157 158 158 158 156 153 150 147 142 136 134 132 136 142 145 148 151 154 156 158 160 161 160 158 159 157 155 151 157 159 159 160 163 164 166 169 171 172 172 174 177 178 178 177 177 176 176 177 176 175 174 173 148 173 149 149 149 148
167 158 154 154 152 150 148 145 148 150 149 151 152 150 149 146 140 138 140 141 146 143 142 142 141 141 142 143 144 143 143 143 143 147 148 152 156 157 158 157 157 155 150 145 137 129 125 125 133 141 147 150 153 155 158 161 163 164 163 159 161 161 161 161 163 163 163 162 161 167 168 169 171 173 175 177 178 178 178 178 178 177 177 176 175 175 174 148 147 147 147 147 148 147
171 160 151 151 150 148 144 142 144 146 145 144 147 147 145 145 144 141 141 143 147 147 145 144 142 142 143 145 146 146 146 146 147 149 149 153 156 158 158 156 156 154 149 143 136 130 129 130 133 142 149 153 156 159 161 163 164 165 166 167 167 167 167 166 167 166 167 166 160 164 168 170 172 172 176 178 178 178 178 179 178 178 177 176 175 174 148 147 147 147 147 146 146 146
182 172 158 149 147 145 143 140 138 142 141 138 142 140 139 141 139 139 141 144 147 149 148 145 143 144 145 147 148 148 149 149 150 152 153 155 157 158 159 158 157 155 151 146 140 139 135 134 138 146 152 156 160 162 163 165 166 166 168 169 170 170 170 170 169 169 170 169 165 166 168 170 172 174 177 178 179 178 177 178 177 177 176 176 175 149 173 146 145 146 146 145 144 144
182 182 168 153 146 143 141 138 136 135 136 131 134 135 132 134 136 138 140 143 148 150 150 147 145 146 146 148 149 150 151 152 153 155 157 158 159 160 160 160 159 157 155 153 150 147 144 145 145 153 157 160 162 163 164 165 166 167 168 169 170 170 171 171 171 170 171 169 167 166 168 170 172 175 178 179 179 179 178 177 176 176 175 149 149 173 172 146 145 145 144 143 143 143
176 182 172 158 147 144 143 140 137 133 131 128 129 126 127 131 135 139 141 144 147 151 150 148 148 148 149 149 150 151 153 155 157 159 159 160 161 161 161 161 160 160 158 156 154 154 152 151 150 154 157 160 162 163 164 166 165 166 168 169 170 170 171 171 172 172 170 169 168 167 170 173 175 177 178 179 179 179 178 177 175 174 174 173 174 173 172 147 146 144 142 142 141 141
163 180 179 164 153 148 146 143 140 136 130 124 121 122 127 132 136 139 142 145 147 151 151 150 151 152 152 152 152 151 153 157 159 159 158 159 162 162 162 162 162 161 160 158 157 156 155 153 151 154 157 159 161 163 165 166 165 166 168 169 170 171 171 171 172 172 172 172 172 172 174 176 177 178 178 179 179 179 178 177 175 175 174 172 173 172 145 145 145 144 143 141 140 138
152 176 183 171 154 150 145 140 136 135 131 126 120 124 129 133 137 140 144 146 149 152 154 154 153 154 155 156 156 155 153 154 160 156 155 156 162 163 163 163 162 161 160 159 159 158 157 155 153 153 157 159 162 164 165 167 166 167 169 170 171 171 172 172 172 172 173 173 174 174 172 177 178 178 179 179 179 179 179 178 177 176 174 173 173 146 145 144 144 142 141 139 135 137
152 168 177 176 157 154 150 147 143 139 134 130 123 124 130 133 137 140 144 146 149 151 155 156 156 156 158 157 158 157 156 155 159 159 157 158 162 163 164 164 164 163 162 161 160 159 159 158 156 155 158 160 162 164 165 166 165 168 169 171 171 172 172 173 173 173 173 174 174 175 174 176 178 178 179 179 179 179 179 179 178 177 175 174 173 146 145 144 143 141 139 137 136 135
161 163 169 169 155 154 151 147 145 141 138 133 130 129 132 135 136 139 143 146 149 151 153 157 158 158 158 159 159 159 157 158 160 162 161 161 164 164 164 164 164 164 163 163 163 162 161 160 156 157 160 162 164 165 166 167 167 165 170 171 172 172 172 173 173 174 174 174 175 175 176 177 178 179 179 179 179 179 179 179 179 152 176 175 148 147 146 144 141 140 138 136 135 133
160 159 164 165 153 150 147 145 143 140 137 134 132 132 135 137 137 140 142 145 148 150 153 153 149 143 145 151 156 158 158 160 161 163 164 164 164 165 165 165 165 165 163 162 160 161 161 159 159 160 161 163 165 167 168 169 169 166 171 172 172 172 173 172 169 173 175 175 175 176 177 178 179 179 179 179 180 180 179 178 177 177 176 149 149 148 146 140 139 139 138 137 136 133
161 156 159 160 150 148 146 144 144 141 139 137 132 133 137 138 138 141 143 146 147 150 152 150 137 126 130 140 153 158 160 162 163 164 164 165 165 165 165 165 165 165 164 161 157 155 155 156 158 159 163 165 166 168 170 170 171 171 170 172 173 172 171 172 173 175 175 176 176 177 178 179 179 179 179 179 180 180 179 178 177 175 150 149 147 145 144 142 140 140 138 138 135 132
151 155 160 157 150 145 142 142 143 142 141 140 136 137 139 139 140 143 144 147 149 150 153 154 148 138 141 150 158 161 162 163 164 164 165 165 165 166 166 166 166 165 160 157 152 150 148 150 151 156 161 166 168 169 170 171 172 173 173 174 174 174 172 167 175 176 176 176 175 178 178 179 179 179 179 180 179 179 178 178 177 150 149 148 147 146 145 145 144 143 140 138 137 134
151 155 157 153 148 145 142 138 140 142 141 140 139 138 139 139 140 143 145 147 150 151 154 155 156 155 155 158 160 162 163 164 164 165 165 165 166 166 166 166 166 166 161 157 149 141 139 143 149 156 161 164 168 170 171 171 172 173 174 174 174 175 175 175 176 176 177 176 174 178 178 178 179 179 179 180 179 179 178 177 176 150 149 149 148 147 146 145 145 144 141 138 135 135
152 154 153 150 146 144 143 142 142 141 140 139 138 138 138 139 138 140 144 147 149 151 152 154 155 156 155 157 160 162 164 164 165 165 165 166 166 165 166 166 166 166 164 158 149 144 142 145 150 156 161 165 169 170 171 172 173 173 174 175 175 175 176 176 177 177 177 177 178 178 178 179 179 179 180 180 179 179 178 177 177 150 149 148 147 147 146 145 144 143 141 140 137 136
151 151 151 148 143 142 140 141 141 140 139 138 136 135 135 137 139 141 143 145 148 147 144 149 151 153 155 159 161 163 165 165 165 165 166 166 166 165 164 164 165 165 163 160 155 151 151 152 155 159 163 166 169 171 172 173 173 174 174 175 175 175 175 176 176 177 177 178 179 178 178 179 179 179 180 180 179 179 178 178 177 150 149 148 147 146 146 145 144 143 141 139 138 135
149 148 149 145 140 140 137 138 140 139 138 136 134 132 132 135 138 141 143 145 147 148 148 149 152 155 158 160 162 164 165 165 165 166 166 166 165 164 162 162 164 164 162 161 159 157 158 160 162 164 166 167 169 172 173 173 174 174 174 175 175 175 176 176 176 177 178 178 179 178 178 179 179 180 180 180 179 179 179 178 177 176 150 149 148 147 146 145 144 142 141 139 137 133
146 147 145 142 138 138 136 137 139 139 137 136 134 132 134 137 139 141 144 145 146 148 149 151 152 155 157 159 162 164 165 165 165 166 166 166 165 162 158 161 161 162 163 160 159 159 162 164 165 167 168 169 170 172 173 174 174 174 175 175 175 175 176 176 177 177 178 178 178 178 178 179 180 180 180 180 179 179 179 179 178 178 177 176 149 148 147 145 144 141 139 138 136 132
142 143 142 139 140 140 140 140 141 140 139 137 135 133 129 136 141 143 144 146 147 149 149 150 151 153 155 159 162 164 165 165 163 162 165 165 164 160 157 160 161 162 161 157 153 158 165 167 168 169 169 170 171 173 174 174 174 174 174 175 176 176 176 177 177 177 177 177 178 178 179 179 180 180 180 180 180 179 179 153 178 178 152 151 150 149 147 144 141 139 137 136 133 126
140 140 138 137 141 141 141 142 142 141 140 138 136 134 135 138 141 143 146 147 148 149 149 148 150 150 151 159 162 164 165 163 159 157 159 164 165 164 162 163 164 163 162 158 153 161 167 168 170 171 171 171 172 173 174 174 174 174 175 176 176 176 176 177 177 177 177 178 178 178 179 180 180 180 180 180 180 179 179 179 153 151 150 149 148 147 145 143 140 137 135 131 128 122
136 139 140 140 141 141 141 142 142 140 138 137 137 137 137 139 142 143 144 145 147 148 149 148 150 152 155 157 161 164 165 162 159 153 157 164 167 167 167 166 167 166 165 164 164 166 168 169 171 172 173 173 173 173 174 174 174 175 175 175 176 176 176 176 177 177 177 178 178 179 179 180 180 180 180 180 180 180 154 178 151 150 149 148 147 146 144 142 139 135 133 130 127 123
135 139 141 141 141 141 142 142 140 138 136 135 134 135 136 138 138 140 142 144 145 147 149 149 152 154 156 158 160 163 163 161 159 158 161 167 169 168 168 168 169 168 168 168 169 169 170 171 172 172 172 173 173 173 174 174 175 174 175 175 175 176 176 176 177 177 178 178 178 179 180 180 180 180 180 180 180 180 154 179 152 151 149 148 147 145 143 142 135 134 132 129 127 124
134 138 141 141 141 142 142 141 138 135 132 130 129 130 132 134 135 139 142 144 145 147 148 149 154 155 158 160 160 162 164 163 162 162 165 169 168 168 169 169 169 170 170 170 171 171 171 172 172 172 173 173 173 174 174 174 170 167 172 175 175 176 176 177 177 177 178 178 178 179 180 180 180 180 180 180 180 180 154 179 153 152 150 149 147 144 143 142 138 132 130 129 127 125
135 135 139 141 141 142 141 139 136 132 128 125 123 123 128 131 133 137 140 142 145 146 148 151 155 158 160 161 162 163 164 166 167 167 168 169 169 168 168 169 170 170 170 171 171 171 172 172 172 172 173 173 174 174 174 172 168 167 172 175 176 176 176 177 177 178 178 178 179 179 180 180 180 180 180 180 180 180 154 153 152 151 150 148 146 145 143 141 138 135 132 129 127 125
141 139 139 141 142 142 140 137 134 129 124 120 117 118 122 125 128 132 137 141 144 148 151 153 157 159 161 162 163 164 165 166 167 167 168 168 169 170 169 169 170 171 171 171 171 172 172 172 172 173 173 174 174 174 174 173 171 168 173 175 176 176 176 177 177 178 178 179 179 179 180 180 180 180 180 180 180 154 179 153 152 151 149 147 146 144 142 141 138 135 132 130 128 126
