3_data_analyses/maxent/chelseacur_asc/bio_9.asc
ncols         195
nrows         278
xllcorner     -122.86680578405
yllcorner     43.49152724385
cellsize      0.0083333333
NODATA_value  -9999
[rows 42 to 83 of 278, columns 0 to 93 of 195]
185 187 191 193 193 194 195 196 197 197 196 196 196 196 194 192 190 191 192 193 195 196 194 195 200 202 202 202 201 201 201 201 201 201 201 199 194 189 188 191 194 196 195 193 195 199 200 199 194 190 193 193 195 196 199 197 193 196 199 198 196 198 199 199 199 198 198 198 198 197 198 200 204 205 204 199 195 194 192 190 188 186 184 182 182 188 191 193 195 196 194 191 185 180
186 186 189 193 195 195 195 196 197 197 197 197 197 196 195 193 190 190 192 193 195 197 197 194 196 201 202 202 202 201 201 201 201 201 201 200 196 192 189 194 197 197 193 192 193 199 200 198 196 195 193 196 197 199 199 197 194 197 199 199 199 199 199 199 199 199 199 198 197 197 197 198 200 204 205 200 194 193 192 190 189 188 189 192 196 197 196 195 194 194 192 190 185 183
190 188 190 193 195 196 196 196 196 197 197 197 197 197 195 192 189 187 190 192 193 195 198 197 195 199 203 202 202 202 202 201 201 201 202 201 199 198 197 198 195 192 193 194 198 200 200 198 197 198 197 196 197 197 197 196 192 193 199 199 199 200 200 199 199 199 198 198 197 197 197 197 201 205 202 203 199 193 191 192 193 194 198 195 192 190 187 186 184 183 181 180 179 176
193 193 193 194 195 194 195 196 196 197 197 198 198 197 196 195 194 191 191 193 194 195 197 198 198 202 201 200 201 202 202 203 203 203 203 202 201 197 199 199 198 197 196 197 200 200 199 197 196 195 195 194 195 197 197 196 194 196 199 200 199 200 199 199 199 199 198 198 197 197 196 198 204 203 200 201 202 198 196 199 199 196 190 186 186 186 186 185 182 179 178 178 177 177
194 194 194 192 190 189 192 194 195 196 196 197 198 198 198 197 197 196 195 194 195 197 198 199 201 202 200 200 199 199 200 202 202 202 202 203 203 198 198 199 199 200 200 200 200 200 198 196 197 196 195 195 196 197 198 197 199 198 198 199 199 199 199 199 199 198 198 197 197 196 196 196 204 201 200 199 198 200 198 197 196 195 192 190 188 189 191 191 190 188 185 182 181 179
195 195 193 191 189 189 190 192 195 194 195 197 197 198 198 197 197 197 198 199 199 200 200 200 201 202 201 201 200 199 198 199 202 202 202 202 203 203 201 201 202 202 202 202 200 199 198 198 198 198 198 198 196 196 197 198 199 198 198 198 198 199 199 198 198 197 198 198 197 197 196 200 203 203 203 202 200 196 193 191 191 191 192 193 193 192 190 190 193 191 186 182 182 183
196 195 195 194 194 194 195 196 197 197 197 197 198 199 198 198 198 199 200 198 196 195 196 195 197 201 202 202 202 201 200 199 200 202 203 203 203 203 204 204 203 204 205 204 201 199 199 200 200 198 197 196 195 198 199 200 199 198 198 198 200 199 199 199 199 199 198 198 197 196 196 197 198 199 200 200 201 200 198 193 192 196 196 195 191 190 190 192 191 192 190 182 180 179
197 197 197 197 197 197 197 198 198 198 198 199 198 198 198 199 199 199 198 194 193 194 194 192 192 198 201 202 203 202 203 202 200 200 201 204 203 202 203 204 204 203 202 204 203 203 203 204 203 198 195 197 200 203 203 202 200 200 202 202 198 198 196 195 197 197 197 197 196 196 196 195 194 193 196 197 198 198 198 198 199 197 195 195 197 198 198 196 199 196 192 191 186 183
196 197 197 197 197 197 197 197 197 198 198 198 199 199 199 199 199 199 198 195 196 195 196 193 191 193 197 201 203 203 202 203 203 202 203 204 200 200 201 200 198 196 196 198 203 204 204 204 205 202 201 204 205 205 204 204 204 204 202 200 200 199 197 195 196 196 196 195 195 195 195 194 193 193 192 191 193 195 194 193 192 192 192 194 194 192 191 193 199 197 195 197 196 196
195 196 197 197 198 198 198 198 198 198 198 198 198 199 199 198 198 199 199 200 199 198 196 193 191 191 193 197 200 203 203 204 204 204 203 201 199 198 198 198 195 194 194 198 202 204 203 204 204 204 203 204 203 204 204 205 205 204 204 203 199 199 199 198 198 197 196 195 194 194 193 193 192 192 191 191 191 191 191 192 193 191 191 190 194 195 193 194 198 198 198 198 198 199
196 196 196 196 197 197 197 197 197 197 197 197 197 197 198 197 198 197 197 198 200 200 199 196 194 191 191 193 196 200 203 204 204 204 202 200 198 196 196 199 199 198 197 197 201 203 201 201 201 201 201 202 203 203 203 205 206 204 204 204 203 201 198 198 198 199 197 195 194 193 193 192 192 191 190 189 189 189 189 189 190 192 191 190 190 192 193 194 193 193 193 192 191 187
195 196 196 196 197 197 196 196 197 196 196 196 196 197 196 196 195 195 195 196 198 200 200 200 198 193 192 194 193 197 202 204 203 203 203 203 201 200 200 199 199 199 198 194 197 202 202 201 201 200 200 200 200 202 202 203 205 205 204 204 204 203 202 199 198 197 197 196 195 195 193 192 191 190 189 189 188 187 185 185 187 187 187 187 187 188 190 189 189 188 186 186 187 183
195 196 196 195 195 196 196 197 196 195 195 195 195 195 195 195 194 195 194 191 192 197 201 201 200 197 195 196 197 201 203 201 200 200 202 202 203 203 201 200 198 199 199 198 199 202 202 203 201 200 200 200 200 200 202 203 203 204 205 204 204 204 203 202 201 199 196 196 195 192 192 191 190 191 190 189 188 187 186 184 184 183 181 179 180 184 187 184 183 182 180 178 185 180
195 196 195 194 194 195 197 198 196 196 196 195 194 194 194 194 193 194 194 190 189 191 196 200 200 201 201 202 202 200 197 197 197 198 201 200 200 200 202 199 198 197 198 198 200 201 201 201 202 202 200 200 200 200 200 202 202 204 204 204 204 204 204 202 202 202 199 196 194 194 193 192 192 191 191 190 189 187 187 186 183 183 180 177 179 182 184 183 182 179 176 175 175 179
195 194 192 193 194 195 196 198 197 197 197 196 196 195 196 196 197 195 196 193 190 189 191 194 197 202 202 200 197 196 196 196 197 198 200 199 198 199 202 202 199 199 198 199 201 201 200 198 199 199 201 202 202 200 200 200 202 205 204 203 203 204 204 203 203 202 201 196 194 193 193 192 192 191 191 190 190 189 188 186 185 184 184 183 183 184 184 182 181 178 174 170 168 168
188 187 187 190 192 193 194 196 198 198 197 197 197 197 197 197 198 198 197 198 194 190 192 194 200 200 196 196 196 196 196 197 197 197 198 198 198 199 200 202 203 202 201 202 203 200 198 197 197 198 200 200 202 201 199 199 201 204 205 203 203 203 203 203 202 201 202 199 196 197 197 196 192 190 190 190 190 189 189 188 189 188 187 186 185 185 183 181 179 176 174 171 168 165
183 185 188 191 192 193 194 196 197 198 198 198 197 198 198 198 199 198 198 199 198 192 192 196 202 197 196 196 197 197 198 197 198 198 198 198 198 197 198 198 198 199 201 204 202 199 197 196 195 196 197 198 200 203 198 198 199 203 205 204 203 203 203 203 201 198 197 198 198 198 197 197 194 192 193 193 193 193 192 191 190 188 186 183 181 178 179 181 178 173 171 168 164 163
185 190 191 191 194 196 196 197 197 198 199 198 198 198 198 198 199 199 199 199 199 197 195 199 201 198 198 199 200 199 201 200 201 200 200 198 198 197 197 196 196 197 201 203 200 198 196 194 194 196 197 197 198 202 198 198 197 201 204 204 203 203 203 202 202 199 196 195 195 196 199 196 196 195 192 191 190 191 190 189 187 185 184 182 180 178 176 174 174 174 173 170 165 162
188 190 195 195 196 196 197 197 198 198 199 199 199 199 199 199 200 200 199 200 200 200 199 201 201 200 201 201 201 201 202 202 201 201 199 198 198 197 196 196 196 197 198 200 200 199 197 197 197 196 197 197 199 202 200 198 197 197 200 204 204 203 203 202 200 199 196 195 194 193 195 197 195 193 192 192 191 190 189 187 186 185 184 183 181 177 175 175 174 174 174 174 171 165
190 192 191 193 196 197 198 198 198 199 199 199 200 200 200 200 201 201 201 201 201 202 201 201 202 201 201 201 199 198 199 200 199 197 197 197 197 198 197 197 196 196 195 196 194 196 199 199 198 197 197 197 199 200 201 202 199 197 196 200 203 202 203 202 201 198 197 195 194 192 192 192 197 196 192 190 189 188 186 185 184 182 181 181 180 179 181 185 182 180 178 176 176 178
190 189 191 195 197 198 198 199 199 199 199 199 200 199 199 199 200 201 201 201 200 201 202 202 202 201 201 201 200 200 199 199 198 198 197 196 196 197 198 197 197 196 195 195 194 196 200 198 195 196 197 197 199 199 198 198 202 200 196 196 199 199 201 203 200 198 197 195 194 192 192 192 195 193 195 193 190 189 188 187 185 183 182 185 187 187 188 182 178 174 168 160 155 162
190 192 195 197 199 199 199 199 198 198 198 199 200 199 200 200 201 201 201 201 201 201 201 202 201 201 201 201 202 202 201 200 199 198 198 197 196 197 197 197 197 196 195 196 197 197 197 197 197 196 196 196 197 197 197 197 196 200 200 194 195 197 199 200 201 200 197 195 193 192 191 192 193 193 192 193 194 193 190 190 189 188 188 186 182 180 186 184 178 173 166 157 150 148
194 196 197 199 198 198 198 198 198 198 198 198 199 200 201 201 201 201 201 200 201 201 201 201 201 201 200 200 201 201 201 201 200 199 198 197 197 197 197 196 194 195 194 196 194 194 193 195 193 193 190 188 190 190 192 192 194 196 200 196 194 194 195 194 193 201 200 196 192 191 191 192 192 193 191 191 190 190 190 187 184 182 181 180 179 177 176 175 179 178 169 162 155 147
197 198 198 197 197 198 198 198 198 198 198 198 199 199 200 201 201 201 201 200 201 201 201 201 201 201 200 200 200 200 200 197 197 197 197 197 197 195 195 193 193 193 193 194 195 194 194 193 191 190 189 188 188 190 190 190 192 193 199 195 194 193 192 192 191 196 199 200 197 192 191 192 192 190 189 190 190 189 187 186 183 183 182 180 177 175 172 169 167 168 174 167 159 154
198 196 196 197 197 198 198 198 198 198 198 199 199 199 201 201 201 201 202 201 201 201 201 201 201 201 201 200 199 199 200 198 196 195 195 195 195 196 196 194 194 195 194 193 194 194 193 192 189 188 187 186 186 187 188 189 191 192 197 196 194 192 191 191 191 191 191 194 198 190 189 189 190 189 187 186 188 187 186 185 183 182 180 179 176 174 170 167 165 162 164 168 166 159
197 197 197 197 198 198 198 198 198 198 198 199 199 199 201 201 201 201 202 202 201 201 201 202 202 202 202 200 199 199 199 199 197 195 195 195 197 199 199 198 198 196 195 193 194 195 193 191 189 187 185 183 184 186 187 189 190 190 191 193 198 194 191 190 190 190 190 197 198 196 196 194 192 188 189 191 189 185 185 183 181 179 178 177 175 173 170 166 163 160 156 157 162 160
197 197 197 197 198 198 198 198 198 198 199 199 199 200 200 200 201 201 201 201 201 201 201 202 202 202 202 202 202 201 199 199 198 198 196 196 197 200 202 201 198 196 195 195 194 194 193 192 189 188 185 183 184 186 187 188 189 191 191 194 196 193 191 190 191 190 190 190 189 191 191 195 199 197 196 192 190 189 185 183 180 180 179 177 174 172 170 166 162 157 154 152 151 153
197 197 197 198 198 198 198 198 198 199 199 199 200 200 201 200 200 200 200 200 201 201 201 201 201 201 202 202 202 202 202 202 201 201 201 200 201 201 199 197 196 195 195 194 193 193 193 192 191 189 189 188 187 187 189 189 189 191 192 195 196 194 193 192 192 191 191 190 190 189 187 187 190 198 194 189 184 185 185 182 181 178 178 177 174 171 168 165 162 159 163 162 161 160
197 197 197 197 198 198 198 199 198 199 199 200 199 200 201 200 200 200 200 201 201 201 201 201 201 200 201 201 202 202 202 202 202 202 202 202 200 199 200 199 196 194 194 193 193 193 193 193 192 191 190 189 188 189 189 188 189 191 192 192 193 193 194 192 191 191 189 188 188 187 186 185 185 187 195 199 191 180 184 183 180 178 175 173 171 170 169 167 164 165 169 167 166 165
197 197 197 198 198 198 198 198 199 199 199 199 199 200 200 200 200 200 200 201 201 201 201 201 201 201 201 201 201 202 202 202 202 202 202 199 196 196 196 197 195 197 198 195 194 192 192 192 192 192 191 190 190 191 191 190 190 190 190 192 192 191 193 192 190 189 188 188 187 186 186 185 184 183 183 192 196 182 178 180 181 181 179 177 176 173 172 170 171 170 166 162 161 159
197 197 198 198 198 198 198 198 199 199 199 199 200 201 200 200 200 200 200 201 201 201 201 201 201 201 201 201 201 201 202 202 202 202 202 201 200 200 199 200 201 199 195 194 195 193 193 193 192 192 191 191 192 192 192 191 191 191 192 192 191 191 190 191 192 190 189 188 189 186 184 185 183 182 177 181 193 189 180 176 176 177 177 174 172 174 175 173 170 167 164 164 160 156
197 197 198 198 198 198 198 199 199 199 199 199 200 201 201 200 201 201 200 201 201 201 201 201 201 201 201 201 201 201 201 202 202 202 202 202 201 201 202 201 201 200 196 197 198 195 196 194 195 193 192 192 195 193 192 193 193 192 190 189 190 190 189 188 188 186 187 187 187 186 182 181 181 180 176 177 189 196 194 187 189 194 196 188 175 170 170 169 169 168 168 166 165 162
197 197 198 198 198 198 198 199 199 199 199 200 200 201 201 201 201 201 201 201 201 201 201 201 201 201 201 201 201 201 201 201 201 202 202 202 201 199 201 202 201 200 198 197 194 194 194 198 197 197 196 196 193 192 194 196 195 193 193 191 190 188 188 186 186 184 180 180 184 185 181 179 178 177 172 178 189 189 188 194 189 179 184 198 179 169 168 168 166 164 162 159 156 162
197 197 198 198 198 198 198 199 199 199 199 200 201 201 200 201 201 201 201 201 201 201 201 201 201 200 201 201 201 201 201 201 201 201 201 202 202 202 200 200 202 201 199 196 194 195 198 200 200 199 199 198 195 196 195 195 195 193 193 192 191 188 181 179 182 180 172 177 179 182 178 175 172 172 172 183 180 180 181 181 177 177 180 194 190 174 168 167 168 166 163 160 168 170
197 198 198 198 198 198 199 199 199 199 200 201 201 200 200 201 200 200 201 201 201 201 201 201 201 201 201 201 201 201 201 201 201 201 201 201 202 202 202 201 201 202 202 201 198 200 201 200 200 199 198 197 197 196 194 193 192 191 190 187 185 184 182 176 178 178 173 168 174 180 175 166 165 165 174 181 172 173 174 178 173 171 173 184 194 188 177 184 189 181 172 174 184 185
197 198 198 198 198 198 199 199 199 200 201 201 200 200 200 201 200 201 201 201 201 201 201 201 201 201 201 201 201 201 201 201 201 201 201 201 201 202 201 202 202 201 201 201 199 200 198 198 197 197 196 196 196 195 194 193 191 190 187 184 181 179 177 173 173 174 168 167 173 176 172 164 158 163 175 177 167 164 166 174 176 166 167 174 184 196 193 187 182 194 190 187 182 170
197 198 198 198 198 198 199 199 200 200 201 200 200 200 200 201 201 201 201 201 201 201 201 201 201 201 201 201 201 201 201 201 201 200 200 200 200 201 201 201 200 199 198 200 199 197 197 197 196 196 195 194 194 193 194 192 189 186 183 180 176 176 175 173 167 168 164 160 163 168 169 161 156 168 176 170 160 158 160 166 174 168 162 165 178 192 187 177 169 179 191 188 177 168
197 198 198 198 198 199 199 200 200 200 200 199 200 200 200 200 201 201 201 201 201 201 201 201 201 201 201 201 200 200 200 200 200 200 200 200 200 200 200 200 198 197 197 199 198 198 197 196 194 193 192 191 188 190 191 188 186 183 181 178 173 168 165 168 166 158 156 154 160 158 160 156 162 172 167 162 157 152 157 167 170 166 158 163 176 192 179 168 162 168 177 187 193 189
198 198 198 198 198 199 200 199 200 200 200 199 200 200 200 200 201 201 201 201 201 201 201 201 201 201 201 201 202 201 201 200 199 199 200 200 200 200 200 201 198 196 197 196 195 196 195 193 192 190 188 186 184 184 188 186 185 182 178 174 169 163 156 157 155 151 149 147 146 144 147 155 166 166 163 153 150 148 153 166 162 159 157 172 184 190 176 162 155 157 168 172 176 190
198 198 198 198 199 199 200 199 200 200 200 200 200 200 200 200 200 200 201 201 201 201 201 201 202 202 202 202 202 202 202 201 200 199 199 199 200 199 199 201 200 199 197 195 193 192 191 190 190 188 186 184 184 182 184 181 179 182 180 174 167 161 153 152 154 154 149 145 139 141 150 162 163 155 160 154 145 142 150 163 155 153 161 177 190 187 176 164 151 158 163 159 168 179
198 198 198 199 199 200 199 199 199 200 200 200 200 200 200 200 200 200 201 201 202 202 202 202 202 203 202 203 203 202 202 202 200 200 199 198 198 198 198 200 200 200 198 195 192 191 190 189 188 188 186 185 184 181 181 181 178 177 177 176 173 164 160 161 157 153 153 150 143 144 156 160 152 145 154 149 143 140 153 153 146 151 171 184 191 182 168 154 148 151 148 145 156 164
198 198 199 199 200 199 199 199 199 199 200 200 200 201 201 200 200 200 200 201 201 201 202 202 202 203 203 202 201 201 200 200 200 200 199 198 198 197 197 199 200 199 198 195 192 191 189 188 187 187 186 184 184 182 179 176 174 172 170 166 167 168 166 162 159 159 154 150 145 147 153 157 148 139 146 141 134 140 153 150 139 148 166 180 190 180 170 154 143 139 136 143 158 169
