3_data_analyses/maxent/chelseacur_asc/bio_4.asc
ncols         195
nrows         278
xllcorner     -122.86680578405
yllcorner     43.49152724385
cellsize      0.0083333333
NODATA_value  -9999
[rows 190 to 227 of 278, columns 0 to 83 of 195]
5191 5204 5219 5231 5238 5258 5262 5254 5260 5276 5278 5284 5292 5296 5292 5300 5308 5295 5315 5339 5351 5359 5378 5398 5395 5387 5396 5395 5402 5409 5402 5413 5405 5396 5411 5430 5449 5482 5502 5483 5475 5506 5530 5529 5537 5536 5534 5546 5550 5561 5590 5588 5600 5615 5605 5616 5629 5617 5636 5608 5615 5612 5603 5616 5647 5681 5705 5710 5710 5729 5771 5811 5839 5827 5845 5853 5834 5830 5820 5815 5814 5810 5836 5859
5193 5212 5226 5239 5251 5261 5261 5264 5265 5275 5294 5304 5308 5306 5307 5317 5325 5321 5307 5322 5342 5358 5364 5388 5399 5396 5401 5395 5388 5389 5385 5388 5393 5404 5430 5449 5467 5478 5520 5495 5481 5495 5530 5565 5560 5568 5544 5561 5595 5583 5588 5613 5616 5611 5608 5605 5605 5582 5595 5594 5585 5624 5661 5677 5662 5674 5717 5755 5734 5768 5792 5815 5845 5850 5835 5818 5799 5797 5798 5765 5756 5759 5787 5804
5195 5211 5229 5244 5255 5261 5269 5271 5282 5292 5303 5302 5309 5314 5311 5331 5344 5339 5338 5347 5366 5363 5373 5375 5385 5385 5389 5394 5393 5394 5396 5391 5396 5409 5439 5463 5492 5509 5529 5517 5500 5510 5526 5568 5590 5576 5583 5592 5614 5607 5621 5623 5616 5641 5642 5663 5647 5625 5604 5608 5595 5618 5670 5712 5730 5718 5720 5768 5768 5759 5774 5805 5856 5835 5814 5794 5803 5824 5820 5796 5783 5806 5796 5784
5201 5223 5236 5248 5255 5259 5267 5276 5292 5301 5306 5317 5325 5329 5337 5345 5352 5349 5364 5378 5386 5391 5395 5397 5397 5397 5384 5375 5376 5387 5405 5425 5428 5427 5439 5463 5489 5518 5542 5538 5509 5529 5561 5562 5597 5604 5608 5617 5620 5611 5605 5610 5639 5667 5667 5654 5640 5620 5617 5662 5656 5672 5671 5711 5756 5744 5747 5788 5771 5800 5783 5811 5860 5845 5812 5823 5849 5862 5862 5834 5856 5873 5870 5840
5207 5229 5242 5251 5260 5270 5282 5291 5296 5298 5309 5317 5328 5336 5346 5355 5362 5369 5376 5389 5388 5395 5403 5403 5412 5410 5402 5400 5402 5409 5431 5444 5463 5443 5440 5466 5475 5507 5540 5561 5538 5550 5569 5598 5609 5596 5599 5602 5597 5601 5619 5651 5670 5662 5643 5623 5623 5604 5623 5657 5695 5730 5719 5744 5767 5771 5792 5779 5790 5825 5822 5852 5854 5846 5837 5862 5883 5894 5906 5908 5913 5918 5915 5905
5216 5236 5241 5250 5253 5264 5276 5281 5292 5299 5295 5303 5318 5330 5339 5353 5367 5368 5379 5381 5383 5386 5389 5396 5401 5411 5406 5414 5433 5440 5455 5477 5485 5463 5468 5486 5504 5518 5535 5568 5575 5580 5599 5595 5597 5609 5603 5609 5624 5635 5657 5654 5646 5662 5653 5641 5663 5631 5661 5699 5685 5720 5752 5747 5792 5781 5781 5818 5834 5837 5853 5844 5825 5833 5857 5891 5912 5922 5929 5939 5945 5950 5946 5953
5226 5238 5247 5251 5259 5265 5274 5282 5288 5290 5284 5285 5300 5309 5325 5341 5350 5346 5362 5372 5373 5368 5378 5381 5394 5397 5405 5426 5450 5463 5466 5487 5508 5500 5489 5485 5511 5541 5554 5561 5586 5596 5586 5593 5622 5615 5631 5643 5647 5643 5649 5660 5670 5664 5658 5654 5685 5668 5701 5723 5721 5717 5757 5780 5805 5803 5814 5810 5812 5847 5860 5865 5873 5879 5890 5911 5920 5923 5930 5935 5950 5955 5960 5971
5228 5229 5242 5250 5257 5264 5271 5278 5290 5300 5297 5297 5294 5291 5310 5327 5330 5332 5335 5339 5354 5364 5367 5375 5383 5388 5404 5429 5461 5483 5487 5492 5512 5524 5513 5512 5528 5540 5571 5592 5593 5591 5606 5619 5608 5627 5628 5628 5614 5619 5623 5637 5659 5672 5668 5665 5691 5716 5728 5743 5760 5758 5779 5800 5796 5778 5805 5826 5838 5863 5873 5881 5889 5898 5906 5911 5909 5907 5897 5900 5927 5951 5961 5967
5218 5217 5222 5236 5249 5255 5246 5251 5267 5277 5293 5295 5290 5294 5298 5315 5323 5316 5315 5331 5349 5377 5383 5386 5396 5404 5410 5434 5461 5482 5500 5514 5516 5538 5544 5547 5557 5570 5578 5598 5603 5606 5597 5593 5586 5595 5602 5603 5626 5623 5606 5609 5620 5663 5669 5662 5654 5696 5731 5761 5788 5803 5809 5817 5818 5831 5844 5855 5859 5867 5874 5873 5887 5899 5900 5888 5891 5876 5841 5863 5904 5933 5946 5944
5211 5216 5220 5233 5239 5244 5235 5237 5245 5260 5271 5279 5284 5292 5296 5300 5309 5324 5342 5363 5384 5394 5399 5400 5416 5424 5424 5439 5457 5483 5513 5525 5543 5552 5566 5578 5576 5585 5591 5604 5593 5576 5570 5578 5597 5624 5617 5634 5653 5651 5646 5637 5624 5643 5637 5656 5687 5712 5744 5781 5799 5793 5802 5821 5830 5837 5842 5840 5828 5834 5837 5854 5872 5899 5902 5877 5884 5869 5852 5862 5866 5859 5892 5901
5207 5223 5232 5239 5255 5266 5268 5261 5268 5271 5279 5290 5301 5302 5307 5308 5319 5338 5356 5376 5403 5411 5410 5413 5435 5449 5443 5466 5478 5499 5526 5536 5543 5547 5560 5568 5586 5596 5592 5601 5604 5596 5615 5622 5635 5645 5650 5662 5641 5626 5645 5661 5651 5657 5655 5689 5715 5738 5768 5789 5778 5761 5767 5782 5800 5798 5802 5809 5795 5773 5761 5786 5834 5878 5904 5897 5893 5883 5869 5853 5825 5800 5813 5814
5222 5237 5245 5259 5268 5277 5285 5291 5295 5291 5301 5308 5305 5307 5308 5311 5332 5346 5363 5368 5388 5426 5436 5434 5437 5464 5473 5487 5505 5523 5533 5535 5537 5533 5535 5551 5573 5574 5593 5612 5626 5632 5634 5646 5655 5660 5672 5675 5657 5657 5674 5684 5681 5674 5704 5723 5741 5762 5787 5770 5744 5741 5743 5734 5738 5761 5774 5761 5776 5773 5748 5787 5820 5858 5890 5893 5880 5863 5842 5834 5830 5812 5793 5789
5223 5238 5254 5267 5278 5285 5296 5305 5309 5312 5315 5308 5310 5310 5315 5326 5334 5351 5376 5380 5385 5412 5442 5450 5452 5462 5492 5505 5522 5527 5522 5536 5527 5519 5517 5540 5568 5555 5571 5599 5623 5622 5615 5618 5625 5623 5659 5685 5699 5695 5702 5714 5713 5732 5754 5760 5756 5761 5772 5788 5780 5775 5770 5754 5790 5792 5761 5728 5741 5720 5729 5791 5823 5849 5881 5902 5908 5912 5908 5908 5896 5887 5870 5866
5221 5244 5261 5277 5285 5291 5294 5293 5294 5300 5303 5302 5302 5309 5330 5340 5349 5372 5399 5405 5398 5415 5446 5470 5478 5492 5503 5509 5516 5513 5520 5522 5529 5531 5509 5531 5562 5562 5569 5602 5606 5605 5627 5620 5603 5601 5619 5658 5690 5713 5720 5728 5740 5752 5757 5745 5744 5727 5724 5763 5794 5799 5793 5797 5807 5778 5748 5706 5704 5709 5722 5762 5770 5810 5851 5902 5909 5869 5864 5876 5895 5913 5918 5906
5231 5251 5271 5278 5281 5282 5277 5276 5280 5285 5288 5299 5315 5321 5341 5369 5369 5390 5414 5426 5434 5453 5469 5475 5480 5480 5488 5488 5492 5492 5506 5503 5505 5524 5523 5520 5545 5542 5571 5597 5586 5588 5616 5634 5640 5629 5601 5637 5672 5692 5703 5720 5734 5730 5741 5762 5753 5740 5746 5736 5755 5790 5813 5806 5801 5783 5755 5723 5706 5706 5700 5721 5762 5809 5859 5898 5922 5905 5884 5849 5824 5843 5872 5911
5247 5263 5269 5274 5282 5280 5278 5284 5291 5294 5304 5321 5340 5348 5367 5387 5400 5411 5428 5442 5451 5454 5457 5465 5467 5482 5483 5491 5494 5498 5497 5488 5489 5510 5510 5502 5520 5529 5566 5592 5578 5590 5620 5622 5633 5651 5635 5619 5662 5684 5684 5696 5727 5732 5723 5733 5749 5767 5767 5758 5752 5774 5786 5818 5822 5797 5764 5776 5757 5723 5731 5752 5774 5810 5846 5887 5929 5891 5895 5886 5845 5813 5809 5848
5256 5260 5262 5267 5269 5280 5292 5298 5312 5311 5326 5343 5368 5379 5394 5409 5420 5426 5430 5430 5421 5432 5440 5445 5441 5459 5456 5470 5472 5484 5494 5490 5484 5481 5480 5488 5500 5522 5564 5585 5565 5587 5602 5608 5617 5650 5631 5638 5645 5673 5671 5695 5722 5742 5725 5705 5715 5740 5777 5769 5756 5750 5764 5776 5822 5823 5811 5808 5787 5777 5761 5770 5788 5816 5857 5895 5933 5905 5866 5878 5884 5876 5860 5828
5253 5256 5266 5272 5280 5292 5307 5312 5326 5340 5352 5366 5379 5392 5401 5410 5414 5412 5416 5423 5414 5404 5406 5403 5418 5436 5439 5442 5453 5475 5486 5482 5474 5445 5462 5477 5487 5528 5537 5559 5556 5548 5574 5587 5610 5643 5642 5618 5628 5644 5676 5710 5723 5728 5741 5721 5718 5751 5773 5773 5762 5759 5752 5783 5821 5812 5807 5806 5801 5781 5785 5804 5818 5838 5867 5892 5933 5906 5866 5834 5820 5818 5852 5856
5258 5268 5279 5286 5301 5312 5322 5330 5343 5358 5365 5371 5380 5385 5386 5377 5393 5393 5402 5410 5416 5409 5396 5386 5408 5409 5412 5418 5436 5456 5460 5463 5458 5443 5471 5516 5519 5519 5541 5551 5548 5536 5541 5574 5612 5623 5639 5620 5638 5674 5697 5713 5703 5718 5745 5743 5728 5750 5757 5764 5773 5750 5763 5808 5808 5784 5803 5791 5785 5790 5787 5803 5813 5832 5858 5891 5921 5927 5880 5851 5788 5781 5819 5804
5266 5275 5283 5296 5308 5317 5326 5338 5349 5359 5362 5366 5368 5373 5380 5367 5375 5378 5382 5386 5390 5393 5385 5389 5393 5390 5398 5398 5415 5427 5438 5450 5483 5490 5490 5529 5554 5560 5576 5573 5570 5555 5554 5565 5581 5606 5618 5622 5644 5673 5687 5689 5697 5715 5735 5736 5739 5736 5741 5740 5746 5746 5768 5815 5799 5771 5770 5773 5779 5776 5766 5776 5774 5805 5863 5892 5915 5936 5904 5866 5823 5792 5785 5782
5268 5279 5291 5299 5302 5313 5327 5328 5341 5353 5357 5365 5360 5356 5356 5366 5363 5360 5358 5367 5373 5387 5391 5402 5424 5424 5406 5412 5419 5434 5458 5479 5501 5527 5527 5533 5565 5573 5577 5586 5591 5588 5588 5590 5587 5581 5587 5601 5639 5665 5672 5664 5672 5695 5718 5724 5711 5713 5715 5747 5764 5780 5793 5818 5806 5791 5762 5776 5794 5800 5779 5767 5758 5802 5849 5878 5906 5937 5918 5894 5880 5851 5849 5837
5252 5264 5278 5296 5300 5302 5305 5313 5332 5341 5350 5357 5356 5351 5348 5344 5354 5352 5348 5363 5379 5400 5413 5425 5447 5446 5433 5457 5448 5461 5491 5495 5510 5538 5551 5571 5572 5563 5564 5571 5578 5576 5580 5569 5580 5560 5578 5608 5636 5639 5651 5645 5660 5663 5682 5698 5707 5696 5701 5746 5759 5780 5789 5798 5817 5823 5816 5815 5805 5789 5775 5775 5777 5812 5845 5874 5896 5927 5945 5929 5931 5916 5912 5906
5234 5254 5271 5286 5298 5301 5300 5303 5319 5327 5322 5335 5342 5344 5342 5342 5348 5368 5369 5382 5392 5404 5426 5442 5456 5468 5468 5478 5465 5467 5508 5520 5537 5553 5568 5571 5573 5575 5566 5556 5555 5544 5560 5559 5571 5567 5607 5632 5629 5626 5633 5659 5683 5690 5703 5722 5718 5716 5702 5731 5738 5745 5757 5784 5780 5795 5829 5803 5768 5760 5751 5742 5774 5804 5825 5852 5875 5907 5937 5958 5947 5937 5947 5947
5239 5249 5261 5276 5285 5296 5297 5299 5309 5316 5321 5329 5339 5341 5341 5355 5361 5386 5403 5409 5413 5414 5426 5447 5467 5480 5493 5489 5474 5485 5514 5542 5558 5562 5563 5567 5568 5557 5550 5554 5546 5564 5587 5608 5600 5584 5612 5643 5660 5657 5658 5682 5708 5726 5736 5722 5706 5694 5701 5720 5737 5717 5746 5765 5755 5757 5807 5825 5806 5786 5747 5724 5766 5761 5802 5834 5861 5895 5928 5940 5962 5963 5929 5910
5242 5251 5268 5269 5279 5287 5290 5295 5306 5312 5327 5346 5345 5345 5360 5371 5372 5383 5412 5428 5426 5423 5439 5453 5473 5495 5503 5490 5499 5514 5540 5551 5552 5544 5548 5557 5552 5552 5549 5550 5572 5599 5601 5626 5632 5626 5606 5625 5660 5696 5693 5714 5731 5730 5708 5701 5705 5695 5725 5743 5758 5732 5729 5735 5731 5773 5801 5825 5805 5794 5769 5735 5723 5757 5818 5845 5864 5887 5914 5907 5916 5950 5971 5967
5258 5264 5279 5284 5291 5299 5295 5310 5327 5332 5345 5360 5363 5367 5374 5380 5377 5389 5419 5442 5445 5442 5458 5464 5480 5502 5517 5525 5532 5540 5531 5534 5523 5534 5548 5547 5538 5547 5540 5562 5592 5613 5632 5645 5651 5613 5611 5631 5663 5698 5724 5722 5709 5707 5699 5675 5700 5736 5753 5759 5772 5759 5760 5751 5735 5752 5764 5804 5799 5805 5811 5778 5730 5748 5792 5837 5866 5877 5876 5852 5893 5945 5974 5986
5270 5276 5281 5298 5297 5294 5301 5320 5338 5352 5362 5368 5359 5359 5364 5373 5390 5416 5438 5453 5459 5472 5488 5493 5501 5500 5498 5489 5507 5506 5509 5524 5530 5552 5538 5536 5562 5584 5582 5580 5613 5603 5628 5666 5666 5636 5644 5658 5687 5722 5713 5700 5704 5710 5690 5701 5724 5735 5750 5788 5790 5776 5783 5786 5787 5778 5766 5791 5772 5753 5772 5800 5765 5733 5769 5826 5840 5813 5806 5844 5900 5948 5978 5982
5278 5287 5296 5302 5299 5316 5326 5338 5347 5349 5346 5349 5357 5368 5386 5402 5416 5428 5447 5463 5476 5478 5482 5471 5475 5475 5491 5503 5522 5528 5528 5543 5552 5551 5543 5557 5587 5606 5602 5608 5626 5623 5626 5653 5687 5667 5671 5696 5721 5711 5704 5723 5735 5703 5698 5729 5756 5777 5787 5797 5793 5799 5793 5790 5793 5762 5750 5774 5735 5727 5752 5781 5778 5735 5781 5829 5788 5812 5854 5879 5916 5961 5986 5971
5271 5276 5293 5310 5320 5325 5326 5323 5325 5336 5349 5364 5375 5391 5406 5426 5439 5450 5462 5469 5475 5478 5473 5461 5466 5477 5508 5531 5545 5551 5549 5555 5553 5563 5562 5576 5594 5615 5624 5622 5634 5653 5666 5684 5701 5706 5714 5720 5733 5735 5740 5749 5753 5752 5755 5773 5779 5791 5781 5801 5803 5777 5769 5768 5763 5746 5749 5764 5752 5740 5730 5747 5745 5751 5795 5784 5806 5865 5876 5905 5932 5957 5988 5975
5274 5283 5295 5306 5318 5320 5320 5339 5340 5359 5380 5394 5401 5417 5429 5435 5438 5445 5450 5463 5468 5482 5493 5503 5504 5507 5518 5544 5548 5545 5548 5554 5567 5583 5596 5612 5630 5639 5642 5641 5645 5677 5686 5679 5673 5680 5697 5707 5717 5720 5743 5728 5755 5759 5765 5784 5779 5762 5751 5768 5796 5809 5805 5797 5776 5753 5727 5742 5734 5743 5756 5758 5745 5765 5763 5797 5812 5834 5803 5856 5905 5951 5985 5995
5302 5306 5311 5323 5329 5336 5344 5354 5368 5383 5393 5407 5418 5425 5425 5422 5425 5432 5445 5465 5481 5499 5517 5526 5535 5541 5553 5559 5560 5562 5567 5589 5603 5608 5622 5632 5635 5643 5655 5667 5682 5683 5666 5649 5644 5658 5678 5690 5689 5714 5735 5716 5733 5731 5754 5768 5778 5766 5740 5727 5761 5811 5798 5779 5768 5750 5723 5720 5734 5766 5775 5784 5786 5792 5768 5778 5797 5807 5838 5883 5919 5954 5979 5969
5303 5314 5322 5333 5342 5352 5361 5368 5385 5387 5400 5408 5409 5412 5419 5428 5442 5452 5461 5478 5498 5510 5515 5515 5519 5530 5531 5548 5567 5578 5581 5587 5597 5604 5617 5621 5626 5633 5642 5652 5667 5677 5685 5689 5690 5701 5709 5700 5705 5700 5716 5713 5702 5709 5748 5757 5746 5744 5738 5719 5762 5805 5805 5798 5786 5758 5738 5750 5769 5794 5789 5805 5812 5807 5796 5795 5786 5813 5829 5843 5883 5917 5965 5975
5307 5317 5323 5335 5343 5353 5368 5373 5376 5387 5400 5411 5421 5430 5439 5455 5463 5474 5482 5494 5494 5490 5487 5488 5490 5504 5510 5533 5539 5554 5549 5569 5577 5590 5610 5609 5614 5623 5639 5638 5647 5658 5671 5671 5679 5698 5719 5724 5723 5710 5700 5693 5681 5699 5733 5743 5719 5696 5695 5729 5769 5805 5794 5779 5777 5779 5771 5774 5797 5814 5817 5833 5834 5799 5789 5799 5823 5851 5862 5852 5865 5913 5934 5949
5309 5319 5331 5339 5347 5355 5367 5379 5389 5403 5413 5421 5429 5438 5451 5455 5462 5466 5474 5476 5472 5473 5481 5487 5486 5484 5499 5513 5520 5520 5526 5546 5563 5580 5583 5584 5594 5616 5625 5620 5619 5641 5653 5634 5664 5697 5710 5720 5716 5730 5732 5728 5708 5693 5688 5692 5677 5696 5725 5760 5787 5783 5763 5760 5786 5778 5771 5802 5820 5828 5842 5845 5853 5850 5851 5866 5877 5867 5887 5876 5846 5881 5877 5916
5311 5321 5333 5344 5355 5362 5371 5375 5379 5388 5411 5418 5421 5432 5445 5462 5466 5462 5465 5466 5470 5494 5502 5508 5503 5497 5500 5488 5499 5501 5509 5531 5546 5560 5566 5569 5589 5605 5607 5608 5610 5606 5623 5611 5641 5681 5693 5715 5720 5711 5735 5727 5720 5693 5659 5660 5666 5692 5718 5739 5741 5745 5753 5776 5802 5790 5776 5799 5835 5847 5854 5849 5851 5850 5852 5840 5828 5816 5869 5887 5837 5827 5876 5931
5315 5324 5329 5347 5357 5367 5376 5378 5384 5401 5410 5404 5392 5400 5418 5441 5454 5471 5489 5498 5496 5513 5520 5526 5520 5513 5491 5506 5519 5530 5546 5551 5550 5544 5536 5544 5572 5598 5601 5598 5602 5599 5598 5603 5620 5655 5687 5711 5726 5714 5710 5698 5695 5669 5685 5701 5720 5735 5728 5724 5743 5776 5782 5789 5812 5804 5798 5824 5845 5853 5849 5843 5837 5824 5823 5818 5806 5811 5848 5881 5853 5830 5891 5927
5316 5323 5330 5348 5358 5372 5381 5392 5403 5409 5417 5419 5417 5422 5426 5424 5428 5439 5456 5489 5515 5518 5517 5529 5536 5533 5519 5530 5534 5551 5571 5570 5556 5557 5551 5552 5557 5578 5598 5593 5588 5584 5584 5583 5596 5640 5682 5699 5720 5713 5707 5684 5657 5675 5706 5726 5733 5753 5764 5759 5790 5810 5819 5821 5821 5825 5839 5843 5850 5854 5855 5856 5850 5830 5811 5801 5797 5810 5831 5860 5843 5840 5899 5905
5316 5322 5327 5344 5360 5374 5382 5392 5401 5414 5428 5440 5443 5452 5462 5465 5461 5450 5457 5490 5506 5527 5540 5545 5549 5548 5546 5552 5555 5564 5583 5579 5577 5577 5587 5588 5595 5604 5609 5600 5585 5574 5571 5581 5617 5647 5668 5672 5696 5683 5675 5675 5654 5683 5708 5732 5757 5767 5788 5799 5812 5802 5803 5813 5820 5829 5834 5840 5849 5844 5844 5852 5857 5862 5855 5848 5840 5826 5812 5840 5816 5852 5886 5858
