3_data_analyses/maxent/chelseacur_asc/bio_17.asc
ncols         195
nrows         278
xllcorner     -122.86680578405
yllcorner     43.49152724385
cellsize      0.0083333333
NODATA_value  -9999
[rows 54 to 107 of 278, columns 0 to 95 of 195]
45 45 48 53 53 53 53 53 56 61 61 63 64 64 66 66 67 67 69 69 67 61 54 53 59 64 64 61 56 53 54 59 62 62 62 62 65 70 73 76 78 78 80 78 70 64 65 68 73 78 81 82 82 81 76 71 71 71 76 81 84 87 90 95 95 98 101 104 106 107 109 109 109 109 109 111 112 114 114 115 115 117 117 119 114 109 106 111 116 119 120 119 119 119 122 124
45 47 51 53 53 53 50 50 53 56 59 61 64 64 64 64 64 64 67 72 72 67 59 54 53 56 56 56 58 61 64 67 67 64 62 64 67 68 70 73 78 80 78 75 67 65 70 73 76 76 78 79 79 81 79 74 70 68 71 79 82 84 87 90 93 98 101 104 106 106 107 107 107 107 109 109 109 112 112 114 114 115 117 117 112 104 103 109 117 119 122 122 119 119 122 124
48 53 56 56 53 51 48 48 50 53 56 58 61 61 59 58 58 59 62 67 72 70 64 56 51 51 54 59 65 69 72 72 69 64 64 67 70 67 67 68 73 76 75 70 67 70 76 81 81 78 76 73 76 79 82 78 71 68 71 76 81 82 87 90 92 95 101 104 106 106 104 106 106 107 107 107 109 109 109 112 112 111 112 111 106 103 103 109 114 119 122 122 122 122 122 122
56 59 56 54 51 48 48 46 46 48 51 53 56 56 53 53 53 53 56 61 67 70 66 56 51 53 59 65 67 70 70 67 67 64 64 67 70 70 65 65 68 70 68 65 67 75 83 86 84 81 78 73 73 76 84 82 74 68 68 74 79 82 85 90 93 96 101 103 103 101 101 103 106 109 107 106 104 104 106 106 106 106 109 109 109 109 109 114 117 119 120 122 122 122 122 122
61 56 53 48 46 46 45 45 45 45 48 51 53 53 53 53 51 53 53 56 62 67 64 56 51 54 62 62 62 62 62 62 60 62 62 67 70 72 72 70 73 70 65 62 70 78 86 89 87 84 81 76 71 73 82 87 79 70 66 71 76 82 85 90 95 98 101 101 101 101 98 101 104 106 106 104 101 101 101 104 106 109 109 112 114 115 115 115 117 117 120 120 122 122 122 122
56 48 45 43 43 43 43 43 45 45 46 48 51 51 51 51 51 51 53 54 59 62 61 53 51 54 56 56 54 54 54 54 57 59 64 68 72 75 76 78 78 73 65 65 71 81 86 87 87 84 81 76 71 71 79 87 84 76 68 68 73 79 84 89 95 98 101 103 101 101 98 98 101 104 106 106 104 104 104 107 109 112 112 114 115 117 117 115 115 117 117 117 120 120 122 122
48 45 43 42 42 43 43 43 43 45 45 48 48 48 50 50 48 51 51 51 54 56 56 51 51 53 54 54 56 56 56 57 60 65 70 72 73 75 78 78 78 75 70 70 76 79 81 84 84 81 81 76 70 68 73 82 85 82 76 68 68 74 82 87 93 98 101 103 104 101 101 98 98 101 106 106 106 107 109 109 112 112 112 112 114 114 112 109 109 112 112 114 114 117 119 120
45 45 43 42 42 42 43 43 43 45 45 46 48 48 48 51 48 48 51 51 53 53 53 51 53 54 56 59 61 62 64 65 67 72 73 75 75 75 75 78 78 78 78 78 79 78 76 76 81 81 81 76 70 68 71 76 82 87 84 76 71 74 77 84 90 98 101 101 104 104 101 98 96 98 103 104 107 107 109 109 109 112 112 109 106 104 101 101 106 109 112 114 114 114 114 114
45 45 43 42 42 42 43 43 45 46 48 48 48 48 51 51 51 48 51 54 54 54 54 54 56 59 61 62 64 64 67 70 72 73 75 75 76 75 75 76 78 81 81 81 81 75 70 73 81 84 81 79 73 73 76 79 79 84 87 87 82 79 77 79 87 93 98 101 103 104 103 98 95 96 99 101 104 106 106 107 107 109 107 104 101 98 95 98 107 112 117 117 117 114 109 106
45 43 42 40 42 43 43 45 46 48 48 48 48 48 51 51 51 51 53 56 57 56 56 56 61 64 64 64 62 64 65 69 72 73 75 76 76 75 75 76 78 81 81 79 78 76 75 78 84 86 87 84 84 84 84 84 81 79 84 90 90 87 82 84 85 90 93 98 101 104 101 98 96 96 98 98 101 101 104 104 106 106 106 104 104 103 101 106 111 114 117 120 120 117 111 101
45 43 42 42 43 43 45 46 48 48 49 49 48 48 48 48 48 51 54 57 59 59 59 59 62 64 65 65 64 64 67 70 73 75 75 76 78 78 78 79 81 81 81 81 81 81 81 84 87 89 90 92 92 90 90 89 84 76 76 87 93 93 92 92 90 84 85 93 98 101 101 98 98 98 99 99 101 101 104 106 107 109 109 109 109 109 109 111 112 112 114 117 117 120 117 107
43 43 43 43 45 46 48 48 48 48 49 51 51 48 48 48 49 51 54 59 59 59 59 59 62 64 65 67 67 67 70 73 75 78 78 78 78 78 78 81 81 81 81 81 81 84 84 87 89 92 92 93 92 92 90 87 82 74 73 79 90 95 95 95 92 85 82 85 93 101 101 101 99 101 101 101 101 101 104 107 107 109 109 109 110 112 112 112 112 112 112 112 115 117 117 115
46 48 48 48 48 48 48 48 48 48 49 51 51 49 48 48 51 51 54 57 59 59 59 59 59 62 64 67 70 70 70 75 78 78 78 78 75 73 75 78 78 79 81 81 81 81 84 87 90 92 93 93 92 90 87 82 79 74 71 74 82 90 95 95 95 90 85 79 84 93 98 98 98 101 101 101 101 104 104 106 107 107 107 109 109 112 112 112 112 112 112 112 112 114 117 117
51 51 51 50 48 48 48 48 49 49 51 51 51 49 48 49 51 53 54 56 59 59 59 59 59 59 64 67 70 70 70 73 76 78 78 75 70 65 65 70 73 78 81 81 81 81 84 87 90 92 93 93 92 87 84 79 76 74 71 68 73 84 93 95 95 93 87 79 80 88 93 90 90 93 95 96 99 101 104 106 107 107 107 107 109 109 112 112 112 112 112 112 112 112 114 115
53 53 51 51 51 51 51 51 51 51 51 51 49 48 49 51 54 56 56 57 59 59 59 59 59 62 62 65 67 67 70 70 72 73 73 70 65 60 62 68 75 79 81 81 81 82 84 87 90 92 92 92 90 85 79 76 74 71 68 65 68 79 88 90 90 90 90 87 88 90 93 87 80 79 85 93 99 101 104 104 106 106 107 107 107 109 109 112 112 112 112 109 109 107 109 109
53 53 53 51 51 51 51 51 51 51 51 51 49 49 51 54 56 57 59 59 59 59 62 62 62 64 64 62 64 64 65 67 67 67 67 67 65 65 68 73 79 81 84 84 84 84 84 87 87 90 90 90 87 82 79 74 71 69 66 63 66 74 82 85 88 90 93 93 95 96 96 93 85 77 80 90 99 102 104 104 104 106 106 107 107 109 109 109 109 107 104 101 101 101 101 107
51 51 51 51 51 51 51 51 51 51 51 51 51 51 51 54 57 57 59 59 59 59 62 62 64 65 64 64 62 62 64 65 65 65 67 68 70 73 75 78 81 81 81 84 84 84 84 84 87 87 87 87 87 82 79 77 74 71 68 66 69 74 77 82 88 91 93 96 96 98 99 99 93 87 80 82 91 101 104 104 104 104 104 106 107 107 107 107 106 101 98 98 98 101 104 109
51 51 51 51 51 51 51 51 51 51 51 51 51 51 51 54 57 57 57 57 59 59 62 62 64 64 65 64 62 62 64 65 65 67 70 73 76 78 78 76 76 78 79 81 84 84 84 84 84 87 87 87 84 81 79 79 77 74 71 71 74 77 79 82 88 91 93 96 96 98 98 99 99 96 88 79 82 93 101 104 101 101 102 104 104 104 104 104 101 101 101 103 104 106 109 112
51 51 51 51 51 51 51 51 51 51 53 51 51 51 51 56 57 57 57 59 59 59 62 62 62 64 64 64 64 64 65 65 65 67 70 73 75 73 73 70 70 76 79 81 82 84 84 82 82 84 84 82 79 79 79 79 77 76 77 79 79 82 85 85 88 91 93 93 96 96 99 99 101 101 98 85 76 80 93 96 96 90 90 96 101 104 101 101 101 104 104 104 106 106 107 106
51 51 51 51 51 51 51 51 51 54 54 51 51 51 51 54 56 57 57 59 59 59 62 62 62 64 65 65 65 65 65 65 65 67 68 70 73 70 68 67 70 76 81 81 81 82 81 78 76 79 81 79 76 79 76 74 74 79 82 84 87 88 90 90 93 95 96 96 95 96 99 101 101 101 99 88 74 68 76 82 82 77 76 85 98 104 104 104 104 104 104 104 104 101 98 93
51 51 51 51 51 51 51 51 52 52 51 51 49 51 51 54 56 57 57 59 59 59 62 62 62 65 65 65 65 65 65 65 67 67 68 70 70 73 70 70 71 76 81 84 84 81 76 71 70 71 74 76 79 79 76 71 74 79 84 87 90 93 95 96 96 98 99 98 96 96 99 101 102 102 98 85 74 71 74 79 85 85 77 76 90 101 104 104 101 104 104 102 98 90 82 74
51 51 51 51 51 51 51 51 51 51 51 51 51 51 54 54 57 57 57 59 59 60 62 62 65 65 65 65 65 65 67 67 67 67 68 68 70 71 73 71 71 73 78 81 82 79 71 65 65 68 73 76 79 81 79 79 79 84 87 90 93 96 98 99 99 101 101 101 95 93 99 104 104 101 93 82 82 85 87 90 95 96 85 71 79 93 98 96 93 95 98 93 82 74 68 66
51 51 51 51 51 51 51 51 51 51 49 49 51 54 54 54 57 59 59 59 59 62 62 62 65 65 65 65 65 65 67 68 68 68 68 68 68 70 71 73 71 73 76 79 79 76 71 70 71 74 79 81 82 82 84 87 87 90 93 95 96 98 101 101 101 101 101 101 95 93 98 104 104 98 88 82 90 96 96 95 96 98 90 74 68 74 82 82 77 79 82 79 71 71 74 79
51 51 51 51 51 51 51 51 51 49 49 51 54 56 56 54 57 57 59 59 60 62 62 62 65 65 65 65 65 67 67 68 68 70 70 70 70 70 70 73 73 76 76 78 79 79 78 79 81 82 84 84 85 87 87 90 92 93 96 98 98 101 101 101 101 101 104 101 96 93 99 104 104 93 84 85 96 101 98 90 90 96 93 79 65 60 68 76 77 71 68 71 79 87 93 98
51 51 51 51 51 51 51 49 49 49 51 54 57 57 56 54 54 57 59 59 60 62 62 65 65 65 65 65 67 68 68 70 70 70 70 71 71 70 71 73 78 79 79 79 81 82 84 84 85 87 87 87 90 90 90 92 93 96 98 98 101 101 101 101 104 104 104 104 101 98 101 104 98 87 82 90 101 104 98 87 84 93 96 85 66 60 68 84 90 79 68 68 81 92 98 103
51 51 51 51 51 49 49 49 49 49 52 56 57 57 57 54 54 57 57 59 60 62 62 65 65 65 65 65 65 68 70 70 70 71 71 73 73 73 73 76 79 81 81 81 81 84 84 87 87 90 90 92 92 92 92 93 95 98 98 101 101 103 104 104 104 104 106 106 104 103 101 98 90 82 87 98 104 104 95 82 82 90 93 82 65 60 71 90 98 90 74 66 68 76 87 98
49 51 51 51 49 49 49 49 49 51 54 57 57 57 57 57 57 57 57 59 60 62 62 62 62 62 62 62 63 65 68 70 73 73 73 73 73 73 73 73 78 81 82 84 84 84 87 89 90 90 92 93 93 93 93 93 95 96 98 101 101 104 104 104 104 106 107 107 107 104 98 87 80 82 93 101 106 104 93 82 84 90 87 71 58 60 74 93 101 95 82 72 66 63 69 85
49 49 49 49 49 49 49 51 51 51 54 55 57 57 57 57 57 57 57 57 59 60 60 60 59 60 60 60 62 63 67 70 73 73 73 73 73 74 73 71 73 79 82 84 87 87 89 90 90 92 92 93 93 93 93 95 96 96 98 101 101 104 104 104 104 104 106 107 107 101 88 79 82 90 96 101 106 101 90 84 88 87 74 60 55 61 77 96 101 98 90 85 74 63 60 68
49 49 49 49 49 49 51 52 52 52 54 54 54 57 57 57 59 59 57 57 57 59 59 57 57 57 59 60 62 65 68 70 73 73 76 76 76 76 74 70 70 76 81 84 87 89 90 90 90 90 92 93 93 95 95 96 98 98 98 99 101 101 103 101 101 104 104 106 104 96 82 79 88 98 101 104 104 99 88 87 93 85 66 57 55 63 82 96 104 101 99 93 79 63 55 57
49 49 49 46 49 49 52 54 54 54 54 54 54 54 57 57 59 60 59 57 57 59 59 59 57 59 62 65 68 70 73 73 73 76 76 76 78 79 76 73 68 73 79 84 87 90 90 90 90 90 92 92 93 95 95 98 98 98 98 101 101 99 101 101 101 101 104 104 104 98 87 85 96 104 104 106 104 93 82 85 88 77 63 55 55 66 82 96 104 104 99 88 74 60 54 52
49 49 46 46 49 51 52 54 54 54 54 54 55 57 57 57 60 60 60 59 59 60 60 60 60 62 65 70 73 73 76 76 76 76 76 79 79 81 81 76 71 71 78 84 87 90 90 89 87 87 90 92 93 95 95 96 98 96 96 96 96 95 98 101 101 101 104 104 106 104 98 96 101 106 107 106 99 87 77 77 77 66 58 54 55 66 80 95 101 101 93 79 66 57 52 52
49 47 46 47 49 52 54 54 54 54 54 55 57 57 57 57 60 60 60 60 60 62 62 62 63 67 70 73 76 76 78 78 76 76 78 81 82 84 84 81 76 76 78 81 84 87 84 84 82 84 87 87 90 90 92 93 93 90 87 90 93 95 96 99 101 101 101 104 106 106 104 104 104 107 107 101 90 77 71 69 65 58 55 55 58 68 80 90 98 98 85 71 60 55 52 52
47 47 47 49 49 52 54 54 54 54 55 57 57 57 59 59 60 60 62 62 62 62 62 65 65 68 71 73 76 78 79 79 78 78 79 82 84 84 87 84 84 81 81 79 76 76 79 81 82 87 87 87 87 87 90 92 92 90 87 92 96 98 98 101 101 101 101 101 104 104 104 104 104 107 106 96 82 71 66 63 60 55 55 57 65 74 82 90 98 96 82 66 58 54 52 52
46 47 49 49 49 52 54 54 55 55 57 57 57 59 60 60 60 62 62 63 63 63 65 65 68 71 73 76 76 79 79 79 78 79 81 84 84 87 87 87 87 86 84 79 71 68 73 82 87 92 92 90 90 92 95 96 98 95 92 90 95 98 98 98 99 99 99 101 101 104 104 104 106 106 104 95 80 69 63 60 57 55 55 60 69 77 85 93 98 96 82 65 58 54 52 52
47 49 49 49 49 51 52 54 55 57 57 57 57 60 60 60 62 62 63 65 65 65 65 68 71 73 76 76 79 79 81 79 78 79 81 84 84 87 87 87 87 87 84 78 68 65 73 84 90 95 95 95 95 96 98 98 101 98 92 84 87 95 98 98 98 98 98 96 98 101 103 104 104 104 104 96 82 69 63 58 55 55 57 63 66 74 82 93 98 95 79 65 57 54 52 52
49 49 49 49 49 51 52 54 55 57 60 60 60 60 60 62 62 63 63 65 65 68 68 70 73 76 76 78 79 81 81 79 78 78 81 82 84 87 87 87 87 87 82 74 65 63 71 84 90 93 95 96 98 98 98 98 101 100 93 84 84 93 98 101 101 101 98 92 90 95 98 98 98 98 101 98 90 76 66 60 57 57 63 69 68 68 79 90 95 90 74 63 55 52 52 52
49 52 51 49 49 52 52 54 55 57 60 60 60 60 60 62 63 65 65 68 68 68 68 71 73 76 76 79 79 81 81 79 79 78 79 79 81 84 87 87 87 87 81 71 62 63 74 85 90 92 95 95 98 98 98 98 98 101 96 87 82 87 95 98 101 103 98 93 90 95 98 101 100 98 98 98 98 85 71 63 60 63 74 80 74 68 74 87 93 85 71 60 55 52 52 52
52 52 52 49 51 52 54 54 55 57 58 60 60 60 60 63 65 68 68 70 70 70 71 71 73 76 76 79 79 81 81 79 79 79 79 79 81 84 87 89 89 87 79 68 60 62 76 87 92 93 95 95 95 95 96 98 98 101 100 93 82 79 87 98 101 101 101 98 98 101 104 104 104 98 95 96 98 90 74 65 62 68 84 88 77 66 71 85 93 85 71 60 57 54 52 52
52 52 52 49 52 52 54 55 55 57 57 60 60 60 62 63 66 68 71 71 73 73 73 73 73 76 76 78 78 79 79 79 79 79 79 81 82 84 87 90 90 87 79 68 60 62 76 87 93 95 95 95 95 96 98 98 101 101 101 98 90 82 87 95 101 103 103 103 103 104 104 106 106 101 93 93 90 82 71 65 68 79 92 90 74 65 71 87 93 85 71 60 57 55 54 52
49 49 49 49 52 52 54 55 55 57 58 60 60 62 63 65 68 68 71 71 73 73 74 76 76 76 76 78 76 76 76 76 76 76 81 84 84 87 87 90 90 87 79 68 60 60 71 87 93 95 95 95 98 98 98 100 101 101 103 103 98 90 90 92 98 103 104 104 104 101 101 104 104 101 96 87 79 71 68 71 82 92 93 82 68 68 79 92 93 79 66 60 60 57 54 52
49 49 49 49 52 52 54 55 57 57 60 60 63 65 65 66 68 70 71 71 71 71 71 74 76 78 79 79 79 76 76 75 73 76 81 87 87 84 87 89 90 90 81 70 60 60 66 81 90 92 95 95 98 98 100 101 101 103 104 104 104 101 95 93 93 98 101 101 100 98 96 101 104 104 98 84 76 74 74 82 93 95 84 73 71 79 90 98 93 79 68 65 63 58 54 52
49 49 49 49 52 52 55 57 57 60 62 63 65 66 68 68 71 71 73 73 71 68 68 73 76 79 79 81 81 79 76 76 73 76 81 87 84 84 84 87 90 90 82 71 62 57 63 76 89 92 95 95 98 98 101 101 101 103 104 106 106 106 103 95 88 87 90 95 95 95 92 95 101 101 93 84 82 87 88 93 96 90 76 73 82 93 101 101 93 81 74 69 63 57 54 52
50 50 49 49 52 54 55 57 60 63 65 66 68 68 68 71 73 73 76 76 73 68 68 70 73 76 81 82 82 82 81 74 68 73 81 84 82 79 81 87 92 92 84 73 63 57 65 79 92 95 98 98 98 100 101 101 101 101 101 103 103 103 98 87 79 74 76 82 87 87 82 82 87 90 82 79 85 95 98 101 96 85 82 85 95 101 101 98 87 76 71 65 60 57 54 52
52 52 52 52 52 55 57 60 63 65 66 66 66 68 70 73 74 74 76 76 76 71 71 71 70 73 78 81 84 84 81 74 68 71 76 79 78 79 84 89 92 92 87 76 63 60 68 82 93 98 98 100 101 101 100 98 92 90 87 90 90 88 82 73 68 65 68 69 71 68 66 68 74 76 74 77 87 98 103 101 93 82 85 93 98 95 87 79 71 65 62 60 57 54 52 51
52 52 52 52 54 57 60 63 65 68 68 68 68 68 71 73 74 76 76 76 76 74 76 73 68 65 71 79 82 84 84 76 71 71 73 71 73 81 87 90 92 92 87 78 65 60 65 79 90 95 98 100 100 100 93 84 76 71 71 71 71 71 68 68 71 76 77 74 68 62 60 65 71 77 82 87 95 103 106 98 85 74 74 84 87 77 68 63 60 57 57 54 54 52 52 51
52 52 52 52 55 57 60 63 66 68 71 71 71 71 71 71 74 76 76 76 76 76 76 74 68 63 66 73 81 84 84 84 79 76 73 68 71 81 89 92 92 92 90 81 68 60 62 73 84 92 95 95 93 90 81 71 65 65 71 73 74 76 79 81 87 95 98 90 76 66 68 76 79 87 95 98 101 106 106 97 81 68 63 68 68 63 57 55 55 54 52 52 54 54 54 54
52 52 52 54 57 58 60 63 66 68 71 71 71 71 71 71 73 76 76 76 76 76 76 76 74 68 65 68 76 81 84 84 84 84 79 74 73 81 89 92 92 93 92 87 74 63 59 63 71 79 81 81 76 73 68 62 63 73 84 90 92 95 98 100 103 106 103 95 79 71 79 87 87 92 100 104 106 104 101 92 76 65 60 57 57 57 54 54 52 54 54 57 62 65 65 60
52 52 54 57 58 60 63 65 66 68 68 71 71 71 73 71 71 73 76 76 79 79 79 79 79 76 68 65 68 76 79 81 81 84 84 81 79 82 87 92 92 93 93 90 81 68 60 60 62 67 73 73 70 65 65 65 70 78 87 95 101 103 104 106 106 106 100 87 76 79 89 92 89 92 101 106 103 95 87 78 70 62 57 55 55 54 54 54 57 60 68 73 79 81 76 65
52 55 57 60 60 63 65 66 66 68 68 68 71 71 73 71 68 70 74 79 79 79 79 81 81 79 71 63 63 70 76 78 78 81 84 84 84 84 87 90 92 93 95 92 84 74 65 62 62 68 78 84 81 81 81 84 84 78 81 87 95 100 103 103 106 103 95 84 81 89 97 92 87 92 103 103 95 81 73 65 62 59 57 57 60 63 62 62 68 76 84 89 89 87 79 70
55 57 60 63 63 63 66 68 68 68 68 68 71 71 73 71 68 65 71 76 79 79 79 81 81 79 70 65 68 76 79 81 81 81 81 84 87 87 87 87 90 92 95 92 90 84 76 71 68 73 84 89 92 95 97 98 95 84 75 75 81 89 94 97 100 102 98 90 90 98 100 92 87 92 100 97 84 73 65 60 60 60 57 62 73 76 73 73 84 90 95 95 92 87 79 73
57 60 63 63 65 65 66 68 68 68 68 68 70 71 71 71 68 68 71 76 79 79 81 81 81 76 71 71 78 84 84 86 86 84 79 79 87 90 89 87 87 90 92 95 95 92 89 84 82 84 86 87 92 97 100 103 100 89 76 68 67 73 80 88 94 99 100 100 98 98 97 92 90 95 95 84 73 65 60 60 62 65 60 65 79 84 78 78 87 95 100 98 92 87 84 76
60 63 63 63 65 65 66 66 68 68 68 68 68 70 71 71 73 73 73 74 76 79 81 81 81 79 76 76 81 84 87 87 87 87 81 78 81 87 89 89 89 89 90 92 95 95 95 95 95 95 94 92 94 97 100 103 103 95 84 73 68 68 70 75 88 97 100 99 94 89 86 87 95 98 87 74 65 63 62 62 68 70 65 65 79 89 84 81 87 97 100 102 97 92 83 73
63 63 65 65 65 65 66 66 66 68 68 68 68 68 68 71 73 76 76 73 73 76 79 81 81 81 81 81 84 84 84 87 87 87 84 81 79 84 84 87 90 92 89 90 92 95 95 97 97 98 100 100 100 100 103 103 103 100 94 84 76 68 65 68 81 92 97 94 89 83 83 89 97 97 84 71 66 68 68 68 74 76 65 65 78 92 94 89 89 95 100 103 100 89 76 70
63 63 65 65 65 65 65 65 65 66 68 68 71 68 68 68 71 76 76 76 73 76 79 81 81 81 82 84 84 84 84 86 87 89 89 87 84 84 82 81 87 92 92 92 94 97 98 98 97 97 100 100 100 100 100 103 103 103 98 87 73 65 62 65 76 86 92 94 94 94 94 99 102 100 89 78 76 76 71 73 82 81 68 63 76 92 100 97 92 94 100 105 97 84 75 78
