3_data_analyses/maxent/chelseacur_asc/bio_4.asc
ncols         195
nrows         278
xllcorner     -122.86680578405
yllcorner     43.49152724385
cellsize      0.0083333333
NODATA_value  -9999
[rows 228 to 265 of 278, columns 84 to 167 of 195]
5878 5880 5863 5881 5919 5894 5904 5919 5954 5999 6021 5995 5987 5995 5995 5987 5987 5987 6004 6015 6021 6033 6041 6042 6043 6037 6020 6020 6034 6045 6066 6064 6063 6070 6071 6075 6091 6096 6107 6110 6113 6119 6126 6148 6160 6181 6202 6215 6220 6223 6231 6225 6211 6197 6169 6141 6128 6137 6177 6215 6244 6263 6281 6297 6315 6333 6347 6356 6356 6349 6360 6366 6372 6378 6394 6399 6401 6407 6407 6440 6449 6462 6471 6491
5880 5878 5873 5878 5907 5939 5992 6007 6027 6044 6042 6004 5977 5989 5984 5983 5978 5980 5989 6004 6008 6008 6031 6032 6035 6036 6037 6032 6041 6057 6074 6083 6079 6078 6079 6083 6096 6109 6116 6122 6129 6139 6143 6162 6166 6186 6203 6218 6224 6224 6229 6226 6212 6192 6169 6147 6149 6159 6180 6221 6255 6282 6298 6317 6329 6343 6353 6366 6374 6383 6391 6397 6401 6405 6409 6417 6425 6425 6406 6426 6451 6466 6478 6490
5968 5954 5951 5943 5976 6016 6051 6063 6068 6079 6085 6054 6008 5979 5983 5983 5981 5975 5972 5992 5999 5990 6014 6008 6012 6023 6027 6028 6045 6058 6079 6097 6094 6087 6084 6095 6105 6119 6129 6136 6141 6150 6161 6174 6185 6197 6212 6223 6232 6234 6238 6233 6221 6204 6187 6188 6177 6182 6201 6242 6272 6294 6316 6333 6342 6355 6365 6374 6387 6396 6404 6412 6418 6422 6426 6431 6442 6444 6429 6443 6456 6465 6486 6496
6020 6031 6034 6038 6043 6057 6044 6000 5996 6034 6088 6091 6048 5998 5978 5976 5976 5970 5966 5972 5979 5970 5986 5994 5988 6000 6017 6028 6043 6064 6086 6099 6104 6096 6095 6107 6115 6127 6137 6150 6154 6162 6178 6194 6203 6213 6227 6233 6239 6245 6247 6246 6243 6238 6232 6228 6219 6228 6237 6274 6296 6314 6326 6338 6348 6360 6370 6378 6388 6401 6407 6415 6422 6430 6434 6438 6446 6445 6439 6444 6458 6476 6490 6508
6038 6041 6032 6037 6042 6018 5975 5958 5949 5979 6066 6099 6068 6021 5988 5985 5981 5980 5974 5967 5961 5960 5971 5963 5975 5995 6015 6035 6053 6064 6089 6105 6108 6108 6111 6118 6128 6136 6140 6152 6165 6184 6201 6210 6218 6225 6235 6242 6250 6254 6259 6259 6257 6254 6251 6258 6254 6256 6261 6281 6302 6316 6329 6341 6352 6364 6367 6376 6390 6400 6412 6418 6426 6436 6440 6447 6445 6447 6448 6452 6465 6485 6502 6517
5994 6000 6018 6041 6038 5996 5950 5936 5944 5957 6022 6096 6097 6048 6012 6000 6000 5992 5992 5980 5964 5947 5941 5951 5975 6000 6020 6039 6059 6075 6091 6110 6117 6120 6128 6137 6144 6151 6154 6157 6173 6191 6210 6214 6218 6229 6243 6247 6257 6263 6265 6268 6270 6270 6266 6270 6269 6270 6266 6281 6304 6316 6331 6345 6359 6371 6370 6381 6396 6404 6418 6423 6432 6440 6444 6455 6460 6460 6465 6479 6488 6504 6514 6527
5929 5910 5929 5974 6045 6022 5972 5931 5928 5951 5987 6081 6119 6078 6022 6011 5999 5987 5979 5979 5973 5958 5940 5960 5987 6007 6027 6046 6068 6082 6100 6116 6133 6136 6142 6148 6157 6167 6175 6177 6175 6186 6214 6205 6209 6216 6249 6254 6262 6267 6271 6273 6276 6277 6279 6280 6281 6281 6279 6281 6306 6320 6335 6355 6362 6376 6378 6388 6401 6413 6421 6430 6435 6443 6453 6457 6467 6475 6479 6491 6486 6513 6521 6529
5894 5877 5898 5959 6030 6041 5986 5955 5947 5960 5992 6055 6097 6100 6038 6028 6021 6014 6009 5997 5985 5974 5956 5964 5992 6010 6030 6050 6070 6085 6102 6118 6138 6149 6152 6161 6173 6177 6183 6189 6192 6195 6216 6217 6214 6229 6249 6262 6266 6274 6281 6282 6283 6283 6289 6289 6293 6296 6292 6292 6311 6326 6338 6356 6365 6376 6375 6394 6408 6420 6426 6433 6441 6450 6457 6464 6467 6477 6487 6491 6499 6511 6523 6532
5897 5875 5912 5953 5999 6042 6048 6047 6044 6037 6028 6039 6070 6076 6032 6032 6028 6018 6013 6006 6004 5990 5982 5989 6003 6022 6035 6049 6071 6089 6105 6119 6135 6153 6167 6171 6178 6187 6192 6198 6201 6206 6220 6235 6237 6243 6259 6267 6274 6278 6286 6292 6294 6298 6301 6304 6308 6308 6296 6308 6326 6337 6353 6361 6371 6383 6389 6385 6413 6422 6433 6439 6446 6455 6462 6469 6478 6484 6490 6497 6507 6518 6530 6536
5888 5880 5907 5937 5962 5981 5999 6000 6021 6061 6024 6030 6057 6068 6028 6019 6019 6016 6014 6006 6003 5997 5996 6001 6019 6029 6036 6051 6069 6090 6107 6120 6137 6142 6131 6115 6130 6159 6185 6201 6205 6217 6232 6246 6253 6259 6265 6273 6278 6287 6291 6298 6296 6295 6294 6301 6308 6309 6310 6322 6331 6345 6361 6374 6385 6393 6398 6395 6418 6429 6434 6439 6451 6456 6445 6471 6482 6489 6496 6507 6516 6526 6531 6541
5911 5922 5915 5928 5940 5947 5958 5962 5967 6009 6035 6022 6042 6049 6019 6019 6015 6014 6016 6015 6013 6012 6002 6008 6032 6040 6047 6065 6076 6092 6104 6119 6137 6136 6090 6051 6068 6117 6175 6204 6218 6229 6241 6249 6257 6265 6271 6276 6284 6289 6294 6302 6302 6295 6283 6281 6287 6298 6310 6321 6341 6357 6367 6381 6393 6402 6412 6419 6416 6436 6441 6447 6447 6454 6467 6478 6488 6494 6503 6512 6523 6531 6535 6541
5971 5988 5989 5984 5984 5969 5950 5946 5947 5980 6003 6021 6048 6043 6023 6009 6007 6010 6021 6025 6025 6023 6018 6029 6039 6045 6058 6074 6085 6101 6117 6126 6144 6155 6135 6105 6118 6160 6199 6217 6228 6235 6247 6252 6262 6268 6274 6287 6292 6298 6302 6305 6289 6279 6267 6263 6261 6271 6283 6313 6338 6365 6381 6390 6399 6410 6421 6428 6433 6444 6449 6456 6453 6437 6476 6487 6494 6500 6504 6520 6526 6533 6539 6546
6017 6002 6004 6004 5959 5961 5958 5942 5931 5971 6005 6025 6040 6028 6018 6013 6007 5998 6014 6022 6031 6031 6032 6037 6043 6049 6057 6076 6088 6103 6122 6136 6150 6159 6171 6175 6177 6196 6212 6223 6234 6244 6249 6259 6268 6276 6285 6288 6295 6300 6307 6309 6298 6285 6257 6227 6224 6248 6281 6311 6342 6359 6383 6395 6405 6415 6421 6435 6440 6447 6459 6465 6472 6478 6486 6491 6501 6503 6499 6523 6530 6535 6542 6549
5981 5936 5956 6006 5985 5955 5954 5953 5936 5968 6009 6024 6028 6023 6013 6012 6015 6017 6022 6022 6026 6028 6032 6038 6043 6053 6059 6069 6091 6109 6123 6134 6147 6159 6170 6180 6182 6195 6213 6230 6241 6246 6260 6266 6273 6282 6287 6285 6293 6303 6310 6313 6311 6291 6258 6243 6239 6260 6286 6316 6342 6366 6389 6401 6412 6417 6429 6439 6443 6455 6463 6469 6476 6485 6492 6497 6505 6510 6520 6528 6531 6539 6545 6554
5989 5969 5936 5957 5965 5962 5972 5961 5953 5964 6011 6018 6025 6016 6005 6008 6005 6019 6021 6022 6026 6027 6029 6027 6037 6048 6064 6077 6092 6104 6121 6124 6120 6144 6157 6170 6186 6208 6222 6238 6250 6257 6263 6269 6279 6283 6290 6291 6293 6298 6307 6314 6308 6303 6289 6277 6282 6293 6310 6332 6355 6375 6394 6411 6418 6427 6436 6442 6452 6458 6464 6472 6479 6487 6492 6502 6506 6518 6527 6530 6536 6542 6550 6557
5996 5995 5969 5944 5928 5921 5942 5953 5943 5978 6007 6007 6020 6013 5998 6002 5998 6006 6020 6027 6024 6024 6023 6022 6026 6042 6059 6081 6094 6108 6121 6132 6138 6148 6167 6183 6201 6215 6228 6242 6253 6261 6266 6274 6280 6289 6286 6289 6285 6294 6303 6311 6313 6311 6310 6307 6316 6328 6342 6357 6371 6385 6397 6411 6424 6433 6440 6447 6455 6461 6468 6475 6484 6490 6500 6506 6515 6520 6530 6534 6539 6546 6552 6562
6034 6035 6030 5995 5962 5943 5925 5925 5930 5966 6001 6013 6007 6002 5994 5999 5997 6008 6025 6026 6029 6025 6025 6024 6035 6058 6072 6082 6100 6109 6121 6134 6143 6157 6166 6184 6199 6214 6232 6246 6257 6262 6271 6279 6283 6293 6291 6285 6275 6292 6300 6311 6316 6312 6310 6316 6334 6348 6364 6373 6382 6396 6405 6416 6428 6437 6444 6452 6460 6465 6471 6480 6487 6492 6504 6511 6519 6525 6531 6537 6543 6551 6559 6566
6016 5987 6002 6043 6008 5977 5966 5953 5936 5951 5986 5997 6001 5993 6003 6013 6015 6026 6031 6035 6036 6032 6035 6028 6023 6052 6081 6093 6104 6118 6129 6140 6151 6157 6170 6181 6194 6219 6239 6251 6260 6267 6264 6268 6284 6289 6290 6279 6269 6293 6303 6312 6314 6303 6288 6315 6350 6365 6376 6386 6391 6402 6414 6426 6433 6441 6449 6454 6462 6469 6479 6484 6494 6499 6507 6512 6519 6524 6535 6540 6549 6558 6564 6568
5994 5993 5954 5986 6017 6008 5996 5995 5989 5985 5982 5988 5987 5992 6008 6019 6027 6034 6039 6044 6043 6041 6039 6037 6048 6063 6081 6099 6114 6126 6135 6143 6149 6151 6165 6170 6181 6222 6237 6252 6264 6259 6251 6247 6258 6290 6298 6301 6300 6309 6317 6320 6319 6311 6289 6330 6363 6375 6387 6399 6405 6411 6424 6432 6436 6446 6450 6456 6466 6478 6483 6488 6494 6503 6510 6516 6520 6530 6538 6544 6550 6562 6566 6570
5923 5971 5956 5941 5957 5979 5994 5979 5965 5966 5973 5987 5998 6003 6013 6024 6031 6037 6043 6043 6041 6045 6046 6051 6057 6075 6090 6103 6114 6119 6134 6145 6154 6156 6171 6186 6202 6217 6238 6256 6265 6259 6251 6235 6257 6292 6312 6316 6322 6324 6329 6331 6336 6338 6341 6356 6370 6382 6395 6409 6413 6422 6426 6435 6441 6448 6458 6463 6471 6476 6483 6489 6495 6505 6513 6519 6524 6533 6539 6547 6559 6564 6569 6572
5914 5946 5946 5936 5933 5957 5967 5974 5956 5950 5969 5992 6004 6012 6021 6028 6033 6038 6041 6038 6036 6034 6041 6049 6059 6073 6078 6092 6106 6120 6131 6143 6157 6166 6184 6197 6209 6225 6238 6254 6264 6258 6253 6255 6275 6306 6321 6324 6330 6337 6343 6349 6348 6355 6368 6375 6382 6395 6401 6412 6415 6426 6431 6437 6447 6455 6461 6465 6474 6479 6487 6493 6500 6504 6516 6520 6529 6536 6544 6552 6562 6567 6572 6576
5936 5920 5925 5923 5919 5932 5932 5949 5950 5952 5968 5990 6008 6017 6026 6031 6036 6041 6036 6028 6023 6021 6023 6033 6045 6060 6067 6091 6110 6125 6134 6149 6160 6170 6192 6207 6222 6234 6241 6254 6268 6274 6278 6283 6298 6317 6322 6329 6334 6340 6351 6355 6361 6370 6376 6385 6391 6401 6408 6415 6418 6429 6434 6444 6452 6453 6445 6436 6462 6479 6491 6497 6504 6512 6518 6525 6534 6540 6550 6556 6565 6569 6575 6580
6009 5954 5935 5940 5939 5941 5956 5963 5964 5969 5977 5985 6007 6022 6028 6034 6039 6034 6031 6021 6009 6004 6002 6006 6033 6052 6068 6089 6105 6120 6133 6147 6159 6181 6200 6217 6231 6245 6251 6259 6271 6287 6299 6304 6313 6323 6329 6333 6333 6344 6353 6363 6370 6376 6383 6390 6397 6407 6412 6417 6424 6434 6438 6448 6455 6453 6439 6435 6468 6484 6496 6499 6506 6516 6524 6531 6537 6544 6553 6562 6567 6575 6577 6583
6079 6051 5998 5963 5971 5989 6000 5986 5989 5998 6005 6002 6010 6024 6031 6036 6036 6030 6024 6012 5998 5988 5979 5993 6013 6031 6048 6073 6098 6116 6134 6156 6176 6193 6211 6225 6240 6250 6263 6272 6280 6290 6302 6305 6318 6322 6336 6341 6343 6350 6360 6367 6373 6382 6390 6393 6400 6409 6415 6421 6432 6436 6445 6452 6457 6456 6453 6448 6474 6490 6497 6503 6511 6517 6528 6535 6541 6551 6556 6567 6571 6575 6580 6590
6060 6085 6091 6075 6088 6103 6106 6086 6058 6055 6031 6013 6022 6028 6035 6034 6036 6031 6023 6016 6000 5986 5974 5980 5997 6020 6048 6073 6098 6123 6139 6166 6185 6200 6216 6230 6243 6255 6266 6278 6288 6297 6303 6308 6316 6326 6335 6344 6352 6359 6367 6372 6379 6387 6390 6400 6407 6413 6419 6429 6432 6439 6447 6445 6445 6442 6456 6459 6480 6492 6500 6509 6516 6524 6532 6535 6546 6554 6562 6567 6575 6580 6588 6595
6003 6040 6069 6064 6073 6059 6039 6060 6075 6057 6009 6008 6024 6031 6037 6038 6038 6035 6030 6022 6017 6009 6006 6004 6012 6036 6063 6088 6108 6132 6149 6174 6192 6208 6224 6236 6250 6264 6273 6282 6288 6291 6308 6313 6319 6328 6339 6348 6356 6362 6369 6377 6383 6388 6397 6404 6410 6417 6425 6431 6437 6445 6446 6440 6433 6433 6455 6470 6490 6497 6505 6514 6519 6530 6536 6542 6551 6558 6565 6572 6576 6584 6592 6598
5959 5974 5995 5984 6003 6001 5979 5995 6022 6027 6021 6014 6025 6034 6039 6035 6035 6040 6038 6035 6037 6035 6037 6035 6038 6049 6077 6100 6124 6142 6162 6186 6206 6213 6229 6244 6252 6261 6275 6286 6294 6304 6309 6320 6333 6339 6347 6353 6359 6366 6373 6381 6385 6393 6401 6409 6415 6422 6425 6437 6440 6448 6448 6444 6446 6458 6464 6484 6497 6505 6511 6516 6526 6533 6537 6548 6553 6563 6569 6574 6580 6588 6594 6599
5991 5986 5970 5963 5983 5986 5969 5967 6005 5995 5978 6001 6019 6030 6018 6015 6041 6048 6047 6047 6046 6050 6062 6063 6072 6081 6101 6117 6132 6154 6177 6195 6211 6223 6232 6242 6251 6262 6273 6290 6304 6313 6319 6331 6336 6342 6350 6357 6363 6369 6377 6382 6391 6398 6406 6411 6416 6419 6405 6421 6443 6455 6458 6461 6454 6467 6483 6491 6505 6510 6515 6522 6531 6536 6547 6552 6562 6566 6571 6578 6585 6593 6597 6602
5994 5989 5979 5961 5955 5968 5963 5949 5989 5990 5970 5991 6003 5997 5982 6001 6035 6061 6064 6072 6078 6080 6085 6090 6100 6117 6126 6144 6156 6171 6180 6194 6211 6230 6241 6251 6261 6267 6279 6294 6308 6317 6328 6335 6339 6348 6352 6362 6367 6374 6381 6388 6396 6401 6410 6415 6422 6429 6431 6437 6449 6457 6463 6461 6456 6473 6491 6499 6509 6514 6521 6526 6536 6544 6550 6554 6561 6569 6574 6580 6588 6595 6603 6605
5975 5975 5974 5972 5949 5937 5942 5923 5948 5958 5960 5998 6000 5999 5998 6002 6041 6076 6085 6084 6086 6095 6107 6111 6119 6132 6148 6159 6176 6189 6204 6209 6219 6235 6249 6258 6266 6273 6275 6294 6307 6319 6329 6333 6339 6339 6336 6344 6354 6363 6376 6391 6399 6407 6412 6418 6427 6433 6440 6444 6451 6458 6465 6459 6463 6480 6494 6505 6510 6517 6523 6530 6537 6544 6552 6558 6564 6572 6577 6585 6591 6599 6607 6611
5925 5958 5964 5964 5953 5944 5937 5926 5944 5951 5970 5999 6021 6042 6060 6079 6087 6102 6094 6095 6097 6091 6088 6089 6097 6112 6127 6149 6171 6193 6207 6216 6223 6236 6254 6267 6275 6279 6287 6297 6312 6316 6320 6328 6327 6316 6313 6318 6322 6336 6349 6371 6389 6405 6415 6422 6431 6433 6434 6431 6438 6442 6453 6432 6464 6491 6503 6508 6513 6521 6525 6531 6540 6546 6555 6562 6570 6573 6582 6590 6596 6602 6610 6613
5977 5990 5986 5979 5977 5962 5954 5965 5971 5983 5992 6012 6027 6041 6057 6093 6115 6117 6108 6091 6071 6065 6068 6064 6072 6092 6109 6133 6154 6167 6187 6207 6232 6252 6268 6276 6282 6290 6300 6310 6319 6315 6323 6323 6309 6290 6282 6278 6283 6305 6326 6350 6376 6393 6413 6427 6434 6424 6399 6406 6414 6419 6437 6442 6477 6492 6507 6512 6518 6522 6532 6538 6543 6552 6558 6566 6573 6578 6588 6593 6599 6606 6613 6616
6088 6072 6056 6007 5985 5967 5973 5990 5994 6004 6010 6020 6042 6064 6099 6116 6108 6097 6085 6059 6055 6051 6038 6033 6039 6066 6088 6109 6130 6155 6190 6214 6234 6254 6271 6285 6294 6304 6310 6320 6322 6311 6322 6311 6297 6273 6250 6235 6245 6277 6308 6345 6373 6398 6414 6427 6438 6431 6413 6395 6377 6408 6435 6458 6481 6497 6505 6516 6523 6527 6536 6539 6546 6554 6562 6569 6576 6580 6591 6595 6603 6609 6614 6620
6090 6109 6099 6053 5993 5990 6004 6015 6027 6029 6036 6054 6088 6100 6110 6099 6081 6079 6084 6062 6049 6043 6022 5992 6000 6044 6070 6094 6122 6155 6187 6216 6236 6260 6277 6293 6300 6308 6318 6323 6327 6321 6319 6310 6291 6271 6244 6218 6224 6263 6304 6344 6377 6402 6417 6430 6442 6444 6429 6412 6404 6416 6438 6461 6482 6501 6509 6519 6527 6531 6539 6544 6551 6556 6567 6575 6580 6585 6592 6599 6606 6612 6619 6625
6046 6063 6096 6100 6057 6050 6062 6079 6088 6092 6099 6107 6106 6103 6099 6074 6066 6054 6072 6063 6056 6050 6029 6014 6020 6044 6075 6105 6133 6166 6195 6227 6251 6269 6285 6300 6309 6315 6322 6325 6332 6334 6324 6312 6301 6281 6267 6258 6257 6290 6320 6354 6379 6400 6419 6431 6445 6451 6448 6432 6433 6449 6460 6477 6489 6492 6511 6525 6526 6537 6541 6547 6555 6560 6570 6577 6583 6590 6597 6602 6608 6615 6619 6624
6032 6047 6082 6095 6095 6098 6102 6102 6103 6114 6121 6119 6105 6102 6085 6074 6056 6032 6047 6063 6070 6070 6058 6057 6063 6071 6096 6125 6152 6180 6212 6238 6263 6275 6295 6306 6314 6319 6323 6331 6340 6334 6327 6319 6308 6301 6295 6292 6304 6322 6348 6368 6389 6408 6428 6441 6450 6455 6461 6463 6464 6479 6490 6495 6504 6513 6519 6525 6535 6541 6546 6552 6558 6566 6574 6581 6586 6594 6600 6605 6612 6620 6626 6628
6009 6024 6066 6073 6086 6087 6075 6067 6076 6097 6102 6121 6125 6120 6106 6100 6078 6053 6052 6068 6095 6095 6093 6091 6095 6110 6126 6146 6167 6188 6224 6253 6272 6278 6290 6307 6318 6323 6329 6338 6341 6341 6335 6329 6320 6309 6306 6316 6331 6347 6364 6382 6394 6416 6432 6444 6450 6455 6467 6476 6482 6491 6498 6503 6508 6516 6527 6529 6538 6543 6549 6556 6561 6571 6576 6584 6591 6598 6604 6610 6616 6622 6624 6630
6002 6012 6047 6051 6062 6062 6045 6049 6062 6070 6079 6097 6109 6110 6097 6116 6123 6108 6098 6097 6113 6111 6121 6120 6125 6132 6132 6135 6145 6156 6180 6240 6284 6296 6304 6310 6319 6325 6334 6340 6339 6333 6334 6331 6316 6312 6323 6332 6343 6356 6371 6383 6401 6420 6435 6445 6451 6461 6473 6480 6487 6491 6500 6505 6509 6516 6529 6535 6543 6547 6555 6560 6563 6573 6580 6586 6595 6602 6607 6612 6620 6627 6632 6634
