3_data_analyses/maxent/chelseacur_asc/bio_9.asc
ncols         195
nrows         278
xllcorner     -122.86680578405
yllcorner     43.49152724385
cellsize      0.0083333333
NODATA_value  -9999
[rows 126 to 167 of 278, columns 94 to 187 of 195]
174 167 165 166 161 156 154 156 156 157 156 164 165 165 170 168 170 158 151 156 166 172 163 153 141 135 130 127 131 136 138 142 122 119 118 118 123 129 133 142 147 149 149 150 152 156 159 159 159 160 162 164 165 167 168 168 165 160 161 162 163 166 168 170 171 173 175 177 178 180 181 181 182 182 182 182 184 184 185 186 189 190 191 194 196 197 197 199 199 199 200 203 203 205
163 157 156 159 158 153 148 151 149 147 144 150 157 149 162 156 159 167 164 148 149 167 171 166 156 148 143 133 126 129 123 140 130 121 112 115 124 128 146 151 149 149 151 155 154 155 156 160 164 164 165 166 165 162 159 155 146 150 160 164 165 167 168 168 172 173 175 176 177 178 179 180 181 182 181 182 183 184 185 187 190 193 195 198 201 202 202 204 206 206 207 209 212 214
155 154 160 163 159 153 151 157 151 149 146 139 139 146 156 143 147 148 167 161 150 154 162 169 169 166 158 148 138 127 119 125 117 113 114 124 134 144 146 134 131 132 137 141 144 151 145 146 149 151 153 152 152 155 158 151 151 158 163 166 167 168 167 167 170 173 174 175 176 177 178 180 181 181 182 183 183 184 186 190 193 198 200 202 199 196 204 206 206 208 209 212 213 214
162 162 164 167 163 158 160 162 159 157 152 146 140 143 144 141 139 150 157 153 157 146 146 158 154 156 164 156 144 133 124 117 110 106 109 117 125 128 124 117 122 126 132 137 144 142 132 138 142 147 149 152 155 154 157 161 163 164 165 166 167 169 168 168 172 174 174 176 177 178 179 180 181 181 182 183 183 184 186 188 190 193 194 193 193 195 198 201 204 204 204 206 207 204
170 169 168 172 169 167 165 164 162 160 159 158 153 150 143 137 142 147 139 136 146 143 139 143 143 137 149 158 154 145 135 122 115 114 113 113 116 120 114 118 123 125 128 132 136 127 130 138 146 155 161 167 171 172 173 174 175 176 176 172 168 169 169 171 171 173 174 175 176 178 180 185 187 185 185 185 184 184 186 187 189 191 192 192 192 193 194 195 197 199 201 200 200 200
182 180 178 175 171 168 166 163 161 160 159 159 159 159 154 152 152 142 150 152 151 149 147 140 137 138 140 138 138 132 124 123 123 122 122 123 133 141 141 145 148 146 143 143 144 143 149 160 166 169 168 163 161 161 162 163 164 166 168 175 179 173 170 171 170 172 174 175 177 178 180 183 189 193 194 195 191 188 186 188 192 194 195 194 192 193 194 196 199 201 202 202 203 204
188 185 179 177 179 176 167 165 162 162 162 162 159 163 162 162 160 158 160 166 157 155 154 157 157 152 145 139 139 136 129 124 120 117 112 118 128 142 146 148 150 154 159 161 162 164 164 164 162 154 147 151 154 157 159 161 164 166 168 168 172 182 172 172 172 175 176 177 178 179 182 185 187 190 192 194 195 197 196 195 199 201 201 201 195 193 194 195 198 201 202 204 205 205
190 190 190 190 188 186 181 177 174 179 177 178 178 175 168 165 167 173 175 176 173 171 171 170 167 163 159 154 146 136 128 116 106 97 93 96 112 118 121 127 134 140 145 150 153 156 155 149 140 138 140 146 152 156 160 160 162 168 170 169 170 182 178 173 175 176 177 178 180 181 181 183 184 185 186 187 189 191 193 195 195 195 196 201 199 194 195 195 196 199 201 202 203 204
179 182 183 185 189 189 188 186 186 187 187 183 181 186 181 173 180 176 169 160 154 150 153 157 160 156 153 150 142 133 115 96 89 78 77 84 98 104 114 120 124 130 137 145 149 145 133 133 132 136 139 144 151 157 160 163 163 165 167 173 173 177 187 181 177 175 175 176 178 180 184 185 184 183 184 186 189 190 192 194 197 201 201 202 204 204 201 200 196 197 198 199 200 202
166 172 173 175 180 181 184 178 180 181 179 172 179 185 184 183 177 172 170 161 151 147 147 145 143 142 141 138 128 123 113 90 73 58 63 78 92 105 114 122 128 132 136 139 137 130 128 134 138 140 144 146 151 156 162 164 166 169 169 173 186 187 188 193 192 181 174 175 177 179 182 185 186 187 189 189 191 193 196 196 197 197 195 196 197 198 202 206 205 202 203 206 207 205
159 161 163 167 173 175 179 176 172 169 164 158 169 179 184 180 177 176 173 166 154 153 156 157 156 154 152 146 134 123 114 103 86 61 60 76 91 104 115 122 129 134 137 138 133 124 125 131 135 138 140 147 154 160 165 166 167 174 183 182 189 194 190 192 196 190 178 177 177 178 179 181 183 185 187 188 190 193 194 192 193 194 195 196 198 199 199 200 202 205 206 206 207 208
159 160 161 164 168 172 171 165 156 150 145 138 153 168 180 184 181 182 179 174 171 171 171 168 165 162 159 154 147 135 123 106 89 81 85 94 102 113 117 122 131 139 143 145 143 129 120 124 128 135 144 154 162 166 170 176 175 184 191 193 190 184 176 172 183 195 195 189 181 179 180 182 183 184 184 186 188 190 191 192 194 193 194 196 197 199 201 202 203 204 205 205 203 205
170 168 164 159 159 160 164 159 148 145 144 142 142 157 171 182 179 174 177 176 172 170 169 159 150 147 145 149 156 143 127 113 100 98 98 106 112 118 122 127 136 143 149 153 153 146 125 119 127 136 150 160 166 168 171 179 189 192 186 183 181 168 163 160 169 180 193 199 192 184 180 181 182 183 184 185 187 189 190 192 194 196 197 198 198 198 198 200 202 204 206 207 207 208
172 169 161 152 143 148 157 158 149 150 150 151 148 146 158 175 182 176 172 162 148 148 159 164 157 143 134 132 149 149 130 119 115 111 105 113 120 126 133 136 141 145 148 153 159 158 138 128 135 144 154 162 167 172 178 186 191 186 181 175 170 162 163 163 169 182 190 197 200 196 188 182 183 184 184 186 187 187 188 189 191 193 195 196 198 199 200 201 202 203 203 204 206 208
163 160 155 148 132 139 152 151 135 140 147 151 154 156 155 171 183 179 172 161 144 137 146 148 153 154 144 136 134 147 136 125 121 118 114 119 127 135 139 141 142 142 145 153 160 164 156 137 141 150 159 165 168 169 173 179 187 191 183 176 167 154 157 165 170 174 183 189 196 201 197 195 190 185 186 187 188 188 189 189 190 191 191 192 194 195 198 200 201 200 201 203 205 204
164 154 143 144 131 139 149 137 125 134 143 141 145 159 168 178 183 181 173 161 146 140 139 138 137 141 139 136 131 133 136 133 123 120 121 123 128 128 127 131 136 148 154 158 162 165 165 153 150 156 163 167 170 172 173 174 176 186 189 182 166 151 157 160 163 167 174 182 190 196 201 202 200 192 190 189 189 190 190 191 191 191 191 192 193 195 196 197 199 200 201 201 201 203
163 156 148 138 127 137 137 130 137 145 147 146 149 164 178 182 183 181 176 174 166 152 146 143 140 139 139 139 135 130 123 124 122 123 124 130 131 135 140 143 146 151 151 152 158 164 167 168 159 163 167 169 171 172 174 175 176 182 190 179 167 156 158 161 166 171 173 176 182 188 192 194 203 203 201 193 190 191 192 193 192 192 192 193 194 195 196 197 198 199 200 201 203 205
162 157 151 144 136 142 144 144 146 149 150 156 155 166 180 182 182 178 167 160 163 165 161 157 155 149 144 140 136 129 123 124 120 119 127 133 135 138 138 144 143 136 138 146 155 161 165 171 167 166 169 171 173 173 174 177 183 189 187 178 169 156 154 160 166 170 172 175 177 180 184 189 191 195 204 203 192 191 191 196 193 193 193 194 195 195 196 197 198 199 200 201 201 203
165 160 154 144 137 145 152 151 154 155 151 160 169 175 180 180 180 180 170 158 152 147 142 140 140 139 137 134 129 130 131 130 126 118 119 122 122 129 128 129 129 133 139 147 154 164 167 174 170 166 170 172 173 175 176 178 186 189 181 171 156 150 154 162 169 174 175 176 178 180 183 187 189 192 196 206 200 196 196 199 202 195 194 194 195 196 196 197 198 199 200 201 203 205
165 158 153 146 141 147 147 151 157 161 160 163 174 177 171 171 178 180 179 167 153 148 143 140 136 135 134 137 140 141 139 135 128 122 117 124 129 131 136 138 139 141 143 149 156 164 170 176 176 172 169 172 173 174 177 178 187 186 178 161 147 150 158 164 170 173 177 181 184 186 188 192 194 197 200 203 205 202 207 207 208 207 207 205 205 206 204 200 199 199 199 200 203 207
159 158 157 153 149 148 150 151 155 160 169 172 176 165 162 164 170 178 179 177 172 165 158 155 150 152 151 151 147 141 137 132 127 121 121 129 136 141 147 151 153 153 156 159 159 161 169 175 178 178 171 174 174 176 180 186 186 176 170 157 152 154 161 167 172 177 182 184 187 189 191 192 192 196 200 202 206 207 206 202 202 202 203 207 209 210 211 210 208 209 209 207 210 210
154 157 160 161 158 157 159 161 163 166 169 172 175 166 160 159 160 164 172 173 175 172 167 163 159 155 152 150 145 139 135 131 126 119 120 129 135 140 145 148 152 157 160 162 166 167 171 174 176 180 179 179 180 183 185 188 180 172 159 151 154 159 164 171 177 180 181 182 185 187 189 192 194 193 194 198 202 201 202 198 197 199 201 199 198 200 201 199 198 200 207 205 206 204
151 156 157 157 160 163 164 165 167 171 173 168 161 160 159 158 156 154 154 158 166 168 166 165 162 156 152 148 145 141 135 128 119 116 120 129 131 132 132 135 140 146 152 156 159 164 167 170 175 180 183 184 185 186 187 188 180 169 155 153 155 159 164 170 172 174 176 180 179 180 182 181 185 191 194 196 195 195 196 198 200 198 195 194 196 197 199 201 202 203 202 200 202 202
143 145 149 151 155 156 157 162 165 168 168 165 160 158 158 157 154 151 148 150 152 156 151 150 153 154 153 150 141 138 135 131 124 118 121 128 125 126 130 135 142 149 156 160 161 165 171 174 175 176 178 182 185 186 187 187 181 168 154 155 156 159 163 166 169 171 172 173 174 175 177 180 185 188 189 191 192 193 195 199 195 192 192 195 195 199 198 198 198 199 200 200 200 200
151 146 144 147 153 157 160 160 157 162 170 164 160 158 157 155 151 148 145 146 150 151 147 142 142 149 155 155 149 138 135 131 126 119 126 134 138 137 138 142 146 152 156 161 163 165 170 174 178 179 180 182 184 184 183 187 182 165 155 157 157 160 163 166 168 170 173 174 175 177 178 179 181 182 185 189 194 198 198 193 191 192 194 195 196 197 196 196 197 198 199 200 200 200
156 155 151 147 150 155 153 150 154 160 169 161 160 159 156 153 148 144 142 144 146 146 143 137 137 145 150 154 153 141 129 126 121 123 126 129 133 139 145 150 152 155 158 162 168 168 170 174 179 181 182 182 181 182 185 187 179 161 154 155 157 160 163 165 167 169 171 175 177 178 179 180 182 183 187 193 195 197 191 190 192 193 193 193 194 195 196 197 198 198 199 200 200 201
162 160 157 151 153 154 148 150 153 159 170 161 158 157 154 151 145 138 137 141 142 142 138 134 133 142 145 150 150 146 132 124 124 128 132 136 137 138 140 145 152 159 163 167 171 174 175 176 179 180 178 176 178 181 187 184 169 154 154 157 160 165 169 171 174 175 177 177 176 176 179 183 184 184 188 193 195 191 189 190 191 191 192 193 194 196 197 197 198 198 199 199 201 203
164 162 161 160 159 159 155 154 158 163 170 162 158 156 154 150 144 136 131 134 134 135 134 129 130 136 141 147 146 146 137 128 129 137 139 142 144 144 146 150 156 163 168 170 173 175 177 178 180 180 178 175 178 182 187 182 162 151 153 157 160 162 166 169 170 172 174 177 180 182 184 186 187 189 189 189 188 188 189 189 190 191 192 193 195 196 197 197 198 199 199 199 200 202
154 151 148 154 154 159 160 160 162 165 169 162 159 156 153 150 146 140 133 133 135 132 129 126 127 135 140 141 140 139 137 133 131 135 140 146 150 154 155 156 157 165 173 175 176 178 179 180 181 181 181 177 176 182 187 180 160 153 153 157 160 163 167 171 174 176 178 178 179 185 183 182 184 185 185 186 187 188 188 189 190 191 192 193 195 196 197 197 198 199 199 199 200 205
143 136 143 150 154 154 154 156 160 164 167 162 158 156 154 151 148 146 145 145 141 137 134 130 130 134 136 136 135 133 132 132 135 137 138 141 144 147 151 157 162 165 173 177 178 179 181 181 182 183 183 183 181 180 187 181 161 153 155 158 161 164 166 170 172 174 176 178 180 183 180 181 182 184 185 186 186 187 188 189 190 191 192 193 195 196 197 198 198 198 198 199 201 208
136 139 144 143 147 151 154 155 156 162 164 161 161 160 157 156 155 153 150 146 140 136 131 132 136 132 131 130 129 126 127 132 136 141 145 150 154 157 160 162 164 167 172 177 178 180 181 182 183 183 184 185 185 182 186 182 164 153 156 157 161 163 166 169 172 174 177 179 180 179 177 176 176 178 179 181 183 186 188 189 190 191 192 193 194 196 197 198 198 198 198 201 207 200
133 143 154 152 154 159 160 155 155 161 162 162 162 161 159 157 157 153 150 147 143 138 137 138 135 130 125 122 120 122 130 131 132 135 139 141 146 151 157 161 165 171 175 177 178 179 181 182 183 184 184 185 186 184 184 182 169 153 156 159 162 165 168 170 172 175 177 179 178 176 173 169 166 167 170 176 181 185 188 190 191 192 192 193 194 196 197 197 198 198 201 206 199 200
147 150 150 158 160 160 160 161 159 160 160 160 159 158 156 155 153 151 147 145 143 142 141 140 136 132 126 117 114 124 124 120 127 133 138 142 150 156 161 164 167 171 174 176 178 180 180 182 182 183 184 185 185 184 183 181 170 154 154 157 161 165 168 170 173 175 178 178 176 173 168 163 160 161 166 172 180 184 187 189 191 192 193 194 195 196 197 198 199 202 204 204 198 202
147 149 153 158 158 156 160 162 161 160 160 159 157 156 154 152 150 148 145 142 138 138 137 137 136 133 127 119 105 116 116 118 128 135 142 148 154 160 165 169 172 174 176 177 179 179 179 182 183 184 184 185 185 185 184 181 171 153 153 156 160 164 168 171 173 176 176 177 176 174 168 163 160 162 168 176 182 187 189 191 192 193 194 195 195 196 197 198 199 200 202 203 198 204
146 148 154 152 146 149 156 158 161 161 160 159 159 158 156 152 148 145 142 138 134 131 131 132 132 130 126 119 111 119 128 129 132 140 146 150 152 156 160 166 171 173 176 177 178 178 181 182 183 183 184 185 185 184 184 181 173 154 155 157 161 165 169 171 172 173 173 175 177 176 173 168 164 166 171 179 186 189 191 192 193 194 195 196 196 196 196 197 198 199 204 199 198 203
134 139 142 144 147 151 157 159 162 161 163 161 161 160 157 153 149 145 141 137 131 125 127 131 134 132 128 123 122 128 134 137 140 143 147 149 152 155 160 164 167 170 174 178 178 180 181 182 183 183 184 184 185 184 182 180 172 156 156 159 161 165 166 169 170 171 171 171 174 178 178 176 174 174 179 184 188 191 192 193 193 194 195 196 195 196 197 198 199 205 202 199 199 199
145 152 152 152 151 154 159 164 165 163 163 164 162 161 158 155 150 146 142 138 135 134 134 135 135 136 131 129 128 135 139 142 149 151 153 157 161 164 165 165 167 170 173 176 178 180 181 182 183 183 184 184 185 184 182 176 172 158 158 162 162 164 165 166 167 167 168 168 171 177 181 182 183 183 185 188 190 192 193 193 193 194 197 199 199 199 200 199 203 201 203 203 201 199
139 150 154 158 161 160 159 163 166 166 166 166 164 162 160 156 153 150 146 143 143 140 142 140 137 140 138 135 130 132 138 142 146 147 152 156 157 158 159 160 165 172 177 178 179 180 181 182 183 183 184 185 185 185 183 174 171 163 163 165 165 167 168 166 163 162 163 164 168 173 179 183 185 187 188 190 191 192 192 193 193 196 198 199 199 199 198 200 204 201 199 202 204 199
137 142 149 155 158 162 163 162 166 168 168 167 165 162 161 160 161 160 157 151 154 154 150 145 145 145 141 137 136 135 141 146 147 149 152 153 153 154 155 161 168 173 175 176 178 180 181 182 183 183 184 184 184 185 183 174 171 167 167 170 170 170 170 167 163 161 162 163 167 173 179 183 186 188 189 191 192 192 192 193 194 197 197 197 197 199 202 203 203 200 199 204 203 201
150 153 155 156 157 158 161 165 167 168 167 166 164 163 162 161 161 160 158 153 154 155 155 155 153 147 143 142 142 141 141 146 146 148 149 148 149 152 157 163 165 168 172 174 176 179 180 181 182 183 183 184 183 182 180 177 172 170 169 172 173 173 173 171 168 166 166 167 170 177 181 184 186 188 189 190 191 192 194 194 195 196 197 200 202 202 201 201 200 198 201 202 205 204
136 144 153 158 160 161 160 163 166 167 168 167 165 163 160 156 152 156 154 152 149 144 143 147 150 145 145 145 145 146 148 150 153 154 156 157 156 157 162 169 173 173 172 170 175 177 179 180 181 181 179 176 172 173 173 173 172 172 170 172 175 174 175 175 173 172 172 174 177 180 183 185 187 188 190 191 192 193 195 195 196 197 198 201 198 198 199 199 197 199 201 202 203 204
150 157 164 167 168 168 167 165 166 168 169 168 165 163 160 157 154 152 151 151 150 146 144 143 143 146 146 145 144 146 148 149 152 155 159 164 168 171 171 169 169 169 168 170 175 177 178 179 179 178 170 162 157 158 160 165 168 172 175 174 175 176 176 177 177 176 177 178 180 183 185 185 187 189 190 191 191 192 193 194 194 196 199 197 196 198 199 197 197 200 201 201 202 202
