3_data_analyses/maxent/chelseacur_asc/bio_17.asc
ncols         195
nrows         278
xllcorner     -122.86680578405
yllcorner     43.49152724385
cellsize      0.0083333333
NODATA_value  -9999
[rows 162 to 215 of 278, columns 0 to 95 of 195]
63 68 71 71 68 63 55 50 52 53 58 65 73 76 76 74 73 73 71 71 74 79 82 84 85 84 84 81 76 71 68 66 63 63 61 58 55 53 53 55 58 61 69 75 79 80 80 82 85 88 90 95 98 101 101 98 96 96 98 96 88 82 82 87 95 103 106 109 104 98 95 87 77 72 72 77 91 104 111 111 104 96 91 85 75 67 72 85 98 106 111 114 115 112 101 88
68 68 66 63 60 55 50 47 50 52 55 65 73 78 79 78 76 76 76 76 76 79 84 84 84 81 76 71 66 63 61 61 58 56 56 56 55 56 61 66 71 74 80 85 85 87 87 87 90 95 98 98 98 98 96 90 85 82 85 82 80 85 93 100 103 106 109 109 101 92 82 74 66 64 67 78 93 106 111 112 109 104 96 85 72 67 72 83 91 101 107 112 114 109 99 85
68 63 58 53 50 47 47 47 50 50 53 60 68 74 76 76 76 76 76 76 76 79 82 82 79 71 66 60 58 55 56 55 55 56 61 63 66 69 74 77 79 82 85 87 88 90 90 93 96 98 96 95 90 87 82 77 71 69 71 79 87 96 103 106 106 106 106 103 93 82 74 66 61 61 67 83 96 106 109 109 106 99 91 80 72 69 77 88 94 99 104 109 112 109 99 86
63 57 52 47 45 45 47 50 50 50 52 55 63 66 68 71 71 68 66 66 68 71 74 71 66 61 58 55 53 53 55 58 63 68 74 76 77 79 76 74 72 74 77 80 82 88 93 95 96 93 85 79 74 69 66 66 64 66 74 88 98 103 103 101 95 93 96 93 82 74 69 64 59 61 72 87 98 101 101 98 93 88 85 80 72 72 83 96 101 101 104 109 112 109 99 85
60 55 50 47 45 47 50 55 55 55 53 55 55 60 63 65 60 57 55 53 56 58 58 58 55 53 53 53 53 53 58 63 71 76 74 71 69 68 66 63 61 64 69 74 76 79 85 88 88 80 69 64 61 61 64 66 69 72 82 93 98 100 96 87 77 77 80 79 69 64 63 61 59 66 80 92 93 88 82 82 83 88 90 90 85 83 94 104 109 107 109 112 112 106 96 83
65 58 50 47 48 53 58 61 63 60 58 55 55 58 60 60 55 52 52 52 53 53 53 53 53 55 56 58 58 61 63 66 68 68 63 58 58 58 58 58 58 61 69 71 66 66 69 72 72 67 61 56 56 61 69 74 74 74 75 79 82 85 79 69 64 64 64 64 61 58 58 58 64 75 87 90 82 74 71 77 88 98 106 104 101 101 106 112 112 112 112 109 101 91 81 75
70 63 53 50 52 58 63 68 66 63 58 58 56 56 56 55 53 53 55 57 60 60 61 61 61 63 66 71 71 71 71 68 63 61 60 61 61 63 63 61 58 59 63 63 58 56 56 59 61 59 56 56 59 64 69 72 69 66 64 66 67 69 66 61 61 61 61 61 61 61 64 66 72 79 82 77 69 69 77 90 101 107 109 106 106 109 112 112 109 106 101 94 83 75 73 73
68 63 55 50 50 55 61 66 63 58 55 55 55 55 55 55 55 58 62 65 68 71 71 71 71 68 71 76 79 81 79 74 71 69 71 74 76 77 74 68 61 58 58 58 58 58 59 61 61 61 61 63 64 67 69 70 72 74 74 77 77 77 77 77 77 77 77 77 79 82 85 82 82 77 69 66 69 82 93 101 106 106 103 98 98 104 109 109 106 99 88 80 77 83 88 89
62 60 52 47 45 47 53 58 58 55 52 50 53 55 58 58 61 63 68 71 73 76 78 78 74 68 68 71 79 84 84 81 79 79 81 84 87 87 84 76 66 63 66 71 73 74 74 74 77 79 77 74 72 72 74 79 82 85 90 93 96 98 98 98 98 98 98 98 100 101 103 101 95 84 69 64 72 87 98 101 98 95 90 87 90 98 106 109 109 101 91 85 91 101 105 99
57 55 52 47 44 44 47 53 55 53 50 48 50 53 58 63 66 68 71 71 73 76 76 78 76 71 65 68 76 81 81 79 76 76 79 84 87 87 84 76 74 76 82 87 89 90 90 87 89 90 90 87 81 79 79 82 79 82 90 98 101 103 106 106 106 106 106 106 106 108 109 108 103 90 74 66 69 79 90 92 93 93 93 90 93 98 103 109 109 106 101 101 107 110 104 91
52 52 47 45 42 42 45 50 50 50 47 47 48 50 55 61 66 71 73 73 73 73 76 76 76 74 71 71 76 76 74 71 71 71 74 79 84 85 84 82 82 87 92 95 95 95 95 92 92 95 95 95 92 89 87 87 79 79 87 98 101 104 106 106 108 109 109 109 109 109 109 106 98 87 74 69 69 72 79 90 98 103 106 104 101 101 104 106 103 101 101 104 107 104 91 78
47 47 45 44 44 44 45 47 48 47 47 47 47 50 53 58 66 71 76 76 74 74 76 79 81 79 76 76 79 76 71 70 73 76 79 84 87 89 90 90 90 90 92 93 95 95 95 95 95 95 97 98 98 97 95 92 84 77 82 92 100 103 106 106 106 106 106 108 109 109 109 101 90 80 74 75 77 75 80 92 103 109 111 109 106 104 106 106 104 98 93 93 93 88 78 70
52 49 47 47 49 50 52 52 50 50 47 47 48 50 55 61 68 74 79 81 79 79 79 82 84 82 81 81 81 79 76 73 76 79 84 87 92 92 95 95 92 92 90 92 92 93 95 95 95 97 98 98 100 100 98 95 85 74 72 82 95 103 104 103 98 98 98 101 103 104 103 98 90 80 77 82 87 85 85 93 104 109 111 109 106 104 106 109 109 103 93 82 77 74 69 65
57 54 49 49 54 60 60 60 58 55 52 50 52 55 58 66 73 79 81 82 82 81 84 84 84 84 81 82 84 84 82 79 79 79 84 87 90 92 93 95 95 92 92 92 92 92 95 95 98 98 98 100 100 100 98 90 80 71 64 69 82 95 100 95 87 85 87 92 95 95 95 98 98 93 88 90 91 86 83 91 103 109 111 111 109 106 104 104 104 106 99 90 82 75 72 67
62 55 49 49 57 65 68 68 65 62 60 58 55 57 60 68 73 79 81 84 84 84 84 84 84 84 84 84 86 86 84 84 84 84 87 87 87 87 89 92 92 92 92 95 95 95 95 98 98 100 100 100 101 98 92 82 74 67 61 61 69 84 90 87 84 84 90 95 98 98 95 98 104 104 101 93 86 80 80 90 101 109 109 109 106 101 96 91 91 96 102 101 96 91 85 80
60 52 47 49 55 63 70 70 68 68 68 65 63 60 60 65 71 76 79 81 81 82 84 84 84 84 84 86 87 87 87 89 90 92 92 90 87 84 84 86 84 84 89 93 95 98 98 98 100 100 101 101 100 93 84 74 66 64 59 58 64 77 84 84 87 95 100 103 106 106 103 103 106 106 98 85 75 72 78 91 99 101 101 99 93 88 85 80 77 83 96 104 104 96 88 78
62 55 50 52 57 63 68 71 71 73 73 71 68 65 65 65 68 70 73 73 75 76 79 81 82 84 84 86 87 89 90 92 92 95 95 92 87 84 84 84 78 78 84 89 92 95 95 97 100 100 103 101 98 87 77 69 64 61 58 59 69 82 87 84 90 98 103 103 106 108 108 106 103 95 82 72 67 69 78 86 88 85 83 80 75 77 80 77 69 74 88 102 104 94 80 70
63 57 55 55 58 62 65 70 71 73 73 73 73 71 70 70 68 68 67 65 65 65 68 71 76 81 81 81 84 87 87 87 92 95 95 92 87 87 89 87 81 79 81 84 84 86 87 92 97 98 98 98 93 84 74 66 64 61 58 63 77 90 90 83 85 93 98 100 105 106 106 101 92 80 71 66 63 66 72 77 75 69 66 64 67 75 80 75 67 67 78 93 99 93 80 67
63 58 55 55 57 60 63 68 70 73 73 76 76 76 76 76 75 73 70 65 63 62 60 62 65 71 71 69 74 76 74 76 84 92 92 92 92 92 92 89 84 84 87 86 81 81 83 86 89 87 89 87 87 85 77 69 64 61 59 64 82 95 93 85 82 87 95 100 103 105 100 90 79 74 69 64 61 61 67 72 69 64 61 61 67 77 80 75 69 64 67 77 88 91 80 69
60 55 53 53 55 55 60 68 73 73 76 78 78 78 78 79 79 79 76 75 73 70 67 65 65 68 65 61 61 61 59 64 77 87 90 90 92 92 90 87 87 90 92 89 86 84 81 78 79 81 81 84 87 92 87 77 69 64 61 67 82 96 98 93 88 90 98 103 103 101 92 79 74 76 74 66 61 59 64 69 66 61 59 64 72 85 90 88 80 69 62 64 77 85 78 67
55 52 52 50 50 53 60 68 73 76 76 76 76 76 76 78 79 81 81 81 81 78 75 75 76 76 73 68 63 58 56 61 71 79 81 81 81 82 79 79 87 90 87 87 87 84 79 76 81 86 89 92 95 98 95 84 72 69 69 74 85 98 101 98 95 96 103 105 106 100 87 73 69 74 74 66 61 58 61 64 61 61 64 74 88 96 101 101 88 75 64 59 66 72 72 64
50 50 47 47 47 50 55 63 68 70 70 68 65 65 65 66 71 74 76 79 81 81 81 81 84 84 84 81 73 68 65 65 65 68 68 68 71 69 66 71 77 77 72 71 74 75 74 80 90 95 97 97 95 92 89 81 74 77 82 87 91 98 101 101 98 101 103 106 105 98 87 74 66 66 64 63 61 61 58 59 61 64 74 90 98 104 107 104 90 75 64 59 59 62 64 61
47 45 45 45 45 47 48 50 53 57 58 55 52 52 52 53 57 60 65 71 78 81 81 81 84 86 86 84 81 78 76 73 68 65 63 63 63 61 61 63 66 64 59 59 61 64 69 82 95 98 98 92 84 79 74 71 74 87 93 95 93 95 98 101 101 103 101 100 95 87 79 72 69 63 58 58 61 61 56 58 64 72 85 93 99 104 106 104 91 77 69 67 67 64 61 59
42 44 45 44 45 45 45 44 45 47 47 47 47 47 50 50 52 53 55 63 71 73 71 74 79 84 87 86 84 84 83 81 81 78 73 68 65 65 63 61 60 58 56 56 58 59 67 82 92 95 90 79 69 63 63 66 76 89 92 87 82 80 85 90 95 95 87 82 77 72 69 69 72 66 58 56 58 58 58 64 74 82 87 93 96 101 106 106 96 85 80 80 75 69 62 56
42 44 45 44 44 44 42 42 42 44 45 47 50 52 57 60 60 60 60 60 63 63 63 68 76 84 87 87 87 84 84 87 89 89 84 81 78 81 78 73 65 63 58 56 58 61 71 82 85 82 74 66 61 58 58 64 76 86 84 74 66 66 72 85 93 85 71 66 66 64 63 69 74 69 58 55 56 58 64 71 76 79 85 90 96 101 104 106 101 96 90 83 75 67 61 56
42 42 45 45 44 42 42 42 42 45 47 53 60 65 71 73 73 73 71 65 60 58 63 71 79 84 86 84 81 79 82 87 92 92 89 86 84 89 89 86 81 78 70 63 60 65 71 76 74 67 61 59 56 55 55 61 68 74 74 66 61 66 79 93 97 82 66 61 61 61 58 64 71 66 58 55 56 61 66 68 66 72 85 93 96 96 98 101 104 101 96 86 77 69 62 56
42 42 44 47 44 42 42 42 45 50 55 63 68 73 76 79 81 81 78 71 63 60 66 73 78 79 78 74 69 69 74 84 90 92 90 87 84 87 89 89 89 89 81 70 65 70 73 73 71 63 60 58 58 56 58 61 64 66 69 71 71 79 92 100 100 87 74 69 64 58 56 58 61 58 55 55 58 61 61 61 63 71 82 87 87 87 93 98 101 101 101 96 83 70 62 56
42 41 42 44 44 42 44 49 55 58 65 70 73 76 78 79 81 81 76 71 65 65 68 70 73 73 73 71 71 71 76 84 89 92 90 82 77 77 79 84 87 84 76 69 71 78 84 84 83 78 73 73 71 71 74 76 77 80 84 87 90 95 100 100 97 87 79 74 67 61 56 53 55 53 53 56 59 63 67 72 75 80 82 85 87 92 98 101 101 101 101 99 83 67 59 56
41 39 39 42 42 42 47 57 63 65 65 68 71 74 76 76 76 78 76 68 66 66 68 68 73 78 81 81 81 84 86 89 90 90 84 76 66 63 64 74 79 74 66 63 69 79 87 87 86 84 84 84 84 87 89 90 92 95 97 98 100 98 95 92 85 76 69 66 63 58 56 53 53 53 58 64 71 77 85 90 93 95 93 93 96 101 104 106 104 101 101 99 85 70 64 57
39 39 39 39 39 42 50 57 60 60 58 60 66 71 71 68 68 73 73 68 63 63 66 68 74 81 84 86 87 89 89 92 92 87 79 66 60 56 56 66 76 71 61 58 61 69 74 74 71 73 74 76 79 82 86 89 95 98 100 100 98 92 82 76 71 66 63 60 58 58 55 53 53 58 66 77 82 87 93 98 101 101 101 101 101 101 104 106 104 98 94 93 83 72 64 59
39 39 39 39 42 44 50 52 52 50 50 55 60 65 65 60 60 65 65 60 58 58 61 66 74 81 84 87 89 89 87 87 86 81 71 61 55 53 53 63 72 69 58 53 53 58 61 61 58 63 66 66 66 68 71 79 89 97 98 95 89 79 69 63 61 61 58 58 56 58 56 53 53 61 72 80 79 79 85 92 93 90 90 93 93 90 93 96 93 85 80 75 69 64 61 59
39 39 39 39 42 45 47 49 47 49 52 53 55 57 57 55 55 58 57 53 53 53 56 61 71 79 84 87 87 84 79 74 74 73 68 60 55 52 52 58 66 63 56 53 50 53 56 58 61 66 69 64 58 58 66 79 92 95 92 82 74 66 63 58 56 56 56 55 55 56 56 53 53 61 71 72 66 63 66 72 71 69 72 77 74 69 70 72 72 67 61 59 56 56 54 54
39 39 39 42 44 47 49 50 52 55 60 60 60 58 57 55 55 58 57 57 58 60 63 66 71 77 82 81 79 71 66 61 63 68 66 60 55 53 50 53 58 55 53 50 53 56 61 66 69 69 66 58 56 63 77 87 95 95 87 71 63 58 58 55 53 53 53 53 53 53 53 53 56 61 64 61 56 53 55 56 56 56 58 59 59 56 56 56 56 56 53 53 53 53 53 51
39 39 39 42 47 50 53 55 60 63 68 68 68 68 66 65 65 66 68 68 71 73 74 76 76 79 79 74 66 60 55 53 55 63 63 58 55 52 50 50 50 50 50 50 53 56 61 63 63 61 58 56 61 71 82 87 87 84 74 64 58 56 53 53 53 53 53 53 53 51 53 55 58 61 58 53 53 53 53 53 53 53 53 53 53 53 53 56 56 56 54 54 56 59 59 59
39 42 44 47 52 55 58 60 63 68 71 73 73 73 73 73 73 76 76 76 79 79 81 81 81 81 79 68 58 53 50 50 50 55 60 58 53 50 50 48 50 50 53 53 55 56 58 61 63 66 66 66 69 74 82 84 77 71 61 56 55 55 53 50 51 53 53 53 53 50 51 53 56 55 53 53 53 56 61 61 58 56 56 56 56 59 61 64 64 64 64 64 67 69 72 72
45 49 52 55 57 60 63 66 68 68 71 73 76 76 76 76 78 79 79 79 79 79 79 79 79 79 74 63 55 50 48 48 48 50 55 55 53 50 48 48 50 53 56 60 63 66 68 71 76 81 84 82 79 79 84 84 74 63 55 53 51 50 50 50 53 53 53 53 53 50 53 53 53 53 55 58 64 71 77 77 71 64 64 66 69 72 72 74 72 72 70 70 72 75 78 78
55 58 60 62 63 65 68 71 71 71 73 73 76 76 76 78 78 79 78 76 71 70 71 71 71 71 68 60 52 48 47 47 47 47 48 50 48 48 48 48 53 60 66 71 74 74 76 76 77 82 87 89 87 84 87 87 77 63 53 50 50 50 50 50 53 53 53 53 56 58 61 61 58 58 63 71 79 85 90 90 85 80 80 82 85 85 85 82 82 79 77 75 75 77 78 78
58 60 62 62 63 65 68 71 71 71 73 73 74 76 76 76 76 73 68 63 58 58 60 60 60 58 58 55 50 47 45 45 47 47 48 48 48 48 50 50 58 66 71 71 69 66 66 66 69 77 84 87 87 85 84 79 71 58 50 50 51 55 58 58 58 61 63 66 71 77 79 77 69 61 66 77 85 92 95 95 95 95 93 95 95 93 93 93 93 91 90 88 88 88 86 80
58 55 55 53 55 55 60 63 65 65 66 68 71 73 76 76 71 65 58 55 50 50 52 53 52 50 50 50 47 45 45 47 50 53 55 55 53 53 53 53 58 63 63 58 56 53 53 58 66 76 76 76 77 77 74 66 58 53 50 53 58 69 74 74 74 77 79 82 87 90 90 87 77 64 66 77 85 92 95 98 98 101 101 101 98 98 98 98 99 99 98 94 93 96 94 88
55 49 45 44 44 47 50 52 55 58 60 63 68 73 73 71 65 58 53 52 50 47 47 48 47 47 47 45 45 45 47 50 58 63 66 66 63 63 60 55 55 58 60 58 58 58 55 56 63 68 64 61 63 63 58 53 50 50 50 55 66 77 82 84 84 85 89 92 93 95 95 87 75 64 63 69 82 90 93 95 96 98 98 98 98 98 99 101 101 101 99 96 96 99 99 94
52 45 42 42 42 44 47 52 57 60 63 68 71 73 71 65 58 53 50 50 50 47 45 45 45 45 45 45 45 48 53 58 66 71 74 71 68 69 66 58 58 66 71 74 74 74 68 58 55 55 53 53 53 53 50 50 53 58 58 58 63 69 76 77 77 82 90 95 98 98 95 87 77 66 61 64 72 84 90 90 90 88 88 90 93 96 98 98 99 99 99 96 97 99 97 89
49 42 39 42 44 50 57 63 65 68 70 71 71 68 63 55 52 47 45 45 47 45 44 42 45 45 47 50 53 58 63 66 71 76 77 74 72 72 69 63 66 74 76 79 82 84 79 69 56 53 53 53 53 53 53 58 64 71 72 69 63 61 63 66 69 82 92 98 98 98 95 88 79 69 61 58 64 77 88 90 90 87 85 84 85 88 88 88 88 88 88 89 94 96 91 83
42 39 39 44 50 60 65 68 70 71 71 68 65 60 53 47 45 45 42 42 42 42 44 45 47 50 55 58 63 68 71 74 76 79 81 79 79 76 69 66 74 77 76 76 79 84 84 77 66 61 61 63 61 63 66 69 71 76 79 77 72 64 61 63 72 85 92 95 98 98 95 87 77 67 61 56 59 72 87 93 95 95 90 87 87 87 85 80 78 77 75 75 81 86 86 81
39 39 44 50 57 63 65 68 66 65 63 58 52 49 45 42 42 42 42 44 47 50 50 55 58 61 64 68 71 74 76 79 82 82 84 84 82 77 69 69 77 79 76 76 77 79 82 82 74 69 71 69 66 68 76 79 77 74 74 79 79 74 69 66 71 82 88 92 93 93 90 80 71 64 58 53 56 69 85 91 95 96 96 95 93 93 93 88 85 83 78 75 78 83 88 86
39 42 49 55 60 60 60 58 55 55 50 47 44 42 42 42 42 45 47 52 58 61 65 68 69 71 74 74 76 77 79 82 84 84 85 85 82 77 69 71 79 82 81 79 79 77 82 84 80 76 72 66 61 64 76 84 82 74 71 76 84 85 82 72 67 74 85 87 90 90 87 77 66 61 56 51 53 67 83 90 93 96 96 96 96 98 98 96 96 94 88 83 86 91 94 94
42 45 50 52 52 52 50 47 45 44 42 42 42 42 45 47 50 55 58 63 68 71 74 76 76 77 79 79 79 79 81 82 84 85 84 82 77 72 69 74 82 85 85 82 77 74 79 85 82 74 66 58 58 63 72 80 82 74 71 76 84 87 82 72 66 74 85 88 90 90 87 79 69 61 55 51 53 66 82 91 95 96 96 96 96 96 98 98 96 94 88 86 89 94 97 97
39 42 44 44 44 42 42 42 42 42 42 44 47 50 55 60 63 66 68 71 73 76 79 79 79 81 82 82 82 82 82 82 82 82 77 71 66 63 64 69 79 85 85 82 74 74 79 82 79 68 60 61 64 66 67 76 80 77 77 80 85 85 79 69 71 82 88 90 92 93 90 85 77 66 58 51 51 61 77 90 96 96 96 96 96 96 96 96 96 91 86 86 91 94 94 94
42 42 42 42 42 42 44 44 44 45 47 53 58 63 66 70 71 73 74 76 76 78 79 79 79 79 82 82 82 79 79 76 74 71 66 60 56 55 56 61 71 79 80 79 77 77 82 82 74 64 63 71 74 72 71 77 82 84 85 85 85 82 72 66 74 85 90 90 90 93 93 93 87 74 61 53 51 56 70 85 93 94 94 93 88 85 85 83 83 81 81 83 83 86 86 84
49 50 49 49 50 52 52 55 55 55 58 63 66 70 71 73 74 76 76 76 76 76 74 71 69 71 76 76 74 71 66 63 58 56 55 53 53 53 58 61 68 74 77 79 82 84 84 79 71 66 72 79 82 80 79 82 85 87 87 82 77 72 66 64 72 82 87 88 88 90 93 93 88 77 63 53 51 53 62 75 83 85 83 78 72 67 67 64 64 67 70 70 70 70 75 81
60 60 57 57 58 60 63 63 63 63 65 68 71 71 73 74 76 76 76 74 71 68 63 60 58 60 63 63 63 61 55 53 50 50 50 50 53 60 66 71 74 79 82 82 85 85 79 72 67 70 77 82 80 79 77 79 84 87 85 80 74 72 71 71 74 80 82 85 88 90 93 93 88 74 64 56 53 51 53 61 69 72 70 67 62 61 61 62 61 61 62 62 62 65 75 86
65 63 62 62 63 65 66 68 68 68 68 71 71 73 73 74 73 69 66 65 63 58 55 53 52 52 53 58 60 58 51 48 48 47 48 51 58 66 74 77 80 82 80 80 82 79 69 61 61 67 72 69 66 64 64 69 80 85 85 82 80 82 82 82 82 82 80 82 88 93 93 93 88 80 69 61 56 53 51 53 58 64 69 69 69 70 74 75 75 70 64 62 65 72 81 89
63 63 63 63 65 65 68 68 68 68 68 68 71 71 71 71 68 60 55 55 55 55 53 50 48 47 50 55 60 55 50 45 47 50 53 59 66 74 77 79 79 74 69 66 69 71 64 56 56 58 59 56 53 53 59 69 80 85 82 77 79 83 85 87 87 83 77 77 85 91 93 93 91 83 72 64 58 53 53 54 56 62 69 75 80 83 85 88 86 83 75 70 70 75 83 89
60 58 58 60 63 65 68 68 65 65 63 63 65 68 68 66 63 57 50 50 52 55 52 48 45 45 47 53 53 50 48 48 53 58 64 67 72 77 77 77 69 61 56 53 58 66 67 61 53 50 48 48 51 56 67 77 82 80 72 66 69 77 85 87 88 82 75 75 83 88 91 93 93 85 72 61 58 56 59 64 64 59 59 67 77 83 85 88 89 89 86 78 73 73 81 86
55 52 52 55 60 63 65 60 57 55 55 55 60 65 65 63 60 53 47 47 47 48 47 45 45 45 48 53 53 53 55 58 63 66 69 72 72 72 72 66 58 53 50 48 55 66 71 61 51 48 48 51 58 67 75 80 75 67 59 56 59 69 77 80 83 82 77 77 85 88 90 91 93 86 72 64 62 67 72 75 67 54 51 59 72 81 85 86 89 91 91 86 76 73 76 81
